HitRate: 348208/3000000 0.116069
CumReqs: 3000000
CumProbs: 0.08430729166671913
SectionCumProbs: 0_3 0.028020833333337176
SectionCumProbs: 1_3 0.028145833333337297
SectionCumProbs: 2_3 0.028140625000003954
