HitRate: 1883109/3000000 0.627703
CumReqs: 3000000
CumProbs: 0.6278587066816972
SectionCumProbs: 0_3 0.2190443809910297
SectionCumProbs: 1_3 0.20997271149822994
SectionCumProbs: 2_3 0.19884161419243834
