HitRate: 2947846/3000000 0.982615
CumReqs: 379741,367853,384169,379858,369898,374933,373397,370151
CumProbs: 0.11460626657551164,0.11043328346230434,0.11536589151895264,0.11439026887420281,0.11105452455735333,0.11320096043014591,0.11287300061760808,0.11192545106859407
SectionCumProbs: 0_3 0.04021388396233582,0.03833529845003486,0.0387108173894663,0.037523160303982096,0.03628497164617331,0.03945095630174945,0.037593838450893535,0.03779563446847721
SectionCumProbs: 1_3 0.03696235893269394,0.037460408678219585,0.03745941786307595,0.03875969760321815,0.03814803438789093,0.03644977723172854,0.03793203668658206,0.038583662779368595
SectionCumProbs: 2_3 0.037430023680481934,0.03463757633405003,0.03919565626641036,0.03810741096700257,0.036621518523289105,0.03730022689666788,0.0373471254801325,0.03554615382074834
