HitRate: 1979715/3000000 0.659905
CumReqs: 3000000
CumProbs: 0.6554557783234984
SectionCumProbs: 0_3 0.5187556020565584
SectionCumProbs: 1_3 0.07647086264173826
SectionCumProbs: 2_3 0.060229313625201196
