HitRate: 1086430/3000000 0.362143
CumReqs: 178663,175924,164131,166478,181516,200227,220736,186282,198972,205266,206730,189611,156131,178492,196939,193902
CumProbs: 0.011786596982090013,0.01561471680144061,0.012617000410869753,0.019577460611652775,0.014485074897924024,0.022042012681979813,0.02299970909221777,0.022896075277470382,0.010620966486956967,0.029583955219528748,0.019038964648206518,0.021720114723632607,0.010976187215319412,0.011691627087546579,0.020722430989376366,0.012966223040629457
SectionCumProbs: 0_3 0.0030397030807900564,0.007927153758925087,0.008866189417954508,0.014264811388123298,0.0030267072004841133,0.01542044505225177,0.014785313055761322,0.015011241436464642,0.00524367108959793,0.01620519628611064,0.014212827866899527,0.01007380660330675,0.004714505501755943,0.0019310545223830712,0.011355733565792978,0.01005981103990035
SectionCumProbs: 1_3 0.005790164517847843,0.003785133446030941,0.0011136469739092708,0.0017777697803129742,0.008341689017914655,0.0035452095019212243,0.004454921123337235,0.004118027918483174,0.0018420827264423846,0.010770585724325389,0.0008354018442820293,0.009397354371997412,0.003164996696047353,0.008698575884777859,0.0028510962025038063,0.0008837198608041251
SectionCumProbs: 2_3 0.002956729383452112,0.0039024295964845816,0.002637164019005975,0.0035348794432165003,0.003116678679525257,0.003076358127806819,0.0037594749131192075,0.0037668059225225603,0.0035352126709166528,0.0026081732090927176,0.003990734937024963,0.0022489537483284467,0.003096685017516114,0.001061996680385651,0.006515601221079584,0.0020226921399249774
