HitRate: 2217000/3000000 0.739000
CumReqs: 96462,104732,84294,98992,107509,113799,99217,92645,98178,107960,93955,89440,76527,89798,108465,107088,129042,98480,95030,59627,80877,85132,87271,78510,93403,95378,88312,88147,86855,92112,77353,95410
CumProbs: 0.053795515769406124,0.04852882423639605,0.05082879522566206,0.03914725019685858,0.0349272659455427,0.03490505201210163,0.052016080235401385,0.05535612748145386,0.05024957519996687,0.054085954660367155,0.037631066351693,0.03576973766007705,0.03618483981930459,0.038807410170334455,0.05026847362095402,0.050361639520908406,0.06403945459820132,0.03440341497782753,0.03935347507149073,0.03016187989556135,0.0368386588752124,0.04326379045961292,0.04228803514443201,0.030142318372083372,0.04588934477185132,0.0486074018815533,0.04282813212317131,0.039523229309130097,0.03509436777321895,0.04067437523312195,0.029914542666500888,0.04378034729992957
SectionCumProbs: 0_3 0.02984160139251523,0.031145592440631607,0.02639015292801194,0.024539765427493882,0.021043225993617645,0.021877077375771894,0.04191669774959594,0.035124538936549404,0.028906626880517216,0.0357412242529736,0.027146752869990465,0.02820141738157404,0.019459737245638035,0.02162708773674831,0.034445190434746566,0.0321803638774918,0.04112627958058768,0.01321729039744705,0.01582626714741597,0.016486385676986196,0.019287993700526338,0.023568983380993825,0.02145434953790045,0.016018566869741804,0.03516929835467694,0.029453354884164288,0.03199801069252766,0.022753698868581376,0.02095370715736251,0.01717402295992374,0.015850801939574784,0.023496042107008175
SectionCumProbs: 1_3 0.014742094574992747,0.007556052882423639,0.009786729661403296,0.005545194579137138,0.00756599941978532,0.010026109660574413,0.005004766049152473,0.01188843300592648,0.01632392556674541,0.00556972937129595,0.007882630859132165,0.004661942061419869,0.009888515893737827,0.01034904057358365,0.010319200961498616,0.014434415019271413,0.01204956691118571,0.011352314642131874,0.018597040905134896,0.008450909693729539,0.014495420448423063,0.015619379170293005,0.008846450329479054,0.009804964979899708,0.004724605246798458,0.014636992830204315,0.005010070869078701,0.005992788760412783,0.008825562601019521,0.01861063450619587,0.00935272908118861,0.006657549007418459
SectionCumProbs: 2_3 0.00921181980189813,0.009827178913340794,0.014651912636246836,0.009062290190227529,0.0063180405321397485,0.0030018649757553146,0.00509461643665299,0.008343155538977994,0.005019022752704214,0.012775001036097643,0.00260168262257035,0.0029063782170831785,0.006836586679928716,0.0068312818600024874,0.0055040822247088535,0.0037468606241452184,0.010863608106427948,0.009833809938248585,0.004930167018939864,0.005224584524845622,0.0030552447262630024,0.004075427908326081,0.01198723527705251,0.004318786522441873,0.005995441170375894,0.004517054167184716,0.005820050561564921,0.010776741680135938,0.005315098014836917,0.004889717767002363,0.004711011645737494,0.013626756185502917
