HitRate: 28102808/30000000 0.936760
CumReqs: 30000000
CumProbs: 0.8629260416657623
SectionCumProbs: 0_3 0.2571489583339021
SectionCumProbs: 1_3 0.27883958333375625
SectionCumProbs: 2_3 0.32693750000020966
