HitRate: 1678035/3000000 0.559345
CumReqs: 3000000
CumProbs: 0.4381249999999958
SectionCumProbs: 0_3 0.13479166666666698
SectionCumProbs: 1_3 0.14666666666666708
SectionCumProbs: 2_3 0.15666666666666673
