HitRate: 1147579/3000000 0.382526
CumReqs: 187619,187064,186901,188143,187377,187462,187580,187399,187847,188098,187117,187801,187221,187330,187318,187723
CumProbs: 0.07185496559949832,0.07193370546985454,0.0722304473398969,0.07198054542426119,0.07163097005080306,0.0717031504352999,0.07166503215800313,0.07192836205382266,0.07246566093745388,0.07059248721382635,0.07172365262611734,0.07082937778990427,0.07160940282238491,0.07192065420223684,0.07183979467269408,0.07169391403341643
SectionCumProbs: 0_3 0.024446303682021345,0.02502144395053309,0.024909284293942353,0.024932930385485542,0.02432117261393278,0.024595937558940836,0.024978604614139917,0.024644641980149973,0.025215326797964607,0.02473270939252695,0.02462876276428145,0.02478887602095281,0.024799197424467217,0.02495466079814918,0.02458188982582522,0.024419793186172545
SectionCumProbs: 1_3 0.024497105194382727,0.024175177398482732,0.024138815087825408,0.02426482023322775,0.024195422660914054,0.02389142863997093,0.02369521868104146,0.023802702414603683,0.023607345700956767,0.02360173320452045,0.024054080800458563,0.02322740764185973,0.023714736558379402,0.023925377907001135,0.023960674312056316,0.024064890020706282
SectionCumProbs: 2_3 0.022911556723094084,0.02273708412083875,0.02318234795812905,0.022782794805547932,0.023114374775956407,0.023215784236388252,0.02299120886282172,0.02348101765906905,0.02364298843853248,0.022258044616779146,0.023040809061377395,0.022813094127091774,0.023095468839538263,0.02304061549708646,0.023297230534812734,0.023209230826537565
