HitRate: 2780182/3000000 0.926727
CumReqs: 89883,87260,86324,93130,94705,96962,100268,97359,99475,96148,97263,92386,93145,90783,94753,90253,91535,97427,92717,97447,92657,94447,93079,95260,93869,90395,91167,92386,102247,91330,92398,91542
CumProbs: 0.025468319774584268,0.02489999245569436,0.02494537970685564,0.02586906339687844,0.027124726746733878,0.026424184391852037,0.027375039713840987,0.026170531894558795,0.027261799281177636,0.026844965195260893,0.026807319582257613,0.025805612323348735,0.026669639860507226,0.025981393048582158,0.02694059719603566,0.025502625857401852,0.0259862505470343,0.026797300991700298,0.026483385154236455,0.027559321061365823,0.02571969531947793,0.026175389393010902,0.025705578214601635,0.025900788933643493,0.026201498447190833,0.02544873798394947,0.02581320216467983,0.025912780882946924,0.02695623226917839,0.026199676885271295,0.0255152249940121,0.026291969355860183
SectionCumProbs: 0_3 0.012416828621230629,0.011826794356133045,0.011369582314333609,0.012407417217979801,0.012139951209463713,0.01266972213439058,0.013414133772167533,0.012049480300794193,0.012585474895612767,0.012777194287642218,0.012842466923091623,0.011911800579043981,0.011996655005128216,0.012382067147933091,0.012982878987721306,0.011824517403733551,0.011933355728424905,0.012421686119682702,0.012354591922313717,0.013025382099176804,0.01196826899854907,0.011940490179276331,0.011806453581365048,0.012107466688565549,0.012224805635547963,0.012174560885934542,0.011743609695141637,0.012031416478425736,0.012833814503973981,0.01159985810032628,0.012044319208688916,0.012572268571696328
SectionCumProbs: 1_3 0.006996315739221276,0.0068496800046999795,0.006736591368863139,0.007114565467163412,0.008223289488844182,0.007822849460203259,0.007656176544567204,0.008045687201691083,0.007939733016705738,0.007632496239613449,0.007608208747353178,0.008132363189694852,0.00798329870594757,0.007334519068945407,0.0069582147357380095,0.0071182085910024544,0.007733441129320161,0.00818245614248162,0.007052784158726394,0.007678035287601442,0.007785811034506335,0.007436526536438464,0.007302945329007038,0.007293989316236099,0.007350305938914543,0.0071367278038509075,0.007645247173050099,0.007620352493483331,0.007985879252000191,0.008377059674216859,0.0067874433057830315,0.007622781242709364
SectionCumProbs: 2_3 0.006055175414136221,0.006223518094865168,0.006839206023662736,0.006347080711739216,0.006761486048429936,0.005931612797262138,0.0063047293971103995,0.006075364392077573,0.006736591368863133,0.0064352746680092845,0.006356643911816683,0.005761448554613686,0.006689686149435532,0.006264806831707584,0.006999503472580465,0.006559899862669775,0.006319453689293181,0.0061931587295398416,0.007076009073200255,0.006855903674591666,0.005965615286426501,0.006798372677300182,0.006596179304233534,0.0064993329288457235,0.006626386872732214,0.006137449294167846,0.006424345296492185,0.00626101191104193,0.006136538513208114,0.006222759110731992,0.006683462479543828,0.006096919541458542
