HitRate: 2939461/3000000 0.979820
CumReqs: 185915,187603,187542,188194,186964,187452,187701,187980,187708,187762,187062,188088,187288,186847,187844,188050
CumProbs: 0.06117524246646456,0.06138708078888559,0.0612022433830504,0.06125603602790779,0.06117418784487933,0.061216011619746026,0.061404398282916044,0.06126369266741679,0.06123368499431136,0.06131229900447859,0.06130431426047656,0.06116921072539806,0.0611850717132392,0.061215131466423024,0.061221973920707995,0.06116304184012539
SectionCumProbs: 0_3 0.02418153116803332,0.024184589136629814,0.02437870113640582,0.0242342665873016,0.02412474825868108,0.024388973063845857,0.02456266533292825,0.024320737745279153,0.024405183856212813,0.024267922469890853,0.02412460156646058,0.02391633854141377,0.024092160017696665,0.02432605425327057,0.024074306098859893,0.0240651903491577
SectionCumProbs: 1_3 0.02160326088855274,0.02235131743298049,0.02198872724795956,0.0218189210207184,0.02189404479763935,0.02190189326543662,0.021214631532391528,0.02182517670612154,0.022219235410443773,0.02180930530226467,0.022158299982849773,0.022344338702490512,0.022167807201140345,0.02179030735770826,0.0218712319873487,0.02184370072196549
SectionCumProbs: 2_3 0.01539045040987849,0.014851174219275206,0.014834814998685147,0.015202848419887956,0.015155394788558868,0.014925145290463487,0.01562710141759619,0.015117778216016198,0.014609265727654822,0.015235071232323101,0.015021412711166148,0.01490853348149375,0.01492510449440217,0.015098769855444134,0.015276435834499558,0.01525415076900216
