HitRate: 14996932/30000000 0.499898
CumReqs: 3748477,3749813,3747695,3751467,3750085,3753807,3748083,3750573
CumProbs: 0.06249999999999434,0.06249999999999434,0.06249999999999434,0.06249999999999434,0.06249999999999434,0.06249999999999434,0.06249999999999434,0.06249999999999434
SectionCumProbs: 0_3 0.02083333333333226,0.02083333333333226,0.02083333333333226,0.02083333333333226,0.02083333333333226,0.02083333333333226,0.02083333333333226,0.02083333333333226
SectionCumProbs: 1_3 0.02083333333333226,0.02083333333333226,0.02083333333333226,0.02083333333333226,0.02083333333333226,0.02083333333333226,0.02083333333333226,0.02083333333333226
SectionCumProbs: 2_3 0.02083333333333226,0.02083333333333226,0.02083333333333226,0.02083333333333226,0.02083333333333226,0.02083333333333226,0.02083333333333226,0.02083333333333226
