HitRate: 27751539/30000000 0.925051
CumReqs: 2609511,4187959,3264739,2767586,7150000,3146813,2771010,4102382
CumProbs: 0.07788688077175254,0.13050974799325127,0.09963940718930699,0.08324523162175351,0.22922437879545846,0.0958576860373798,0.08321331931999938,0.127618623047356
SectionCumProbs: 0_3 0.06350483252683232,0.1160907333155361,0.08474488301630562,0.06860746378520745,0.2147607516918376,0.08150162120972611,0.06844301013677283,0.11319960836964113
SectionCumProbs: 1_3 0.00901867566215594,0.008993016227648434,0.009287289767587732,0.009130708900195196,0.009014172301806784,0.00890184747928455,0.009206164484750763,0.008977335462116024
SectionCumProbs: 2_3 0.00536337258276462,0.0054259984500664785,0.005607234405413879,0.0055070589363516225,0.005449454801813269,0.005454217348369569,0.005564144698475718,0.005441679215598847
