HitRate: 2129744/3000000 0.709915
CumReqs: 3000000
CumProbs: 0.7098802351388314
SectionCumProbs: 0_3 0.584691626439014
SectionCumProbs: 1_3 0.07765056762237274
SectionCumProbs: 2_3 0.04753804107744468
