HitRate: 17455599/30000000 0.581853
CumReqs: 30000000
CumProbs: 0.4183736111125399
SectionCumProbs: 0_3 0.1321083333333586
SectionCumProbs: 1_3 0.13876041666670189
SectionCumProbs: 2_3 0.1475048611111533
