HitRate: 303830/3000000 0.101277
CumReqs: 3000000
CumProbs: 0.09959516787900762
SectionCumProbs: 0_3 0.03382411367563301
SectionCumProbs: 1_3 0.03310584163484716
SectionCumProbs: 2_3 0.03266521256852749
