HitRate: 1053740/3000000 0.351247
CumReqs: 94134,93685,93198,93150,93634,93224,94148,93468,94010,94028,93965,93389,94131,93688,93638,93972,93608,94148,93466,94691,93789,93579,92918,93099,93196,93609,94194,94061,93426,94298,94539,93917
CumProbs: 0.0067796749825144685,0.007012921408314084,0.006905488611648236,0.006677946582131796,0.006919432691451468,0.006827528529111946,0.006741328763055589,0.006770167655375923,0.006751469912003389,0.006832599103585855,0.006905171700743616,0.006825627063684228,0.006770801477185159,0.006721997197873843,0.006736575099486297,0.006948588494676432,0.006764780169997402,0.006805661676693244,0.006624071728346543,0.006922601800497659,0.006933059860350089,0.006892178353654246,0.006868410035807803,0.006779358071609867,0.006828479261825828,0.0066998134345505,0.006713123692544481,0.006871262233949389,0.006834183658108957,0.0068142182711179505,0.0067010810781689845,0.006567344676419731
SectionCumProbs: 0_3 0.0023039422765801956,0.002313449603718761,0.002300456256629387,0.0023144003364326204,0.0023980648152520396,0.002331513525282048,0.002301090078438622,0.002321689287238859,0.002375247230119469,0.002283343067779957,0.0023045760983894377,0.002295385682155482,0.002235806432087108,0.0021895374400127347,0.002288730553158483,0.002363838437553186,0.0021996785889605423,0.0023828530918303297,0.0022256652831393027,0.002262426948075106,0.002282075424161484,0.0022700328097859596,0.0022690820770721043,0.00226052548264739,0.00229221657310929,0.002220911619570015,0.0022545041754596287,0.002342605406943716,0.0022659129680259143,0.0023267598617127657,0.0022960195039647183,0.0021803470237787806
SectionCumProbs: 1_3 0.0021990447671513063,0.002363521526648571,0.0022735188297367736,0.002206016807052921,0.0022716173643090596,0.0022617931262658665,0.00224531375922568,0.002238024808419444,0.0021518250423630697,0.002283659978684577,0.002274469562450626,0.0021949249253912567,0.0022839768895891953,0.0022760541169737207,0.0021622831022154953,0.0022240807286162015,0.002257356373601198,0.0021423177152244998,0.0021996785889605423,0.00229285039491853,0.0023359502779467154,0.0023321473470912855,0.002340387030611384,0.0022896812858723406,0.002238975541133296,0.0022861952659215304,0.002257673284505819,0.002289364374967722,0.0022262991049485366,0.002285878355016915,0.0022139395796683986,0.0022516519773180615
SectionCumProbs: 2_3 0.0022766879387829593,0.002335950277946714,0.0023315135252820474,0.002157529438646214,0.0022497505118903452,0.002234221877564014,0.00219492492539126,0.00221045355971759,0.0022243976395208273,0.0022655960571213002,0.0023261260399035258,0.002335316456137474,0.002251018155508823,0.0022564056408873453,0.0022855614441122927,0.002360669328506997,0.002307745207435623,0.002280490869638389,0.002198727856246687,0.002367324457503998,0.0023150341582418633,0.0022899981967769625,0.002258940928124294,0.0022291513030901137,0.0022972871475831933,0.0021927065490589238,0.0022009462325790195,0.0022392924520379174,0.0023419715851344773,0.002201580054388257,0.002191121994535829,0.0021353456753228825
