HitRate: 350884/30000000 0.011696
CumReqs: 3751440,3749797,3751062,3748639,3749991,3750570,3747947,3750554
CumProbs: 0.0010104166666666623,0.001041666666666662,0.0010541666666666622,0.0010458333333333292,0.0010291666666666622,0.0010083333333333292,0.0010520833333333291,0.0010312499999999957
SectionCumProbs: 0_3 0.0003333333333333327,0.000341666666666666,0.0003312499999999993,0.000347916666666666,0.00034166666666666606,0.0003499999999999993,0.0003708333333333328,0.0003562499999999994
SectionCumProbs: 1_3 0.0003520833333333328,0.0003479166666666661,0.00034583333333333287,0.00035416666666666626,0.00033958333333333263,0.00031874999999999937,0.00033541666666666616,0.0003291666666666661
SectionCumProbs: 2_3 0.00032499999999999933,0.00035208333333333283,0.00037708333333333257,0.00034374999999999933,0.0003479166666666658,0.0003395833333333328,0.00034583333333333276,0.0003458333333333329
