HitRate: 2729530/3000000 0.909843
CumReqs: 3000000
CumProbs: 0.575570410699501
SectionCumProbs: 0_3 0.22752357086753192
SectionCumProbs: 1_3 0.1824219879601433
SectionCumProbs: 2_3 0.16562485187184686
