HitRate: 299126/30000000 0.009971
CumReqs: 30000000
CumProbs: 0.009999999999999051
SectionCumProbs: 0_3 0.003333333333333119
SectionCumProbs: 1_3 0.003333333333333119
SectionCumProbs: 2_3 0.003333333333333119
