HitRate: 18297350/30000000 0.609912
CumReqs: 30000000
CumProbs: 0.6113330133201504
SectionCumProbs: 0_3 0.529163122938489
SectionCumProbs: 1_3 0.050615406241148776
SectionCumProbs: 2_3 0.03155448414052424
