HitRate: 2498684/3000000 0.832895
CumReqs: 3000000
CumProbs: 0.6813378153335908
SectionCumProbs: 0_3 0.2473171609673317
SectionCumProbs: 1_3 0.22721650544794905
SectionCumProbs: 2_3 0.20680414891614643
