HitRate: 115975/3000000 0.038658
CumReqs: 187314,187890,188100,186997,187772,187485,186571,187577,187514,187057,187102,187205,187582,187803,188078,187953
CumProbs: 0.004895833333333331,0.005520833333333331,0.005312499999999997,0.004687499999999998,0.005416666666666664,0.005104166666666664,0.004895833333333331,0.005729166666666665,0.004999999999999998,0.0052083333333333304,0.005104166666666666,0.005416666666666664,0.005729166666666665,0.005520833333333332,0.004687499999999997,0.004999999999999997
SectionCumProbs: 0_3 0.001979166666666667,0.0015625,0.0017708333333333335,0.0018750000000000001,0.0018750000000000001,0.0020833333333333333,0.0015625,0.001979166666666667,0.0016666666666666668,0.001979166666666667,0.0014583333333333334,0.0017708333333333335,0.0020833333333333333,0.0013541666666666667,0.0016666666666666668,0.0016666666666666668
SectionCumProbs: 1_3 0.0015625,0.0018750000000000001,0.0017708333333333335,0.0015625,0.0014583333333333334,0.0014583333333333334,0.0017708333333333335,0.001979166666666667,0.0013541666666666667,0.0016666666666666668,0.001979166666666667,0.0016666666666666668,0.0015625,0.0024999999999999996,0.0016666666666666668,0.001979166666666667
SectionCumProbs: 2_3 0.0013541666666666667,0.0020833333333333333,0.0017708333333333335,0.00125,0.0020833333333333333,0.0015625,0.0015625,0.0017708333333333335,0.001979166666666667,0.0015625,0.0016666666666666668,0.001979166666666667,0.0020833333333333333,0.0016666666666666668,0.0013541666666666667,0.0013541666666666667
