HitRate: 2386142/3000000 0.795381
CumReqs: 3000000
CumProbs: 0.5001361762766948
SectionCumProbs: 0_3 0.16683724770764397
SectionCumProbs: 1_3 0.16716120740745677
SectionCumProbs: 2_3 0.16613772116159373
