HitRate: 302882/3000000 0.100961
CumReqs: 375439,374489,375547,374726,375913,374533,374763,374590
CumProbs: 0.013640700164006979,0.01358353070016737,0.013621203063622422,0.013669450125591086,0.013612280661751434,0.013626159953550683,0.013456964777331616,0.013480757848987427
SectionCumProbs: 0_3 0.004565626083286985,0.004564965164629881,0.0045322496911031395,0.004643944944154025,0.0045431548489453825,0.004598011097485167,0.004476071605249144,0.0044955687056337686
SectionCumProbs: 1_3 0.004539189337002749,0.0044869767630913975,0.004510108916090092,0.004562321490001453,0.004558686437387371,0.004528614638489056,0.004528614638489063,0.004505482485490354
SectionCumProbs: 2_3 0.004535884743717222,0.004531588772446035,0.004578844456429102,0.004463183691435582,0.004510439375418649,0.0044995342175764,0.0044522785335933315,0.004479706657863227
