HitRate: 1746793/3000000 0.582264
CumReqs: 187447,187492,187373,186952,187430,188436,188079,186575,187482,187672,186868,187738,187209,187894,188127,187226
CumProbs: 0.025486111111111133,0.02701388888888891,0.025902777777777823,0.027500000000000014,0.02687500000000004,0.02708333333333335,0.027222222222222255,0.026250000000000013,0.026458333333333358,0.026388888888888917,0.02659722222222225,0.026944444444444476,0.0246527777777778,0.025208333333333353,0.02583333333333336,0.02701388888888891
SectionCumProbs: 0_3 0.00826388888888889,0.007986111111111109,0.008402777777777776,0.00875,0.008194444444444443,0.007986111111111107,0.009305555555555555,0.00798611111111111,0.008611111111111113,0.00826388888888889,0.009583333333333334,0.008749999999999999,0.008055555555555555,0.0071527777777777805,0.008819444444444446,0.008472222222222221
SectionCumProbs: 1_3 0.009305555555555555,0.00951388888888889,0.00833333333333333,0.009513888888888891,0.009236111111111112,0.00888888888888889,0.008888888888888889,0.008402777777777776,0.007708333333333332,0.00881944444444445,0.008333333333333337,0.009444444444444438,0.007847222222222224,0.009166666666666663,0.00798611111111111,0.009305555555555555
SectionCumProbs: 2_3 0.007916666666666666,0.00951388888888889,0.009166666666666667,0.009236111111111113,0.009444444444444443,0.010208333333333335,0.009027777777777782,0.00986111111111111,0.010138888888888888,0.009305555555555555,0.008680555555555556,0.008749999999999997,0.00875,0.00888888888888889,0.009027777777777775,0.009236111111111112
