HitRate: 650172/3000000 0.216724
CumReqs: 93665,93785,93428,93611,94333,93827,93260,93886,93460,93913,94401,93600,93773,93788,93662,93526,93584,93903,93596,93365,93422,93036,94209,93867,93294,93777,94702,93860,93584,93955,93921,94007
CumProbs: 0.02026905256861128,0.020465822895190413,0.0204469037815557,0.020469855321259518,0.0201867899483639,0.02024921464688406,0.02066682182226364,0.020340879534072553,0.020414348158300982,0.02071210708243666,0.020547895417211828,0.0202010429751759,0.020385649836379784,0.020691569312788045,0.020163223410517746,0.02029756491544155,0.020219175655053493,0.020583536013504874,0.02025229961992244,0.02043071440032456,0.02037956842920285,0.02019136641125116,0.02018278052504813,0.020244654893543976,0.020359479864266505,0.020507818761629874,0.020388518670339167,0.01997969030048113,0.019878357963666386,0.02060708736085348,0.020329006424207038,0.02014383122138897
SectionCumProbs: 0_3 0.006916017379900451,0.006821200247470309,0.007123433207138618,0.006997990512666711,0.006851840565995366,0.007007958083122418,0.006804255681505552,0.006941145934905432,0.006971996533317538,0.007020488290509053,0.006803171731004245,0.006713966836384895,0.006833452468752393,0.007151015027492406,0.006736421646819972,0.007013588115516007,0.0069442526086545345,0.006932848017133827,0.006749924697068944,0.006908865259655756,0.0068647277500736206,0.006861927056345915,0.006896799013464684,0.006824225977568361,0.0069348553328770065,0.006991026103569896,0.007074684730539089,0.006693859174823125,0.006860473108726538,0.006879120963477031,0.0068917583723747,0.006772943074961864
SectionCumProbs: 1_3 0.006718272040387996,0.006833214845969829,0.006762309075679429,0.006883685707980547,0.0068232407653009,0.0066818005238808076,0.006841205698684503,0.0067545332770081465,0.006843142704124884,0.006953114527898197,0.006922699896764794,0.006791333342275908,0.006909630860730563,0.006768762216031278,0.006809201056475402,0.006718919589596392,0.006578545504094803,0.006912540058011964,0.00682521292589268,0.006822871419204162,0.007005762839224258,0.006749786680548655,0.006669619480929929,0.006681951777834639,0.006642078240905218,0.006810749185179377,0.006677835804029161,0.006636845331518098,0.006422917120987766,0.00691497834987036,0.006846297553451826,0.0067963542357191275
SectionCumProbs: 2_3 0.006634763148322889,0.006811407801750247,0.006561161498737641,0.0065881791006122655,0.006511708617067582,0.006559456039880817,0.007021360442073564,0.006645200322158946,0.0065992089208585444,0.0067385042640294044,0.006822023789442776,0.0066957427965151015,0.006642566506896803,0.006771792069264374,0.006617600707222341,0.0065650572103291335,0.006696377542304153,0.006738147938359098,0.00667716199696078,0.006698977721464653,0.006509077839904946,0.0065796526743566045,0.006616362030653479,0.006738477138140978,0.006782546290484297,0.006706043472880621,0.006635998135770939,0.0066489857941399,0.006594967733952117,0.006812988047506122,0.006590950498380483,0.006574533910707965
