HitRate: 1545443/3000000 0.515148
CumReqs: 3000000
CumProbs: 0.2297593843437414
SectionCumProbs: 0_3 0.14916904728193434
SectionCumProbs: 1_3 0.05314632663429586
SectionCumProbs: 2_3 0.02744401042751134
