HitRate: 18803563/30000000 0.626785
CumReqs: 30000000
CumProbs: 0.6270340274297858
SectionCumProbs: 0_3 0.5467845419565232
SectionCumProbs: 1_3 0.0506702640441756
SectionCumProbs: 2_3 0.029579221429092195
