HitRate: 366318/30000000 0.012211
CumReqs: 30000000
CumProbs: 0.007787890625000529
SectionCumProbs: 0_3 0.00260047743055536
SectionCumProbs: 1_3 0.0025815538194442537
SectionCumProbs: 2_3 0.002605859374999827
