HitRate: 2465377/3000000 0.821792
CumReqs: 93457,93670,94640,93092,92065,90727,92788,92580,93396,94270,95066,95129,95117,96081,98727,99601,97105,95116,92508,94117,94650,94798,93774,93385,92519,91673,91253,90519,89479,90433,93265,95000
CumProbs: 0.04176634459963171,0.04380105774402029,0.04457104488434982,0.040736449922661906,0.04153623350022277,0.03956701351489686,0.04138194105792689,0.041605266830045534,0.04163299816766668,0.04081639877899511,0.043182117889456376,0.04330248369530092,0.04395977539976629,0.04240859057836644,0.042826920756522606,0.04344497556839653,0.042368173628854935,0.04389929748261395,0.042051328345822696,0.041980229916390034,0.04351164878437903,0.04433562352880089,0.04278030850818082,0.04225046295108037,0.04270478486529782,0.041278981091652775,0.039794764500465526,0.04173861326201064,0.04062611460063774,0.04038921817393862,0.04091257341797879,0.04272986107484878
SectionCumProbs: 0_3 0.016263544472067574,0.016810205840278696,0.017325890714338578,0.016090076104820914,0.017397579172231344,0.016083290777530644,0.016496900728006605,0.01725774242720598,0.017278688437536778,0.016470939475765625,0.017277508380616736,0.01655826368784896,0.017098729757229817,0.016479789902665954,0.01787255208254973,0.017190479182763382,0.01647742978882586,0.01863929406634926,0.017611169474759616,0.016357654011441236,0.018095877854668322,0.01754302118762698,0.017073358533448848,0.01728340866521697,0.017343591568139295,0.016578324655489748,0.016399546032102863,0.016997834890565947,0.01645028847966482,0.016430522526254043,0.01590598722529381,0.01684855769018017
SectionCumProbs: 1_3 0.013226077959870393,0.014613529883613925,0.014083389312283456,0.012768215874892718,0.011758677179793746,0.012083192832806287,0.011952796543141232,0.012479396943711564,0.012816303194384574,0.013088896342915088,0.014438881459447188,0.0145922888590531,0.014205230189278162,0.013304846759283413,0.012983871277031028,0.014256267651070154,0.014888188131754541,0.01367125443295758,0.013069130389504332,0.012887106609587301,0.013120167851296294,0.013937652282657862,0.01359366569046457,0.01294728951250963,0.013203066849929503,0.012793882112903703,0.012530434405503535,0.012811877980934413,0.01220119852481083,0.012344870454826382,0.013591305576624467,0.013267674966301983
SectionCumProbs: 2_3 0.012276722167693727,0.012377322020127639,0.0131617648577279,0.011878157942948366,0.012379977148197744,0.011400529904559956,0.012932243786779022,0.011868127459127971,0.011538006535745222,0.011256562960314393,0.011465728049392448,0.012151931148398933,0.012655815453258397,0.012623953916417133,0.01197049739694193,0.011998228734562997,0.011002555708274584,0.011588748983307183,0.011371028481558795,0.012735469295361459,0.012295603078414485,0.012854950058516062,0.012113284284267424,0.012019764773353838,0.012158126447229179,0.011906774323259489,0.010864784062859258,0.011928900390510297,0.011974627596162099,0.011613825192858153,0.011415280616060515,0.012613628418366761
