HitRate: 2852243/3000000 0.950748
CumReqs: 3000000
CumProbs: 0.8481944444444979
SectionCumProbs: 0_3 0.23881944444444436
SectionCumProbs: 1_3 0.2708333333333324
SectionCumProbs: 2_3 0.33854166666666363
