HitRate: 395307/3000000 0.131769
CumReqs: 3000000
CumProbs: 0.1321155229897854
SectionCumProbs: 0_3 0.044508397280587135
SectionCumProbs: 1_3 0.04395973062983929
SectionCumProbs: 2_3 0.04364739507935904
