HitRate: 2968969/3000000 0.989656
CumReqs: 3000000
CumProbs: 0.9949457213742836
SectionCumProbs: 0_3 0.45836471274039825
SectionCumProbs: 1_3 0.3149814593541997
SectionCumProbs: 2_3 0.22159954925814174
