HitRate: 2900604/3000000 0.966868
CumReqs: 3000000
CumProbs: 0.9044001035906649
SectionCumProbs: 0_3 0.3050690839533171
SectionCumProbs: 1_3 0.3012684088190528
SectionCumProbs: 2_3 0.298062610818303
