HitRate: 1851451/3000000 0.617150
CumReqs: 3000000
CumProbs: 0.1368671286227362
SectionCumProbs: 0_3 0.04691279249976325
SectionCumProbs: 1_3 0.045253083705867884
SectionCumProbs: 2_3 0.04470125241709879
