HitRate: 2444346/3000000 0.814782
CumReqs: 374944,374385,374631,373469,376086,377399,374673,374413
CumProbs: 0.06313654590623886,0.06334918662460307,0.06305766836001425,0.06355393958834477,0.06346980353903829,0.06386484858304717,0.06360915387070194,0.06373108541090769
SectionCumProbs: 0_3 0.020804610129651686,0.021365626677174912,0.02116744684228532,0.021701184905072498,0.02118946682393975,0.02126111392842715,0.021429057370597273,0.021461594358414965
SectionCumProbs: 1_3 0.02110565943107598,0.020986357142411087,0.021086926013847592,0.020866397540861024,0.02099523086636137,0.02151582267144448,0.021059318872668955,0.02097419685403477
SectionCumProbs: 2_3 0.021226276345511268,0.020997202805017007,0.020803295503881304,0.020986357142411108,0.02128510584873719,0.021087911983175434,0.021120777627435736,0.021295294198457885
