HitRate: 101723/3000000 0.033908
CumReqs: 188241,187321,187581,187665,187229,187036,187418,186944,186764,187739,188021,187843,187048,187628,187851,187671
CumProbs: 0.00728259579593528,0.0072655482141675415,0.007314396092694331,0.007327181779020159,0.007322592045467319,0.0072573522613945925,0.007323247721689116,0.007251451175398065,0.007269482271498564,0.0071842443626598616,0.007363571809332071,0.007270465785831317,0.007238665489072257,0.007320297178690874,0.007301938244479451,0.007254401718396322
SectionCumProbs: 0_3 0.0024004306481425104,0.002401086324364348,0.0024509177172239017,0.0024482950123365585,0.0024614085367732825,0.002477800442319186,0.0023964965908114945,0.0024558352888876763,0.002440099059563604,0.0023840387425966073,0.002492880995421424,0.0024089544390263813,0.0024191174204648475,0.002448295012336553,0.002389939828593135,0.0023925625334804777
SectionCumProbs: 1_3 0.002460097184329607,0.002449278526669311,0.0024617363748841987,0.002407643086582711,0.002389284152371296,0.0023899398285931327,0.0024617363748841996,0.0024414104120072774,0.002439771221452687,0.0024007584862534305,0.0024099379533591377,0.00242436283023953,0.002439115545230854,0.0024430496025618672,0.0024771447660973554,0.002432230944901564
SectionCumProbs: 2_3 0.0024220679634631083,0.002415183363133823,0.0024017420005861823,0.002471243680100826,0.002471899356322663,0.0023896119904822178,0.002465014755993385,0.002354205474503058,0.002389611990482215,0.0023994471338097574,0.002460752860551446,0.002437148516565337,0.0023804325233765062,0.0024289525637923868,0.0024348536497889152,0.0024296082400142214
