HitRate: 14074611/30000000 0.469154
CumReqs: 2295114,1838493,1756225,1846478,1772037,1792318,1821091,1953759,1911859,1898795,1495195,1436777,1712659,1671470,2486001,2311729
CumProbs: 0.13168418828024084,0.08636691145896258,0.07494511117756555,0.08393089610055592,0.07722463932463629,0.0742872050844215,0.08399504386073943,0.0946300760289249,0.09423765835416095,0.09074172205645248,0.05181889391133452,0.04474214633140462,0.07226860003461635,0.06670114095039059,0.14909065801339472,0.1307560285065313
SectionCumProbs: 0_3 0.11483132204834824,0.0751552825663849,0.06450745416967435,0.07058919501125703,0.05941058971885685,0.05867717254801101,0.06969019331035826,0.08190715922993623,0.07844061426962091,0.07164928256811774,0.0396500804662839,0.03418365826978594,0.057831355171918966,0.0562550530940181,0.1357476906306481,0.115413983651885
SectionCumProbs: 1_3 0.011602680303358594,0.006672300117412062,0.005848309641538316,0.007700297132425172,0.011755102046256903,0.009441717211213951,0.009554050769436552,0.007227903029380473,0.00853625074902923,0.01185633887505556,0.009181293966624902,0.006138190870544087,0.011297736847026623,0.0070932093947510535,0.008686839698779446,0.010587746104964666
SectionCumProbs: 2_3 0.005250185928533998,0.004539328775165667,0.0045893473663528896,0.005641403956873779,0.006058947559522622,0.0061683153251964875,0.004750799780944564,0.005495013769608304,0.007260793335510916,0.007236100613279247,0.0029875194784257245,0.0044202971910745495,0.0031395080156708475,0.0033528784616214118,0.00465612768396728,0.0047542987496818415
