HitRate: 1680435/3000000 0.560145
CumReqs: 93232,93885,93867,93912,93363,93291,93632,94400,94034,93752,93525,93538,94060,93902,93116,93920,94050,94012,93922,93596,93463,93728,93525,93998,94059,93635,93943,93357,93866,93749,94055,93613
CumProbs: 0.013697916666666662,0.012968750000000005,0.013541666666666667,0.014010416666666671,0.013697916666666676,0.013072916666666668,0.01432291666666668,0.013750000000000004,0.013489583333333334,0.013802083333333336,0.014114583333333345,0.01427083333333334,0.014479166666666678,0.01432291666666667,0.013958333333333336,0.013593750000000005,0.01380208333333334,0.014010416666666668,0.014270833333333344,0.01317708333333334,0.013906250000000007,0.013697916666666669,0.013177083333333329,0.014114583333333344,0.013541666666666672,0.013854166666666667,0.013854166666666671,0.013906250000000009,0.01359375000000001,0.013281250000000008,0.012968749999999998,0.013593749999999998
SectionCumProbs: 0_3 0.004218749999999997,0.0040624999999999975,0.004322916666666663,0.004635416666666665,0.004427083333333332,0.004374999999999999,0.004791666666666666,0.004322916666666664,0.004010416666666664,0.004166666666666664,0.004166666666666664,0.004270833333333331,0.004687499999999999,0.004374999999999998,0.004375,0.004427083333333332,0.0043749999999999995,0.004322916666666664,0.004114583333333331,0.004427083333333333,0.004583333333333331,0.0046354166666666636,0.004322916666666665,0.003906249999999997,0.004374999999999998,0.0045833333333333325,0.004479166666666666,0.00484375,0.004374999999999997,0.004166666666666664,0.004062499999999997,0.004583333333333333
SectionCumProbs: 1_3 0.0044270833333333315,0.004739583333333331,0.004687499999999998,0.0044270833333333315,0.004218749999999998,0.004166666666666665,0.004583333333333331,0.0047916666666666646,0.004374999999999999,0.004687499999999998,0.004843749999999998,0.004895833333333333,0.004687499999999999,0.004739583333333333,0.004843749999999999,0.004427083333333331,0.004895833333333329,0.004635416666666665,0.0047916666666666646,0.0042187499999999985,0.0046875,0.0044270833333333315,0.004322916666666665,0.005208333333333333,0.0046875,0.004270833333333331,0.004687499999999999,0.004687499999999997,0.004374999999999999,0.004635416666666665,0.004218749999999998,0.004479166666666664
SectionCumProbs: 2_3 0.005052083333333334,0.004166666666666663,0.004531249999999999,0.004947916666666667,0.005052083333333333,0.004531249999999996,0.004947916666666665,0.004635416666666666,0.005104166666666666,0.004947916666666665,0.005104166666666665,0.005104166666666665,0.005104166666666666,0.0052083333333333304,0.004739583333333333,0.004739583333333332,0.004531249999999999,0.005052083333333335,0.005364583333333335,0.004531249999999999,0.004635416666666665,0.004635416666666666,0.004531249999999999,0.0049999999999999975,0.004479166666666667,0.005,0.0046875,0.004374999999999998,0.004843749999999998,0.004479166666666665,0.004687499999999999,0.004531249999999999
