HitRate: 28519113/30000000 0.950637
CumReqs: 30000000
CumProbs: 0.8493048611059973
SectionCumProbs: 0_3 0.24252118055651342
SectionCumProbs: 1_3 0.27009201388966614
SectionCumProbs: 2_3 0.336691666667026
