HitRate: 39598/3000000 0.013199
CumReqs: 186172,187749,187489,188442,186954,187357,187614,187930,187919,187770,186760,188188,187353,186689,187841,187773
CumProbs: 0.0009038870826615985,0.0007964102931097969,0.0008282563929786882,0.0007629254067775923,0.0008418380093936508,0.000781795755142217,0.0007982712879071176,0.0007545179461400697,0.0007881043886249257,0.0008643669832576724,0.0007813869265276936,0.0007582043476812173,0.0008557164822548275,0.0009183167363512726,0.000743346769348316,0.0008990158593395065
SectionCumProbs: 0_3 0.0002956507924021669,0.0002684415555030922,0.0002868813752205754,0.00023647914345936786,0.00025727211471394837,0.0002378340934960366,0.00027682297610147376,0.00021056322850432677,0.0003067881171430361,0.00028047726159434715,0.00027477449302233323,0.0002510693773904154,0.00031127915589366015,0.00029134984593727655,0.00020064457759528522,0.00029085682119619534
SectionCumProbs: 1_3 0.0003279630089716936,0.00026153747312534505,0.00025819480010086626,0.00028822590924158743,0.0002524008913918567,0.0002503879963662097,0.0002156011080769248,0.0002602632472100153,0.00026948662907397573,0.00029495639135839044,0.00024642383440755104,0.00023938781583148638,0.00026194456573725897,0.00029300772842929287,0.00029438351049727494,0.00031523029783274805
SectionCumProbs: 2_3 0.0002802732812877379,0.00026643126448135947,0.00028318021765724694,0.00023822035407663724,0.00033216500328784573,0.00029357366527997064,0.00030584720372871905,0.0002836914704257273,0.00021182964240791405,0.00028893333030493467,0.00026018859909780935,0.00026774715445931576,0.0002824927606239083,0.00033395916198470304,0.000248318681255756,0.00029292874031056326
