HitRate: 23778758/30000000 0.792625
CumReqs: 30000000
CumProbs: 0.7975591358324707
SectionCumProbs: 0_3 0.7050189055939874
SectionCumProbs: 1_3 0.05747428146237929
SectionCumProbs: 2_3 0.03506594877603621
