HitRate: 1439895/3000000 0.479965
CumReqs: 190509,185979,185202,179617,193651,196198,191279,186025,182193,187860,190891,184965,186368,181087,188701,189475
CumProbs: 0.0009063023331287487,0.001380111861698264,0.0010725688273314129,0.0011698630483878813,0.0009252946981979913,0.0018289314362293025,0.0012544956927315219,0.0012584940853776784,0.0013311315517828498,0.0012534960945699827,0.0009119667227108036,0.0011598670667724905,0.001068903634072436,0.001408433809608537,0.0014454189415854827,0.00113920870476735
SectionCumProbs: 0_3 0.0002405699575437341,0.000370517718543812,0.0002712243011642653,0.0003581893412181636,0.00022157759247449192,0.0007503650199286553,0.0007447006303466006,0.0005314530225516009,0.00044881957453103856,0.0005607745686234133,0.00028755107113607,0.0004015052615515229,0.00036452012957457764,0.00031254102517454653,0.0003891768842258745,0.00039150927993613233
SectionCumProbs: 1_3 0.0004561499610489916,0.0004714771328592572,0.000315206620271984,0.0004428219855618042,0.00033153339024378863,0.0003365313810514839,0.0003401965743104606,0.00031720581659506206,0.0006070892834413898,0.00034619416327969486,0.00029021666623350753,0.0002942150588796637,0.00031853861414378085,0.000731705854246593,0.00048447190895926505,0.00035918893937970274
SectionCumProbs: 2_3 0.00020958241453602314,0.0005381170102951947,0.0004861379058951635,0.0003688517216079136,0.00037218371547971047,0.0007420350352491631,0.00016959848807446076,0.0004098352462310151,0.00027522269381042154,0.0003465273626668746,0.0003341989853412262,0.00046414674634130416,0.0003858448903540777,0.00036418693018739804,0.0005717701484003431,0.0003885104854515151
