HitRate: 2969804/3000000 0.989935
CumReqs: 3000000
CumProbs: 0.9936221671065995
SectionCumProbs: 0_3 0.6514545875275516
SectionCumProbs: 1_3 0.19914967435995332
SectionCumProbs: 2_3 0.14301790521976207
