HitRate: 300805/30000000 0.010027
CumReqs: 938478,936456,936160,938111,937594,937090,937718,939306,936464,936098,939310,938968,937573,938803,937761,935563,938713,936634,936561,938287,938165,936988,936905,938616,938108,936910,939760,936536,935777,937654,936380,936553
CumProbs: 0.00031249999999999854,0.00031249999999999854,0.00031249999999999854,0.00031249999999999854,0.00031249999999999854,0.00031249999999999854,0.00031249999999999854,0.00031249999999999854,0.00031249999999999854,0.00031249999999999854,0.00031249999999999854,0.00031249999999999854,0.00031249999999999854,0.00031249999999999854,0.00031249999999999854,0.00031249999999999854,0.00031249999999999854,0.00031249999999999854,0.00031249999999999854,0.00031249999999999854,0.00031249999999999854,0.00031249999999999854,0.00031249999999999854,0.00031249999999999854,0.00031249999999999854,0.00031249999999999854,0.00031249999999999854,0.00031249999999999854,0.00031249999999999854,0.00031249999999999854,0.00031249999999999854,0.00031249999999999854
SectionCumProbs: 0_3 0.00010416666666666643,0.00010416666666666643,0.00010416666666666643,0.00010416666666666643,0.00010416666666666643,0.00010416666666666643,0.00010416666666666643,0.00010416666666666643,0.00010416666666666643,0.00010416666666666643,0.00010416666666666643,0.00010416666666666643,0.00010416666666666643,0.00010416666666666643,0.00010416666666666643,0.00010416666666666643,0.00010416666666666643,0.00010416666666666643,0.00010416666666666643,0.00010416666666666643,0.00010416666666666643,0.00010416666666666643,0.00010416666666666643,0.00010416666666666643,0.00010416666666666643,0.00010416666666666643,0.00010416666666666643,0.00010416666666666643,0.00010416666666666643,0.00010416666666666643,0.00010416666666666643,0.00010416666666666643
SectionCumProbs: 1_3 0.00010416666666666643,0.00010416666666666643,0.00010416666666666643,0.00010416666666666643,0.00010416666666666643,0.00010416666666666643,0.00010416666666666643,0.00010416666666666643,0.00010416666666666643,0.00010416666666666643,0.00010416666666666643,0.00010416666666666643,0.00010416666666666643,0.00010416666666666643,0.00010416666666666643,0.00010416666666666643,0.00010416666666666643,0.00010416666666666643,0.00010416666666666643,0.00010416666666666643,0.00010416666666666643,0.00010416666666666643,0.00010416666666666643,0.00010416666666666643,0.00010416666666666643,0.00010416666666666643,0.00010416666666666643,0.00010416666666666643,0.00010416666666666643,0.00010416666666666643,0.00010416666666666643,0.00010416666666666643
SectionCumProbs: 2_3 0.00010416666666666643,0.00010416666666666643,0.00010416666666666643,0.00010416666666666643,0.00010416666666666643,0.00010416666666666643,0.00010416666666666643,0.00010416666666666643,0.00010416666666666643,0.00010416666666666643,0.00010416666666666643,0.00010416666666666643,0.00010416666666666643,0.00010416666666666643,0.00010416666666666643,0.00010416666666666643,0.00010416666666666643,0.00010416666666666643,0.00010416666666666643,0.00010416666666666643,0.00010416666666666643,0.00010416666666666643,0.00010416666666666643,0.00010416666666666643,0.00010416666666666643,0.00010416666666666643,0.00010416666666666643,0.00010416666666666643,0.00010416666666666643,0.00010416666666666643,0.00010416666666666643,0.00010416666666666643
