HitRate: 2960007/3000000 0.986669
CumReqs: 3000000
CumProbs: 0.9879326100351319
SectionCumProbs: 0_3 0.8417302318972352
SectionCumProbs: 1_3 0.09213722495048064
SectionCumProbs: 2_3 0.05406515318740767
