HitRate: 100821/3000000 0.033607
CumReqs: 374903,374733,374920,375569,374612,375889,374877,374497
CumProbs: 0.013577687862914755,0.013505629631931112,0.013621980537005645,0.013708252088779627,0.013701971784244376,0.01356016911868479,0.013616030774814318,0.013608097758559222
SectionCumProbs: 0_3 0.004529421739307211,0.004549254279944905,0.004502647809446316,0.004618998714520837,0.00456445922776715,0.004570739532302427,0.004540660179001907,0.004603793766698599
SectionCumProbs: 1_3 0.004527769027587401,0.004495706420223117,0.004519836011332317,0.004598174546851246,0.004546940483537178,0.004533057705090794,0.004511902995077232,0.004514877876172898
SectionCumProbs: 2_3 0.0045204970960202396,0.004460668931763172,0.0045994967162270774,0.0044910788274076545,0.00459057207294012,0.00445637188129167,0.004563467600735266,0.004489426115687838
