HitRate: 2656125/3000000 0.885375
CumReqs: 3000000
CumProbs: 0.884131129038806
SectionCumProbs: 0_3 0.7099872696068349
SectionCumProbs: 1_3 0.11015150698441419
SectionCumProbs: 2_3 0.06399235244755619
