HitRate: 1067418/3000000 0.355806
CumReqs: 374878,374523,374433,373687,375833,377664,374935,374047
CumProbs: 0.001207784611744239,0.0013300961328563071,0.001254776231572036,0.001300101481902394,0.0012414452755925192,0.0013390945281424812,0.0012314470586078814,0.0012211155677237559
SectionCumProbs: 0_3 0.00042759041304300723,0.0004809142369610753,0.00041059344416912314,0.000490912453945713,0.0004102601702696352,0.00039292992749626315,0.00036793438503466885,0.00043225624763583827
SectionCumProbs: 1_3 0.00038559790170752874,0.00040892707467168356,0.0004095936224706594,0.0003596025375474707,0.0004229245784501764,0.0004729156633733651,0.0004552521467005051,0.0004052610617773164
SectionCumProbs: 2_3 0.0003945962969937028,0.00044025482122354853,0.00043458916493225376,0.0004495864904092103,0.00040826052687270776,0.000473248937272853,0.0004082605268727077,0.0003835982583106013
