HitRate: 1164143/30000000 0.038805
CumReqs: 3750766,3750645,3750738,3749466,3749803,3750816,3747109,3750657
CumProbs: 0.010414583333333179,0.010479166666666477,0.010470833333333155,0.010572916666666493,0.010424999999999842,0.01048124999999983,0.010402083333333152,0.01045833333333315
SectionCumProbs: 0_3 0.0034312500000000454,0.0035291666666667073,0.0034479166666667093,0.003520833333333375,0.0034000000000000458,0.0034375000000000434,0.003454166666666712,0.0035062500000000436
SectionCumProbs: 1_3 0.0034479166666667137,0.0034625000000000445,0.003539583333333382,0.00355000000000004,0.003464583333333382,0.0035854166666667146,0.003464583333333382,0.003520833333333374
SectionCumProbs: 2_3 0.0035354166666667144,0.003487500000000047,0.0034833333333333764,0.0035020833333333774,0.003560416666666711,0.003458333333333379,0.0034833333333333773,0.0034312500000000436
