HitRate: 395526/3000000 0.131842
CumReqs: 374558,375388,373380,374437,375174,375938,375302,375823
CumProbs: 0.016499840240456618,0.01626351214340044,0.01614525262069584,0.016144002776930663,0.01674923962022373,0.01627165001502712,0.016880549594909852,0.016365600076498774
SectionCumProbs: 0_3 0.005536457229178098,0.005360208427556943,0.005682195955775681,0.0054963268289508005,0.005769178138256406,0.005418360880520627,0.005665579977275133,0.005715084205741353
SectionCumProbs: 1_3 0.005570814045567868,0.005313530234715349,0.005189677661161531,0.005255843001375375,0.005459814032066084,0.005247725960478114,0.005539474213155739,0.005634472754674857
SectionCumProbs: 2_3 0.005392568965710644,0.0055897734811281435,0.0052733790037586305,0.005391832946604476,0.005520247449901236,0.0056055631740283725,0.00567549540447897,0.005016043116082564
