HitRate: 122265/30000000 0.004076
CumReqs: 1875097,1876068,1875774,1874584,1874945,1873894,1874554,1876380,1872465,1874387,1877091,1875941,1875207,1875069,1873348,1875196
CumProbs: 0.0005083333333333316,0.0004958333333333314,0.0005111111111111092,0.0004999999999999982,0.0004874999999999983,0.00047361111111110933,0.00047986111111110924,0.0004840277777777761,0.0004861111111111094,0.0004784722222222205,0.0004986111111111094,0.00048611111111110936,0.0004729166666666649,0.0004909722222222203,0.0005145833333333316,0.0005034722222222205
SectionCumProbs: 0_3 0.000179861111111111,0.0001666666666666665,0.00018055555555555536,0.0001638888888888888,0.00015694444444444436,0.00015347222222222208,0.00016180555555555536,0.00015486111111111101,0.00015555555555555554,0.00016388888888888885,0.0001743055555555555,0.00015902777777777766,0.0001701388888888888,0.00016527777777777765,0.0001805555555555555,0.00016041666666666664
SectionCumProbs: 1_3 0.00015416666666666655,0.00015902777777777757,0.00017499999999999986,0.00016874999999999985,0.00016111111111111098,0.000161111111111111,0.00015555555555555556,0.0001618055555555555,0.00016111111111111106,0.00015624999999999995,0.00016388888888888882,0.0001631944444444443,0.00015277777777777764,0.00015694444444444428,0.00016944444444444445,0.00017291666666666654
SectionCumProbs: 2_3 0.00017430555555555545,0.00017013888888888886,0.00015555555555555548,0.00016736111111111105,0.0001694444444444443,0.0001590277777777777,0.00016249999999999983,0.00016736111111111102,0.00016944444444444431,0.00015833333333333324,0.0001604166666666666,0.0001638888888888888,0.0001499999999999999,0.00016874999999999993,0.00016458333333333329,0.00017013888888888875
