HitRate: 2805194/3000000 0.935065
CumReqs: 3000000
CumProbs: 0.9743511895239207
SectionCumProbs: 0_3 0.4494336753244498
SectionCumProbs: 1_3 0.287700587299944
SectionCumProbs: 2_3 0.2372169269205025
