HitRate: 2706419/3000000 0.902140
CumReqs: 3000000
CumProbs: 0.9439951574314683
SectionCumProbs: 0_3 0.3487598755915427
SectionCumProbs: 1_3 0.32214161675004643
SectionCumProbs: 2_3 0.2730936650950888
