HitRate: 1714941/3000000 0.571647
CumReqs: 391015,360789,328007,346449,374804,411779,402598,384559
CumProbs: 0.10215107610371305,0.09442747276258572,0.07560027457855745,0.07566050084965632,0.08105724057866472,0.09521540541430853,0.09453461563161217,0.08917680669662899
SectionCumProbs: 0_3 0.06163143984377104,0.05825876866224142,0.04151586529679075,0.042328420843879895,0.04124667715690741,0.05808407920187216,0.047803687644597116,0.058771191079324624
SectionCumProbs: 1_3 0.02144387992944543,0.0236027089177805,0.021065885211389225,0.02339175059802026,0.028088068776405146,0.02202784183982275,0.030505438166086772,0.014932787814195636
SectionCumProbs: 2_3 0.019075756330496494,0.012565995182563797,0.013018524070377561,0.009940329407756151,0.011722494645352112,0.015103484372613624,0.01622548982092833,0.015472827803108682
