HitRate: 2700506/3000000 0.900169
CumReqs: 3000000
CumProbs: 0.8999999999967544
SectionCumProbs: 0_3 0.3000000000002844
SectionCumProbs: 1_3 0.3000000000002844
SectionCumProbs: 2_3 0.3000000000002844
