HitRate: 1892613/3000000 0.630871
CumReqs: 637785,220790,291094,283789,652207,261460,223657,429218
CumProbs: 0.16089407853430363,0.03611752818364927,0.0538735271652121,0.047846551910302876,0.15832765683465994,0.03725260574617186,0.03302589149911553,0.0944330544184044
SectionCumProbs: 0_3 0.1420813176764169,0.006605844816301393,0.04347820291161058,0.022494264625704342,0.14467973216701835,0.02213334595271199,0.008241476254017428,0.08018826424445692
SectionCumProbs: 1_3 0.014789000878468716,0.01496996010232361,0.004432001322368693,0.01018637133765858,0.007833901427544993,0.009703480149139727,0.01738774862730931,0.008328789912673011
SectionCumProbs: 2_3 0.004023759979417971,0.01454172326502428,0.00596332293123283,0.015165915946939957,0.005814023240096565,0.005415779644320147,0.007396666617788791,0.00591600026127446
