HitRate: 395600/3000000 0.131867
CumReqs: 3000000
CumProbs: 0.13134905473660452
SectionCumProbs: 0_3 0.043416249188269106
SectionCumProbs: 1_3 0.04428262339280644
SectionCumProbs: 2_3 0.043650182155529064
