HitRate: 302044/3000000 0.100681
CumReqs: 186950,185878,188322,186914,188821,186784,188585,187193,187231,188034,187204,188166,187042,187587,186977,188312
CumProbs: 0.0061787271822004676,0.006220385267301602,0.006617970031506843,0.006302701643461447,0.006250712353255229,0.006259377234956265,0.006285371880059374,0.006237715030703675,0.006421343869829482,0.006485663953225634,0.006425009781318381,0.006245046853681474,0.006293703497079603,0.006105408952422468,0.006301701849419019,0.006526655508965154
SectionCumProbs: 0_3 0.002006586643151511,0.0020742393733557555,0.002156889014196409,0.0021042331946285733,0.0021748853069600994,0.0020175843776182104,0.002095901577608346,0.0021118982822871824,0.0022138772746147627,0.0022405384490794896,0.002110565223563946,0.002073239579313328,0.002034580876339474,0.0021082323707982825,0.002141558838879191,0.002229873979293599
SectionCumProbs: 1_3 0.00208357078441841,0.0021358933393054364,0.0023531819111929607,0.002025582729957629,0.002099900753778055,0.0021272284576044,0.0020759056967598007,0.0020829042550567917,0.0021435584269640456,0.0021345602805821996,0.0020275823180424834,0.0020325812882546197,0.0020979011656932006,0.0020319147588930015,0.002023583141872774,0.0020329145529354286
SectionCumProbs: 2_3 0.002088569754630546,0.0020102525546404106,0.002107899106117473,0.002172885718875245,0.001975926292517075,0.002114564399733655,0.0021135646056912277,0.002042912493359701,0.0020639081682506735,0.002110565223563946,0.0022868622397119523,0.0021392259861135274,0.002161221455046927,0.001965261822731184,0.0021365598686670546,0.002263866976736126
