HitRate: 28519498/30000000 0.950650
CumReqs: 1876351,1876630,1875395,1874475,1872369,1876732,1874942,1874259,1874033,1875642,1875693,1873922,1875564,1875230,1873613,1875150
CumProbs: 0.05303124999999591,0.053100694444440155,0.05306805555555146,0.053109722222218034,0.053096527777773905,0.05300694444443999,0.053063194444440104,0.05306666666666222,0.05305763888888485,0.05308124999999628,0.053110416666662476,0.053133333333329216,0.05307013888888419,0.05308333333332898,0.053029166666662415,0.05311249999999581
SectionCumProbs: 0_3 0.015201388888889425,0.015145138888889447,0.01507916666666719,0.01524791666666719,0.015143750000000445,0.015070138888889362,0.01512083333333386,0.015093750000000442,0.015063888888889406,0.015203472222222746,0.015247916666667196,0.015250000000000489,0.015178472222222747,0.015138194444444955,0.015159027777778264,0.015261805555556066
SectionCumProbs: 1_3 0.01684375000000066,0.01688750000000067,0.016992361111111753,0.016818750000000687,0.016908333333333997,0.016951388888889557,0.016796527777778437,0.016958333333334012,0.016908333333333983,0.016895833333333946,0.01677361111111182,0.01691111111111179,0.016919444444445087,0.016922916666667363,0.01678263888888958,0.01694444444444508
SectionCumProbs: 2_3 0.020986111111111247,0.021068055555555684,0.0209965277777779,0.021043055555555707,0.02104444444444461,0.020985416666666735,0.02114583333333345,0.021014583333333493,0.021085416666666832,0.020981944444444716,0.021088888888888938,0.020972222222222284,0.020972222222222354,0.02102222222222242,0.021087500000000047,0.020906250000000084
