HitRate: 364167/3000000 0.121389
CumReqs: 3000000
CumProbs: 0.07883940972223275
SectionCumProbs: 0_3 0.026151041666664505
SectionCumProbs: 1_3 0.02617578124999792
SectionCumProbs: 2_3 0.02651258680555364
