HitRate: 2706245/3000000 0.902082
CumReqs: 3000000
CumProbs: 0.9247816256095763
SectionCumProbs: 0_3 0.3276331079078371
SectionCumProbs: 1_3 0.31230639054068987
SectionCumProbs: 2_3 0.28484212715854573
