HitRate: 2809898/3000000 0.936633
CumReqs: 3000000
CumProbs: 0.8633828125036617
SectionCumProbs: 0_3 0.2573665364576706
SectionCumProbs: 1_3 0.27873567708291647
SectionCumProbs: 2_3 0.32728059895831174
