HitRate: 26999072/30000000 0.899969
CumReqs: 30000000
CumProbs: 0.9000000000094768
SectionCumProbs: 0_3 0.30000000000021704
SectionCumProbs: 1_3 0.30000000000021704
SectionCumProbs: 2_3 0.30000000000021704
