HitRate: 9929/3000000 0.003310
CumReqs: 94088,93978,93946,93936,93565,94125,93628,93118,93834,93670,94000,94161,93712,94166,93283,93914,94007,93321,93900,93717,93610,93645,93511,93956,93731,93220,93509,94096,93448,93416,93948,93841
CumProbs: 0.00033252567578013586,0.0003238626822227375,0.0003161992648450391,0.0003598474246919306,0.00032819417900143674,0.00032153033780343794,0.0003381899407984348,0.00033552440431923534,0.00032719460282173697,0.00033852313285833466,0.0003345248281395357,0.00033685717255883504,0.000316199264845039,0.0003098686157069402,0.00033385844401973556,0.00033152609960043614,0.0003185316092643386,0.00030620350304804095,0.00031686564896483895,0.0003248622584024373,0.00033552440431923523,0.00029587454919114293,0.000301205622149542,0.00031953118544403845,0.0003145333045455393,0.00033285886784003584,0.0003358575963791352,0.00031986437750393837,0.0003278609869415367,0.00031153457600643995,0.0003291937551811365,0.00031153457600643995
SectionCumProbs: 0_3 0.00011561764478527772,0.00010562188298827963,0.00010362273062888002,0.0001146180686055779,0.00010995337976697879,0.00012261467804317638,0.00011361849242587809,0.0001006240020897806,0.00011395168448577803,0.00010528869092837971,0.0001079542274075792,0.00011528445272537778,0.00010662145916797946,0.00011295210830607822,0.0001109529559466786,0.00010362273062888,9.662569737098137e-05,9.762527355068117e-05,0.00010262315444918021,9.8624849730381e-05,0.00011428487654567797,9.929123385018085e-05,9.096143235268246e-05,0.00010029081002988066,0.00010495549886847974,0.00010662145916797944,0.00011228572418627834,0.00010928699564717893,0.00010462230680857983,0.00010395592268877994,0.00010762103534767926,0.00010428911474867988
SectionCumProbs: 1_3 0.00010129038620958047,0.0001119525321263784,0.00010395592268877994,0.0001286121351213752,0.00011061976388677867,0.00010095719414968053,0.00011261891624617829,0.0001149512606654778,0.00010029081002988067,0.00013094447954067477,0.00011061976388677868,0.00010528869092837971,0.0001052886909283797,0.00010062400208978061,0.00011728360508477738,0.00011395168448577803,0.00011128614800657853,0.00010595507504817957,0.00010762103534767924,0.00011328530036597817,0.00011528445272537776,9.995761796998072e-05,0.00010728784328777932,0.00010928699564717892,9.662569737098136e-05,0.0001099533797669788,0.0001136184924258781,0.00011128614800657856,0.00011628402890507758,9.629250531108142e-05,0.00010295634650908013,0.00010928699564717894
SectionCumProbs: 2_3 0.0001156176447852777,0.0001062882671080795,0.00010862061152737906,0.00011661722096497751,0.00010762103534767926,9.795846561058111e-05,0.00011195253212637842,0.00011994914156397688,0.00011295210830607823,0.00010228996238928027,0.00011595083684517763,0.00011628402890507759,0.00010428911474867988,9.629250531108144e-05,0.00010562188298827963,0.00011395168448577803,0.00011061976388677867,0.00010262315444918021,0.00010662145916797944,0.00011295210830607823,0.00010595507504817957,9.662569737098137e-05,0.00010295634650908015,0.0001099533797669788,0.00011295210830607823,0.00011628402890507758,0.00010995337976697878,9.929123385018085e-05,0.00010695465122787938,0.00011128614800657854,0.00011861637332437713,9.79584656105811e-05
