HitRate: 1756296/3000000 0.585432
CumReqs: 88121,94512,90135,92460,100648,96050,91375,87407,95904,90857,97709,94544,95936,91846,96570,90818,94628,98840,92527,98073,96253,93944,90454,90222,93026,93032,92235,94244,94592,94821,93446,94771
CumProbs: 0.002396037704012251,0.0025257320950606934,0.0026795787579115206,0.002725567330247574,0.002653772220917188,0.0031186207398535577,0.0028443435710291823,0.0023976919692041956,0.002877098021829679,0.0028145667975741856,0.002565765312705748,0.0027338386562072944,0.002958157016234953,0.003248976836978779,0.0027745335799291304,0.0028416967467220704,0.00253234915582847,0.003122590976314226,0.0028843767886742354,0.0028049720594609025,0.0029091907665534022,0.003117297327700005,0.002592895261853633,0.0024304464200046957,0.0031374793630417276,0.002429784713927919,0.0022567485748505355,0.0035656031947169362,0.0024268070365824203,0.003011755208453952,0.002964774077002734,0.002486360583492418
SectionCumProbs: 0_3 0.0008668349605788604,0.001296943910484402,0.001007116648855745,0.001346241013204344,0.0011715506089350163,0.0012370595105360147,0.00137965717008162,0.0012241562420388487,0.0012301115967298484,0.0009710536676713573,0.0012198551525397935,0.0013469027192811217,0.0011057108542956303,0.00121787003430946,0.001093800144913631,0.0012665054309526254,0.0013392930993981773,0.0013164642397493454,0.0010497966908079098,0.001351534661818566,0.0013750252275441766,0.001205628471889071,0.0012135689448104043,0.001085528818953909,0.001309516325943179,0.0009181171815291369,0.0010329231858500773,0.0015784998461533363,0.0009402843351011919,0.001193386909468683,0.0012268030663459594,0.0012727916386820134
SectionCumProbs: 1_3 0.0011004172056814083,0.0006229962712862572,0.0011292014200212403,0.0008006643529010847,0.0008592253406959163,0.0010368934223107438,0.0008208463882428063,0.0006583975463938676,0.0009783324345159123,0.0010183656521609665,0.0006180334757104242,0.0009105075616461922,0.00102597527204391,0.0011239077714070185,0.0008162144457053619,0.0008803999351528042,0.0007735344037531968,0.0008694817848859712,0.0011470674840942396,0.0007914004678261961,0.000770225873369308,0.001206621031004238,0.0006309367442075906,0.0007450810424517535,0.0009062064721471367,0.0007090180612673657,0.0006722933740062002,0.0012251488011540154,0.0005214243885008721,0.0008813924942679706,0.0009641057538651906,0.0006885051728872551
SectionCumProbs: 2_3 0.00042878553775198616,0.0006057919132900358,0.0005432606890345379,0.000578661964142148,0.0006229962712862574,0.0008446678070068058,0.0006438400127047566,0.0005151381807714832,0.0006686539905839222,0.000825147477741862,0.0007278766844555318,0.00047642837527998475,0.0008264708898954172,0.0009071990312623031,0.0008645189893101385,0.000694791380616644,0.00041952165267709755,0.0009366449516789138,0.0006875126137720887,0.0006620369298161448,0.0007639396656399194,0.0007050478248066995,0.0007483895728356421,0.0005998365585990364,0.0009217565649514142,0.0008026494711314178,0.00055153201499426,0.0007619545474095864,0.0009650983129803573,0.0009369758047173022,0.0007738652567915857,0.0005250637719231496
