HitRate: 3965250/30000000 0.132175
CumReqs: 30000000
CumProbs: 0.13205178497310216
SectionCumProbs: 0_3 0.04407046654819366
SectionCumProbs: 1_3 0.04419398104592464
SectionCumProbs: 2_3 0.04378733737898461
