HitRate: 2268704/3000000 0.756235
CumReqs: 3000000
CumProbs: 0.7606830567606456
SectionCumProbs: 0_3 0.6546059759295622
SectionCumProbs: 1_3 0.06521917461251317
SectionCumProbs: 2_3 0.04085790621859482
