HitRate: 116993/30000000 0.003900
CumReqs: 1875473,1875893,1875314,1875156,1873828,1873776,1876783,1876178,1876824,1872489,1875790,1874100,1874652,1875358,1874185,1874201
CumProbs: 0.0005166666666666645,0.0005281249999999978,0.0005197916666666646,0.0005249999999999977,0.0005343749999999976,0.0005166666666666646,0.0005135416666666646,0.0005145833333333311,0.0005291666666666644,0.0005229166666666645,0.0005249999999999979,0.000515624999999998,0.0005489583333333311,0.0005374999999999978,0.00048437499999999783,0.0005187499999999978
SectionCumProbs: 0_3 0.0001666666666666664,0.00017499999999999967,0.00016666666666666642,0.000170833333333333,0.0001697916666666664,0.00017916666666666645,0.00017083333333333309,0.00016979166666666643,0.00018229166666666643,0.00019062499999999974,0.00017708333333333305,0.00018749999999999968,0.00018020833333333303,0.00017499999999999975,0.0001604166666666664,0.00017187499999999972
SectionCumProbs: 1_3 0.00017916666666666642,0.00018854166666666647,0.00017708333333333305,0.0001833333333333331,0.0001843749999999997,0.00017395833333333304,0.00017083333333333303,0.00017291666666666646,0.0001729166666666664,0.00017708333333333302,0.0001687499999999997,0.00016458333333333307,0.00019166666666666637,0.00018124999999999974,0.00016041666666666637,0.00016666666666666636
SectionCumProbs: 2_3 0.00017083333333333306,0.00016458333333333307,0.0001760416666666664,0.00017083333333333309,0.00018020833333333303,0.00016354166666666644,0.00017187499999999972,0.0001718749999999997,0.00017395833333333307,0.00015520833333333302,0.00017916666666666642,0.00016354166666666638,0.00017708333333333313,0.00018124999999999964,0.00016354166666666635,0.00018020833333333308
