HitRate: 2700284/3000000 0.900095
CumReqs: 3000000
CumProbs: 0.9000000000009354
SectionCumProbs: 0_3 0.30000000000020216
SectionCumProbs: 1_3 0.30000000000020216
SectionCumProbs: 2_3 0.30000000000020216
