HitRate: 35138/3000000 0.011713
CumReqs: 94699,93308,94234,93566,93803,94080,93629,93485,93086,93872,93594,93765,93920,93800,93547,92867,93740,93867,93821,93487,93894,93815,94330,94071,93616,93769,93185,94097,93357,93809,93966,93921
CumProbs: 0.00025520833333333325,0.00028645833333333333,0.00023958333333333327,0.00025,0.00022916666666666658,0.0003125,0.000234375,0.00022395833333333325,0.00024999999999999995,0.0002604166666666666,0.00023958333333333324,0.0002552083333333333,0.0002552083333333332,0.00026041666666666666,0.0002447916666666666,0.00026041666666666666,0.00022916666666666658,0.0002447916666666666,0.0002552083333333333,0.00026041666666666666,0.0002864583333333334,0.00024999999999999995,0.00023437499999999994,0.0002604166666666667,0.00026041666666666666,0.00024999999999999995,0.00026562499999999996,0.00027604166666666673,0.0002604166666666666,0.00024999999999999995,0.00028125000000000003,0.00025520833333333336
SectionCumProbs: 0_3 7.8125e-05,8.333333333333336e-05,6.770833333333336e-05,0.00010937500000000002,8.854166666666667e-05,9.895833333333334e-05,8.333333333333334e-05,6.250000000000001e-05,8.333333333333334e-05,7.812500000000002e-05,9.375000000000002e-05,9.375e-05,9.375e-05,8.854166666666667e-05,7.812500000000002e-05,8.333333333333334e-05,6.250000000000001e-05,7.8125e-05,7.291666666666669e-05,7.812500000000002e-05,8.854166666666667e-05,7.291666666666667e-05,6.770833333333334e-05,7.291666666666669e-05,7.291666666666667e-05,8.333333333333334e-05,7.8125e-05,9.895833333333334e-05,8.333333333333334e-05,7.291666666666667e-05,8.333333333333334e-05,6.770833333333336e-05
SectionCumProbs: 1_3 8.854166666666667e-05,0.00010416666666666667,8.333333333333333e-05,7.8125e-05,7.291666666666669e-05,0.00010937499999999999,8.333333333333334e-05,8.333333333333333e-05,8.333333333333333e-05,9.375e-05,7.812500000000002e-05,9.375e-05,8.854166666666669e-05,9.375000000000002e-05,9.375e-05,8.333333333333334e-05,9.895833333333333e-05,7.812500000000002e-05,0.00010416666666666666,9.895833333333334e-05,9.895833333333334e-05,8.854166666666667e-05,7.812499999999999e-05,7.8125e-05,8.333333333333336e-05,8.333333333333334e-05,9.895833333333336e-05,9.375e-05,8.854166666666666e-05,6.250000000000001e-05,9.895833333333334e-05,0.000109375
SectionCumProbs: 2_3 8.854166666666667e-05,9.895833333333334e-05,8.854166666666667e-05,6.250000000000001e-05,6.770833333333336e-05,0.00010416666666666669,6.770833333333334e-05,7.812500000000002e-05,8.333333333333334e-05,8.854166666666667e-05,6.770833333333333e-05,6.770833333333334e-05,7.291666666666667e-05,7.812500000000002e-05,7.291666666666667e-05,9.375000000000002e-05,6.770833333333333e-05,8.854166666666667e-05,7.812500000000002e-05,8.333333333333333e-05,9.895833333333333e-05,8.854166666666667e-05,8.854166666666666e-05,0.00010937500000000002,0.00010416666666666667,8.333333333333333e-05,8.854166666666669e-05,8.333333333333333e-05,8.854166666666667e-05,0.00011458333333333334,9.895833333333333e-05,7.8125e-05
