HitRate: 2278742/3000000 0.759581
CumReqs: 390808,399409,426386,378894,373631,388752,324852,317268
CumProbs: 0.06834843326009928,0.08095291155327113,0.06309321044183541,0.06422144119214952,0.07229512931122661,0.06526488408590371,0.06310263131478651,0.060870858998444105
SectionCumProbs: 0_3 0.05442893104603178,0.05124110255399853,0.04915096818961021,0.05149254240448603,0.05043870406471672,0.05083178186715842,0.04813741220314894,0.04744189189320874
SectionCumProbs: 1_3 0.0077897624997929245,0.019334230157123974,0.009076848659523499,0.00806849039606976,0.009229531772868631,0.008988812226084067,0.008452147325560367,0.008451497610184431
SectionCumProbs: 2_3 0.006129739714274684,0.010377578842148733,0.004865393592701894,0.004660408391593862,0.012626893473641541,0.005444289992661484,0.006513071786077333,0.004977469495050968
