HitRate: 2540623/3000000 0.846874
CumReqs: 280442,267072,224787,122404,167454,177534,195373,169115,180329,174835,152928,138515,144286,193712,200359,210855
CumProbs: 0.2526124194590046,0.23937634860796023,0.1969812459009828,0.09415035821030031,0.1385909018088247,0.15009099192462338,0.16717325513284498,0.1400487125956854,0.15234044497178845,0.1457626174634403,0.12463171425281472,0.11020473808844379,0.11581225624928,0.16599455300060525,0.17152853917283675,0.18243192502365527
SectionCumProbs: 0_3 0.2304054459981073,0.21687430848640488,0.17500206515372263,0.07269841746644429,0.11535322889913523,0.1270930020075796,0.1426814706898363,0.11756419499056274,0.12757925183861268,0.1225865862633484,0.10089715284140116,0.08723678677100069,0.09390942360933781,0.14413427504343052,0.15104596907025536,0.1608463750919929
SectionCumProbs: 1_3 0.01362219201674152,0.014235480091918128,0.014125964364208007,0.013916319971162943,0.015134760667457699,0.014835000475611152,0.015592536409285934,0.014111257966486941,0.015958944743996017,0.014448253505754896,0.015506488337513682,0.014394747250216533,0.013964193989276223,0.013432260454684281,0.012588363547158095,0.013389392869837723
SectionCumProbs: 2_3 0.008584781444155738,0.008266560029638074,0.00785321638305221,0.007535620772692909,0.008102912242231263,0.008162989441432239,0.008899248033723321,0.00837325963863563,0.008802248389180093,0.008727777694337208,0.008228073073899953,0.008573204067226363,0.0079386386506661,0.00842801750249069,0.007894206555423704,0.008196157061824437
