HitRate: 1679116/3000000 0.559705
CumReqs: 188412,187200,187852,187867,186823,187400,187759,187175,186903,187302,187079,187264,188048,188656,187238,187022
CumProbs: 0.02864583333333336,0.026562499999999992,0.027916666666666683,0.02750000000000001,0.027500000000000014,0.027500000000000007,0.027291666666666676,0.02708333333333333,0.02760416666666667,0.02750000000000001,0.02770833333333334,0.027708333333333342,0.02833333333333333,0.028020833333333342,0.02739583333333333,0.027291666666666665
SectionCumProbs: 0_3 0.00927083333333333,0.008749999999999996,0.00833333333333333,0.009583333333333329,0.0090625,0.008541666666666661,0.009583333333333336,0.009374999999999998,0.009479166666666665,0.008229166666666662,0.009062499999999994,0.00864583333333333,0.009062499999999998,0.009166666666666665,0.008333333333333328,0.00864583333333333
SectionCumProbs: 1_3 0.009895833333333331,0.009479166666666664,0.009583333333333333,0.008645833333333327,0.008854166666666661,0.009479166666666669,0.009062499999999996,0.008854166666666663,0.008854166666666663,0.00989583333333333,0.008854166666666663,0.009999999999999998,0.008749999999999997,0.009374999999999998,0.009687500000000002,0.008958333333333332
SectionCumProbs: 2_3 0.009479166666666664,0.008333333333333331,0.009999999999999997,0.009270833333333329,0.009583333333333329,0.009479166666666665,0.00864583333333333,0.008854166666666665,0.00927083333333333,0.009374999999999998,0.009791666666666664,0.009062499999999996,0.010520833333333333,0.009479166666666664,0.009375,0.009687499999999998
