HitRate: 2809892/3000000 0.936631
CumReqs: 3000000
CumProbs: 0.8633593749995068
SectionCumProbs: 0_3 0.2583177083334374
SectionCumProbs: 1_3 0.27847916666677675
SectionCumProbs: 2_3 0.3265625000001287
