HitRate: 1699421/3000000 0.566474
CumReqs: 3000000
CumProbs: 0.10184945660913321
SectionCumProbs: 0_3 0.03422115640394873
SectionCumProbs: 1_3 0.034039376902483987
SectionCumProbs: 2_3 0.03358892330270052
