HitRate: 1511296/3000000 0.503765
CumReqs: 3000000
CumProbs: 0.5036462616744637
SectionCumProbs: 0_3 0.1689163767126707
SectionCumProbs: 1_3 0.1687349126808398
SectionCumProbs: 2_3 0.16599497228095297
