HitRate: 2892711/3000000 0.964237
CumReqs: 374245,375278,375743,374697,375009,375965,375021,374042
CumProbs: 0.1124544472065265,0.1124962433250604,0.1126063727802446,0.11243620286907127,0.11276526437371832,0.11302566082648834,0.11267105724940404,0.11209320932491304
SectionCumProbs: 0_3 0.03748149858324426,0.03723304387862673,0.03741117495523504,0.03740752608774398,0.037565090820311856,0.03780989665743835,0.03770208920883929,0.037404540650705864
SectionCumProbs: 1_3 0.037289435467124675,0.037700430632706984,0.03777340798252791,0.03786131251753946,0.037587979170937515,0.0372741765667076,0.03735113449924599,0.03735511508196354
SectionCumProbs: 2_3 0.0376835131561576,0.037562768813726645,0.037421789842481706,0.0371673642637879,0.03761219438246897,0.03794158760234245,0.03761783354131878,0.0373335535922437
