HitRate: 18830070/30000000 0.627669
CumReqs: 30000000
CumProbs: 0.6274721939756722
SectionCumProbs: 0_3 0.21879299206670344
SectionCumProbs: 1_3 0.21032398470169214
SectionCumProbs: 2_3 0.19835521720726884
