HitRate: 39764/3000000 0.013255
CumReqs: 3000000
CumProbs: 0.013262234535744724
SectionCumProbs: 0_3 0.004180640599853351
SectionCumProbs: 1_3 0.0046025114756401584
SectionCumProbs: 2_3 0.00447908246025121
