HitRate: 303073/3000000 0.101024
CumReqs: 93929,94129,94469,94308,94100,93393,93869,92860,94452,92474,93182,93488,93022,93841,93934,93262,94105,93252,93557,93938,94369,93849,94183,95187,93680,93470,93585,93996,93141,93253,93523,94200
CumProbs: 0.0031275693842006437,0.0031025834762527273,0.0031568861828595333,0.0031438935107266164,0.0032851471769921765,0.0031562198919809223,0.0031212396208538384,0.0030862593497267546,0.0032128546166628694,0.0031951979083796734,0.0030342886611950857,0.003121239620853839,0.0031452260924838393,0.0031049154943278653,0.003190867017668701,0.003118574457339394,0.0031688794186745346,0.003178873781853701,0.0031798732181716172,0.0030789301500620315,0.0032291787431888417,0.0031588850554953667,0.003085259913408838,0.003247501742350647,0.0031472249651196735,0.0030556099693106417,0.0030859262042874486,0.003144559801605228,0.003097253149223838,0.00318120579992884,0.0031052486397671717,0.0034467227150553753
SectionCumProbs: 0_3 0.0010357491708010015,0.0009891088092982224,0.0010540721699628078,0.0010134284263675286,0.0011316950573210043,0.0011120394764019758,0.001001768335991834,0.0010170930261998899,0.0011150377853557263,0.0010447440976622518,0.0010344165890437793,0.0009707858101364163,0.001128030457488643,0.0010314182800900292,0.001051740151887669,0.0010430783704657239,0.0010943827681187811,0.0010214239169108624,0.0010450772431015573,0.0010057660812635009,0.0011326944936389208,0.0010360823162403072,0.0010280868256969734,0.0010750603326390583,0.0010074318084600286,0.0010350828799223905,0.0010364154616796127,0.0011093743128875314,0.0010327508618472516,0.00109371647724017,0.0010357491708010015,0.0012326381254305905
SectionCumProbs: 1_3 0.0010334171527258628,0.0010690637147315579,0.0010727283145639192,0.0010900518774078086,0.001096048495315309,0.0010480755520553074,0.001098380513390448,0.0010257548076218345,0.0010294194074541958,0.001083055823182392,0.000997770590720167,0.001074394041760447,0.000998770027038084,0.0010167598807605844,0.001033084007286557,0.0010284199711362793,0.0010554047517200298,0.001119701821506004,0.001028419971136279,0.0010080980993386398,0.0010700631510494748,0.0010527395882055854,0.001004766644945584,0.001081390095985864,0.0010903850228471143,0.0010174261716391956,0.001007098663020723,0.001044744097662252,0.0010420789341478072,0.0010600687878703078,0.0010080980993386398,0.001165009601251561
SectionCumProbs: 2_3 0.00105840306067378,0.001044410952222946,0.0010300856983328068,0.0010404132069512795,0.0010574036243558632,0.0009961048635236394,0.0010210907714715567,0.0010434115159050294,0.0010683974238529469,0.0010673979875350302,0.0010021014814311393,0.001076059768956975,0.0010184256079571123,0.0010567373334772522,0.0011060428584944758,0.0010470761157373907,0.0010190918988357233,0.0010377480434368349,0.0011063760039337813,0.0010650659694598913,0.0010264210985004459,0.0010700631510494748,0.0010524064427662797,0.0010910513137257255,0.0010494081338125296,0.0010031009177490563,0.0010424120795871129,0.0009904413910554446,0.0010224233532287789,0.0010274205348183624,0.00106140136962753,0.0010490749883732243
