HitRate: 1033068/3000000 0.344356
CumReqs: 187341,187867,187845,188586,188873,187543,188013,186596,186553,186623,186092,187876,187268,187374,187522,188028
CumProbs: 0.010001154342033133,0.010194303403357993,0.00988669563902584,0.010286325599241657,0.010127969382296919,0.010105207708403402,0.009970588665661861,0.009940998489600299,0.009887671139335554,0.009875314802079089,0.009940998489600299,0.01021869091110099,0.009883769138096665,0.010085372535439117,0.010138699885703841,0.01025413408902085
SectionCumProbs: 0_3 0.0034857877734042987,0.0033947410778303044,0.0032757300400443013,0.0034331107566793443,0.00333458522539748,0.003329382557078974,0.0033697032365474543,0.0033430395614150697,0.003262073035708196,0.0034233557535821276,0.0032367100276554472,0.003413925917254821,0.0033300328906187915,0.0034233557535821293,0.0034155517511043594,0.0033905139098215123
SectionCumProbs: 1_3 0.0032328080264165636,0.003448393594864972,0.0033306832241585993,0.0033817344070340163,0.0033583223996006984,0.0034542465967233008,0.0033267812229197226,0.0033088970505748255,0.0034275829215909223,0.003212322519912416,0.0032074450183638037,0.003389538409511789,0.003323529555220647,0.003358972733140518,0.003389213242741882,0.0034314849228298037
SectionCumProbs: 2_3 0.003282558542212349,0.0033511687306627415,0.003280282374822995,0.003471480435528381,0.0034350617572987845,0.003321578554601205,0.003274104206194757,0.003289061877610488,0.0031980151820364955,0.0032396365285846077,0.003496843443581141,0.00341522658433445,0.0032302066922572986,0.0033030440487164937,0.0033339348918576673,0.0034321352563696215
