HitRate: 2852164/3000000 0.950721
CumReqs: 3000000
CumProbs: 0.8497048611109558
SectionCumProbs: 0_3 0.24263020833336194
SectionCumProbs: 1_3 0.2707986111111305
SectionCumProbs: 2_3 0.3362760416666663
