HitRate: 908050/3000000 0.302683
CumReqs: 93939,93995,94141,94319,94389,93564,93873,93691,93822,93236,93251,93212,93084,93244,94305,93072,93915,93717,93696,93087,93850,94157,94172,94540,94491,94055,93606,93732,93876,93193,92882,93894
CumProbs: 0.028513884184449428,0.028931306328744008,0.028401309715940404,0.02843086466490001,0.02897281608851873,0.028375075547762803,0.028642398400711987,0.028427543884118046,0.028486985860115416,0.028458095067312228,0.028600888640937273,0.02834020734955202,0.02814262089302436,0.02824921795612583,0.02816453804618542,0.02864239840071198,0.02883400745183207,0.028077533589697595,0.028394668154376444,0.028079858136244983,0.028287074857040385,0.028797810941308507,0.028300357980168292,0.0283734151573718,0.028848618887272776,0.02812003958370692,0.028073880730837424,0.028452117661904665,0.02827179926544329,0.028671621271593378,0.028168855061201984,0.028314305259452603
SectionCumProbs: 0_3 0.009501750051472102,0.0096043621776352,0.009491123552969776,0.009591411132585497,0.009663472075554402,0.009677087276760511,0.009619969847310497,0.009408104033420336,0.009479168742154657,0.00945525912052442,0.00945061002742965,0.009386851036415686,0.009287559691034553,0.009420390922313655,0.009501750051472106,0.00935065452589213,0.009580452556004966,0.009409100267654931,0.009366594273645619,0.009433341967363368,0.009540603186621237,0.009703653523016333,0.009482489522936633,0.009583441258708749,0.009648528562035507,0.00933072984120026,0.009460572369775582,0.009390503895275858,0.009561856183625891,0.009645207781253528,0.009281914363705197,0.00957978839984857
SectionCumProbs: 1_3 0.009401130393778188,0.009741842502009072,0.009457583667071797,0.009436994826223543,0.009642883234706143,0.009283574754096182,0.00948315367909303,0.009520346423851179,0.009512044471896226,0.00954193149893403,0.009553222153592748,0.009446293012413079,0.009489463162578786,0.009351318682048524,0.009287559691034557,0.009722914051551797,0.009768408748264897,0.009092629859132478,0.009440647685083717,0.009416738063453481,0.009414413516906094,0.009548240982419787,0.009341356339702594,0.009241732916243266,0.00951005200342705,0.00940212662801278,0.00938253402139911,0.009738189643148897,0.00926265383516973,0.00947883666407646,0.009509719925348853,0.009452270417820645
SectionCumProbs: 2_3 0.009611003739199162,0.00958510164909974,0.009452602495898833,0.009402458706090978,0.009666460778258185,0.009414413516906098,0.009539274874308449,0.00949909342684652,0.009495772646064545,0.00946090444785378,0.009597056459914856,0.009507063300723262,0.009365598039411024,0.009477508351763666,0.009375228303678767,0.009568829823268048,0.009485146147562218,0.009575803462910204,0.009587426195647118,0.00922977810542815,0.009332058153513055,0.009545916435872406,0.009476512117529071,0.009548240982419787,0.009690038321810222,0.009387183114493878,0.009230774339662741,0.009323424123479912,0.009447289246647674,0.009547576826263393,0.009377220772147948,0.009282246441783394
