HitRate: 2961059/3000000 0.987020
CumReqs: 3000000
CumProbs: 0.9883204043232284
SectionCumProbs: 0_3 0.8440622223981726
SectionCumProbs: 1_3 0.09115207047105173
SectionCumProbs: 2_3 0.05310611145400505
