HitRate: 650132/3000000 0.216711
CumReqs: 93801,93709,93692,93571,93703,93583,93908,93478,94185,93937,93545,93774,93698,94040,93172,94235,93593,93597,93023,93763,93887,93510,93617,94330,93426,94207,93633,94092,93903,93944,93812,93632
CumProbs: 0.02021186911616445,0.020324464136110578,0.020410179535688085,0.02169087738009656,0.020862707381749036,0.019957868635715654,0.019808089056195778,0.020155831941497622,0.02004985377725161,0.02049094856444712,0.020169933437251958,0.020349022433331986,0.02079189617845342,0.01986280285972259,0.020502511790965676,0.019749188193160388,0.020115328106769408,0.019994836249200853,0.020896854696083374,0.020151037432941155,0.02014003826625277,0.019597217458146382,0.01978372601045407,0.020320298771210846,0.02054475119440211,0.02055700864840397,0.020281074918404956,0.02076458266590773,0.020119081274100933,0.020559221498506936,0.020174727945808428,0.020639035964476464
SectionCumProbs: 0_3 0.006704718865963786,0.007085307389068795,0.0074170613476461054,0.007061139594806754,0.006269394844723116,0.006798005684030908,0.006400929258197758,0.006721402020171604,0.007139587300418549,0.007035084369574517,0.0066877319872320285,0.006809568910549461,0.007290842113340404,0.006657901900059401,0.006592818073500944,0.006877993706871252,0.007186491044758342,0.007475463234677895,0.007036516213758805,0.006802908665631648,0.006556306046801651,0.006405940712842759,0.006548669544485457,0.00633339394083893,0.007331931702507646,0.0068011730969234204,0.006693632920839995,0.007120235709321832,0.006605986701074607,0.006626314549569697,0.006876475084251556,0.007255675152389984
SectionCumProbs: 1_3 0.006761276711243085,0.006458224720178055,0.006633235129793747,0.007499457472069114,0.007044282883728114,0.006505041686082436,0.00668528049643166,0.006579627751318429,0.006522484151600104,0.006801151402314569,0.007008551862947519,0.007072616042889894,0.006763532950563781,0.006467531707375914,0.00736100247837042,0.006624448813208354,0.0070044081926566295,0.006576200003119685,0.006613579814173093,0.0067701498062638895,0.006787657355608116,0.006442604601804025,0.006947156119894041,0.007139847635724782,0.0066658421268995325,0.007063374139518591,0.006942817198123477,0.006533396539853072,0.006670050881016981,0.006650634206093707,0.0067105764103540496,0.006960086106770322
SectionCumProbs: 2_3 0.0067458735389575855,0.006780932026863743,0.006359883058248223,0.007130280313220688,0.007549029653297805,0.006654821265602301,0.006721879301566366,0.006854802170007592,0.00638778232523295,0.006654712792558039,0.006473649587072408,0.006466837479892623,0.006737521114549249,0.006737369252287277,0.006548691239094312,0.006246745673080771,0.005924428869354436,0.005943173011403272,0.007246758668151477,0.006577978961045617,0.006796074863843008,0.006748672143499598,0.006287900346074571,0.006847057194647133,0.006546977364994938,0.006692461411961942,0.006644624799441477,0.007110950416732827,0.0068430436920093604,0.0072822727428435395,0.006587676451202826,0.006423274705316162
