HitRate: 2366167/3000000 0.788722
CumReqs: 177990,199151,209243,105338,118172,147491,130385,102324,68760,85036,86232,87421,79566,93517,101531,95311,76344,63094,63422,66609,74849,68434,78759,74844,88006,75371,71264,55115,57720,67440,67799,63462
CumProbs: 0.15797901501609876,0.1791351046339767,0.18946403964871703,0.08604384395284405,0.09803036560322151,0.12732372729900485,0.11137724061206761,0.08301615344911692,0.04942816406396213,0.06623772811867712,0.06609996285370379,0.06757480606708179,0.06024305189693026,0.07435424104706616,0.08165548555807987,0.07606309649135781,0.057521716114856,0.04363069976262226,0.043360201753770686,0.04670588468418259,0.05514479349521493,0.048993165521820675,0.05989360621340222,0.05573988911468845,0.06898894449475218,0.055673208210180805,0.05228506338303069,0.03577084541007348,0.038148397094851474,0.047239017387674866,0.04798037065146941,0.043894907120105214
SectionCumProbs: 0_3 0.1480520526238152,0.16956293497888367,0.17942541819463945,0.0761898531164359,0.08832011615058678,0.11731624456920181,0.10085486806774138,0.07327004728368094,0.03936029108102012,0.05538761263804451,0.0548503910111625,0.05617520218939835,0.049660289099464905,0.063860176433899,0.07143128988862714,0.06572472549956405,0.04729311698944525,0.034069853279992825,0.03287368592224568,0.03652918343256311,0.044385892459427735,0.039190128961498344,0.04877550898446563,0.045645909928566535,0.058354912888632544,0.04532162685051312,0.0425634907579323,0.026629585373732362,0.028009125218875365,0.0370651469291713,0.03736332380404496,0.034450752220364006
SectionCumProbs: 1_3 0.006601724078820604,0.005861314412731526,0.005807214810961211,0.006208558368280534,0.00603525092307446,0.006447603120288899,0.006840139765692107,0.006430618361593566,0.006329967939695294,0.007337101223814767,0.007466374109440351,0.007299986380739786,0.007145865422208073,0.0067662246121105735,0.006711181412634965,0.006506420710585695,0.006713068608045563,0.005995619819452016,0.006752385179099566,0.006549197139892447,0.006965009195359638,0.006243471483376477,0.007622696795951086,0.0068681331642825635,0.006862157045482353,0.006525292664691606,0.006030532934547968,0.005896227527827478,0.00680837197628047,0.006631604672821652,0.006639782519600884,0.006102560892718926
SectionCumProbs: 2_3 0.0033252383134637856,0.003710855242361497,0.004231406643116564,0.0036454324681276296,0.003674998529560241,0.00355987960951411,0.0036822327786341833,0.0033154878038423904,0.0037379050432466525,0.003513014256817725,0.0037831977331008767,0.004099617496943537,0.0034368973752571708,0.00372784000105683,0.003513014256817729,0.0038319502812078454,0.003515530517365186,0.003565226663177455,0.0037341306524254713,0.003627504111727003,0.0037938918404275624,0.003559565076945673,0.003495400432985534,0.0032258460218392553,0.0037718745606373193,0.0038262886949760634,0.0036910396905502777,0.003245032508513611,0.0033308998996955624,0.0035422657856819142,0.003977264327823456,0.0033415940070222546
