HitRate: 18831287/30000000 0.627710
CumReqs: 30000000
CumProbs: 0.6273569748901942
SectionCumProbs: 0_3 0.2190241762706089
SectionCumProbs: 1_3 0.21052775437331855
SectionCumProbs: 2_3 0.1978050442462705
