HitRate: 2743773/3000000 0.914591
CumReqs: 3000000
CumProbs: 0.9188178829026448
SectionCumProbs: 0_3 0.7853699196477526
SectionCumProbs: 1_3 0.0830698591576188
SectionCumProbs: 2_3 0.05037810409730941
