HitRate: 1144189/3000000 0.381396
CumReqs: 92878,93058,92738,92705,91798,91675,93434,93757,93962,93145,93583,93670,94282,94862,99030,100099,97568,94604,92262,93935,94385,94697,93243,93998,93052,91735,91509,89860,90594,93333,94728,95821
CumProbs: 0.0010606969151842225,0.0009351056033046838,0.0007682057432207342,0.000773535878472916,0.0008711439802784993,0.0007472183356652673,0.0005736558065160904,0.0008471583716436807,0.0009970684256112997,0.0009684189486308212,0.0007505496701978813,0.0006289559597574786,0.0005933106802585116,0.0006589379705510028,0.0006569391698314346,0.0009434339396362181,0.0007921913518555534,0.0007049103871010729,0.0010676927177027116,0.0008611499766806581,0.0008664801119328404,0.0009341062029448999,0.0009594243453927644,0.0010990072623092808,0.0009837430874808446,0.0006142980878139783,0.0006316210273835699,0.0006895862482510492,0.0007898594176827237,0.000864481311213272,0.000722899593577187,0.001099673529215804
SectionCumProbs: 0_3 0.0004334066226930508,0.0003078153108135119,0.00024185488706775934,0.0002775001665667267,0.0003148111133320008,0.0001402491838230395,0.00018488906656006395,0.00028316343527217005,0.00040409087880604976,0.0003244719834765807,0.00023186088346991804,9.36105003664468e-05,0.0002841628356319541,0.00021520421080684923,9.827436871210607e-05,0.00025184889066560067,0.00015990405756546072,0.00022753014857752014,0.00044773136118329,0.00022886268239056566,0.0004917049770137917,0.0001968818708774735,0.00045672596442134715,0.00033479912052768336,0.0003331334532613765,0.00026717302951562394,6.52941568392298e-05,0.00036777933240055965,0.0003771070690918782,0.0002045439403024852,0.000272503164767806,0.0003711106669331734
SectionCumProbs: 1_3 0.00024285428742754347,0.0001998800719568259,0.0002541808248384303,0.0002645079618895329,0.0003191418482243987,0.0003041508428276368,0.0001825571323872343,0.0003491238590179226,0.00030981411153308013,0.0003364647877939903,0.00018655473382637083,0.00026051036045039646,0.00016789926044373374,0.00024285428742754347,0.00017222999533613164,0.0004247451529082551,0.00034412685721900194,0.0002988207075754547,0.0003377973216070358,0.0002651742287960557,0.00012992204677193684,0.00034579252448530885,0.0002168698780731561,0.0004404024252115398,0.00044639882737024445,0.00018488906656006392,0.0002361916183623159,0.00016256912519155173,0.0002338596841894863,0.00034346059031247915,0.0002241988140449064,0.00035945099606902526
SectionCumProbs: 2_3 0.0003844360050636285,0.000427410220534346,0.0002721700313145446,0.00023152775001665667,0.00023719101872210008,0.00030281830901459126,0.0002062096075687921,0.0002148710773535879,0.00028316343527217005,0.00030748217736025054,0.0003321340529015924,0.0002748350989406356,0.0001412485841828236,0.00020087947231661003,0.00038643480578319674,0.0002668398960623626,0.0002881604370710907,0.0001785595309480978,0.0002821640349123859,0.00036711306549403697,0.00024485308814711174,0.0003914318075821174,0.00028582850289826103,0.00032380571657005794,0.0002042108068492238,0.00016223599173829036,0.00033013525218202413,0.000159237790658938,0.0001788926644013592,0.0003164767805983077,0.0002261976147644746,0.00036911186621360517
