HitRate: 2951390/3000000 0.983797
CumReqs: 186336,190576,182559,192214,183668,183229,195620,194570,186032,182414,186147,188686,187839,186914,187446,185750
CumProbs: 0.055795704818896244,0.056899841027850444,0.05531077132452678,0.058058076000289435,0.05552195203981668,0.055476000680471184,0.058385275750522554,0.05866880541456926,0.05690179640484392,0.05447615124449971,0.05659773528236623,0.057246268651852276,0.05672353120227657,0.05640708602550725,0.05598472459492738,0.05576213751384244
SectionCumProbs: 0_3 0.019356928650248892,0.018767382486731144,0.01975810683006666,0.019935068447971646,0.01862594355087337,0.01963654756030872,0.020437600335281973,0.019557354792074984,0.018859936997753273,0.017037199743715255,0.019407442555912372,0.017336372423709327,0.020278888902648954,0.019210927168073128,0.019712807263052304,0.01950358192475579
SectionCumProbs: 1_3 0.017755148996467938,0.018520353193228402,0.018277234653712515,0.018904258876270914,0.01855978662926247,0.018691122783987543,0.01853567031301023,0.020512882349528853,0.019584078277651802,0.019274476920359447,0.01888242383317765,0.01943384014532362,0.02021273198103805,0.018436597878676683,0.018903932980105335,0.019769513195861642
SectionCumProbs: 2_3 0.018683627172179425,0.019612105347890894,0.01727542984074758,0.019218748676046827,0.018336221859680833,0.017148330336174935,0.019412005102230363,0.018598568272965407,0.0184577811294388,0.01816447458042498,0.018307868893276173,0.020476056082819334,0.016231910318589574,0.018759560978757438,0.017367984351769717,0.016489042393225007
