HitRate: 10048/3000000 0.003349
CumReqs: 187032,187665,186483,186744,187432,187893,188467,187518,187619,188089,187623,187846,187203,187806,187098,187482
CumProbs: 0.0006548629153630505,0.0006375332097147664,0.0006515302796614574,0.0006468645896792272,0.0006308679383115805,0.0006282018297503056,0.0006035403255585164,0.0006362001554341291,0.0006491974346703422,0.000666860403888786,0.0006332007833026952,0.0006708595667306976,0.0006601951324855997,0.0006358668918639698,0.0006312012018817395,0.0006545296517928914
SectionCumProbs: 0_3 0.0002129554213318012,0.00022861880912928895,0.0002182876384543502,0.00021728784774387226,0.0002126221577616419,0.00022162027415594337,0.00020662341349877425,0.0002022909870867032,0.0002122888941914826,0.0002176211113140316,0.00020828973134957084,0.00020962278563020804,0.0002376169255235904,0.00020662341349877425,0.0002099560492003674,0.00021728784774387226
SectionCumProbs: 1_3 0.00021662132060355367,0.00021195563062132325,0.00021795437488419093,0.0002136219484721198,0.00021462173918259777,0.00021762111131403157,0.00019895835138511003,0.00021562152989307572,0.00020695667706893355,0.00021662132060355365,0.0002156215298930757,0.0002109558399108453,0.00020928952206004874,0.0002172878477438723,0.0002006246692359066,0.00022461964628737717
SectionCumProbs: 2_3 0.0002252861734276958,0.00019695876996415416,0.00021528826632291641,0.000215954793463235,0.0002036240413673404,0.00018896044428033063,0.00019795856067463213,0.0002182876384543502,0.00022995186340992618,0.0002326179719712007,0.0002092895220600488,0.0002502809411896443,0.00021328868490196049,0.00021195563062132328,0.00022062048344546545,0.0002126221577616419
