HitRate: 2707898/3000000 0.902633
CumReqs: 3000000
CumProbs: 0.9015800101614161
SectionCumProbs: 0_3 0.3043746321311659
SectionCumProbs: 1_3 0.30022987955030267
SectionCumProbs: 2_3 0.29697549847994703
