HitRate: 2974469/3000000 0.991490
CumReqs: 3000000
CumProbs: 0.9994317601096553
SectionCumProbs: 0_3 0.6259306446676164
SectionCumProbs: 1_3 0.22089097715002698
SectionCumProbs: 2_3 0.1526101383159461
