HitRate: 545858/3000000 0.181953
CumReqs: 375574,373426,375242,373353,375456,375301,376208,375440
CumProbs: 0.0012835135007222467,0.0012595163643805173,0.0013118434533479007,0.0013101769855463916,0.0013095103984257879,0.0013181760309936346,0.0012108555045764538,0.0012861798492046614
SectionCumProbs: 0_3 0.00044394702232200284,0.0003982858045606558,0.00042428270226419645,0.00042761563786721456,0.00041861671173906576,0.0004682774522240346,0.00041861671173906576,0.00042028317954057487
SectionCumProbs: 1_3 0.0004219496473420839,0.00043928091247777765,0.0004176168310581604,0.00044194726096019203,0.00044894642572652996,0.00043894761891747583,0.00038928687843250705,0.00043828103179687226
SectionCumProbs: 2_3 0.00041761683105816043,0.0004219496473420839,0.0004699439200255436,0.00044061408671898484,0.0004419472609601921,0.00041095095985212436,0.00040295191440488105,0.0004276156378672145
