HitRate: 3479914/30000000 0.115997
CumReqs: 30000000
CumProbs: 0.08393489583349038
SectionCumProbs: 0_3 0.027816666666663853
SectionCumProbs: 1_3 0.02794791666666383
SectionCumProbs: 2_3 0.028170312499997147
