HitRate: 2901210/3000000 0.967070
CumReqs: 375003,374562,374823,373538,375846,377443,374097,374688
CumProbs: 0.11268784842725826,0.11309079905140419,0.11313859602253247,0.11271032249977499,0.1132724908489374,0.113785912618274,0.11316613467477162,0.11317879612407729
SectionCumProbs: 0_3 0.037955226582966003,0.038393629265167435,0.038308481018588254,0.03792040759737602,0.03833791888822348,0.03819674372846762,0.038006188916420526,0.038418952163778414
SectionCumProbs: 1_3 0.03778018204631819,0.03738419521928997,0.038012836177305886,0.03782607980005038,0.03794478088728903,0.03814324910515204,0.03818376574292952,0.03793750055393833
SectionCumProbs: 2_3 0.03695243979797386,0.03731297456694681,0.03681727882663816,0.036963835102348845,0.03698979107342503,0.03744591978465405,0.036976180015421654,0.03682234340636043
