HitRate: 30071/3000000 0.010024
CumReqs: 3000000
CumProbs: 0.00999999999999999
SectionCumProbs: 0_3 0.0033333333333333288
SectionCumProbs: 1_3 0.0033333333333333288
SectionCumProbs: 2_3 0.0033333333333333288
