HitRate: 2738671/3000000 0.912890
CumReqs: 3000000
CumProbs: 0.607773588496433
SectionCumProbs: 0_3 0.24940219325562785
SectionCumProbs: 1_3 0.1879229444098425
SectionCumProbs: 2_3 0.1704484508309362
