HitRate: 2968011/3000000 0.989337
CumReqs: 404873,396317,407019,319531,404332,370762,375585,321581
CumProbs: 0.1253133654084111,0.12731050661394264,0.13936856295885872,0.11332019812793796,0.1302722188144025,0.12549064402890714,0.1125136793640419,0.10783431545782766
SectionCumProbs: 0_3 0.07968051961013771,0.09226235369742354,0.09564577413148506,0.07733249679689613,0.08741956548076907,0.08830440350762621,0.07200805925007597,0.0746665317049503
SectionCumProbs: 1_3 0.028797879894722926,0.021734726436044037,0.027202089569244185,0.015676575938370515,0.025049158060853245,0.02111778552707952,0.03073720056135278,0.020768176253965646
SectionCumProbs: 2_3 0.016834965903552414,0.013313426480477158,0.016520699258128557,0.02031112539267323,0.017803495272780724,0.016068454994202327,0.00976841955261478,0.012399607498912786
