HitRate: 400028/30000000 0.013334
CumReqs: 30000000
CumProbs: 0.013263716546100897
SectionCumProbs: 0_3 0.004461013385988729
SectionCumProbs: 1_3 0.004377853202615589
SectionCumProbs: 2_3 0.004424849957496582
