HitRate: 347611/3000000 0.115870
CumReqs: 374156,374716,374761,376360,374819,374463,375553,375172
CumProbs: 0.010250000000000006,0.010645833333333335,0.010666666666666677,0.010604166666666673,0.010125000000000004,0.010875000000000008,0.010041666666666659,0.01002083333333334
SectionCumProbs: 0_3 0.0032708333333333326,0.0036041666666666683,0.0036666666666666688,0.003687500000000001,0.003541666666666667,0.003687500000000001,0.0035416666666666682,0.0032083333333333334
SectionCumProbs: 1_3 0.0033541666666666685,0.003500000000000001,0.003479166666666669,0.003541666666666669,0.003333333333333335,0.003416666666666669,0.0033333333333333357,0.003395833333333334
SectionCumProbs: 2_3 0.003625,0.00354166666666667,0.0035208333333333354,0.0033750000000000017,0.0032499999999999985,0.0037708333333333357,0.0031666666666666666,0.0034166666666666677
