HitRate: 1774847/3000000 0.591616
CumReqs: 93113,93345,92614,92946,91859,91448,93645,93814,93368,92780,93616,94071,93992,94970,98950,99781,97595,95073,92054,93741,94540,94668,93529,93439,92938,92703,91304,90133,90874,92911,94792,95394
CumProbs: 0.006522563619463995,0.007449067891071934,0.007471883306753924,0.006686900744014012,0.006747411194301041,0.006604897510838152,0.006564226552448504,0.006652512291391873,0.006427995374753123,0.006275561945341542,0.006816518757743598,0.0070168976259072065,0.0065506695663186225,0.006402204035286519,0.006708724185101135,0.006791719392871866,0.006963330997784258,0.006733854208171158,0.005853642084323794,0.006243488100107424,0.0076563905813996115,0.007693754957806355,0.007661019796175671,0.007602162636880094,0.007348217140593556,0.00683371298405467,0.00625671442803902,0.007549257325153729,0.007425591158993356,0.007007308538156799,0.007163379207749569,0.00705889121709
SectionCumProbs: 0_3 0.0025943442237815325,0.0031584471100638807,0.0031852304241253514,0.001899631349174727,0.002805304154290406,0.0027728996508580082,0.0028039815214972483,0.002696848265251361,0.0022984051363121884,0.0024584437042844388,0.0029339301934251274,0.0027246235539077025,0.003096283368785404,0.0025374710136756933,0.002667419685603573,0.0026002960713507493,0.003039740816877853,0.002551358658003863,0.002133737353563884,0.0025573105055730783,0.0027639718795041857,0.002459435678879308,0.0028129092928510717,0.0029031789809841773,0.003236151786661977,0.002817869165825418,0.0024326523648178352,0.002551689316202152,0.0027967070411348723,0.0022554195705345196,0.002763310563107606,0.002803320205100669
SectionCumProbs: 1_3 0.002051734120388021,0.002482912410957881,0.0021026554829246457,0.0025556572145816314,0.001930382561615675,0.0020778561180529133,0.0020371851596632713,0.002144979732305735,0.0019816345823505904,0.002041814374439328,0.002084799940216997,0.002325188450373662,0.0019690695708155783,0.0025100263832176415,0.002014700402179567,0.002604925286126807,0.0019951915684804714,0.002444556059956269,0.0018635896055611417,0.001901284640166175,0.002615506348472079,0.002702800112820578,0.0027107359095795325,0.002542430886650039,0.002068597688500799,0.0019221161066584303,0.0022319428384559446,0.002886315412871399,0.002315599362623257,0.002159198034832196,0.002143987757710867,0.0023466812332624955
SectionCumProbs: 2_3 0.0018764852752944424,0.0018077083700501707,0.0021839973997039284,0.002231612180257656,0.00201172447839496,0.0017541417419272294,0.0017230598712879898,0.001810684293834779,0.0021479556560903444,0.0017753038666177734,0.001797788624101478,0.0019670856216258397,0.0014853166267176454,0.0013547066383931873,0.0020266040973179983,0.0015864980353943153,0.001928398612425937,0.00173793949021103,0.001856315125198768,0.0017848929543681767,0.0022769123534233542,0.0025315191661064765,0.0021373745937450723,0.0021565527692458787,0.002043467665430777,0.002093727711570822,0.0015921192247652413,0.0021112525960801792,0.0023132847552352308,0.002592690932790085,0.002256080886931099,0.0019088897787268402
