HitRate: 2911801/3000000 0.970600
CumReqs: 3000000
CumProbs: 0.9917308900659895
SectionCumProbs: 0_3 0.3971392081931937
SectionCumProbs: 1_3 0.3470905782934484
SectionCumProbs: 2_3 0.24750110357413155
