HitRate: 1510503/3000000 0.503501
CumReqs: 94728,93881,93758,93971,93978,93650,93659,93322,93402,94469,93690,94037,93493,94250,93591,93461,93765,93799,93801,93569,93168,93990,93928,93434,93990,93465,93329,94154,93529,93668,93768,93303
CumProbs: 0.016393469327648846,0.01613283147514834,0.01599860298111062,0.016080703904648264,0.016212326020161014,0.01607907491807014,0.016024992563676302,0.01611556421742021,0.01600186095426688,0.016342644946411244,0.01603053111804193,0.01618235266712348,0.015921714814622973,0.016139021624145256,0.015998602981110617,0.015954294546185535,0.01605073055161073,0.01599729979184811,0.016147166557035894,0.016097971162376424,0.015966349046863688,0.016106116095267062,0.016195384559748473,0.01602075719857316,0.016266408374554862,0.016118822190576483,0.016033137496566922,0.016158895260398404,0.01597970673680437,0.016095364783851415,0.01613771843488277,0.015951362370344897
SectionCumProbs: 0_3 0.005469159537406907,0.005454824455519386,0.005407258047438049,0.005445702130681871,0.005456779239413135,0.005346333949416056,0.005306586676909734,0.005422896318588075,0.005388036005816136,0.00552389348643201,0.0054268058863755795,0.005443421549472492,0.005365555991037959,0.005444073144103739,0.00537076874808798,0.005402371087703669,0.0053818458568192515,0.005405303263544289,0.005371420342719227,0.0055320384193226465,0.005342750178944176,0.0055150969589101186,0.005480562443453802,0.005339492205787921,0.005480562443453806,0.0054118192098568055,0.005363927004459843,0.005401393695756779,0.005395203546759893,0.005484797808556938,0.005384126438028628,0.005353175693044194
SectionCumProbs: 1_3 0.0055001102823913385,0.0053600174366723345,0.005370117153456726,0.005335908435316038,0.005440489373631854,0.005402045290388037,0.005405629060859915,0.00537598150513799,0.005363275409828589,0.005448960103838118,0.005355782071569208,0.005444398941419364,0.0052951837708628425,0.005410516020594302,0.005298115946703471,0.0053411211923660475,0.005323853934637887,0.005325808718531647,0.005432670238056845,0.005294857973547217,0.005314080015169125,0.005293228986969088,0.005372723531981734,0.005318641177587879,0.005417357764222439,0.00529713855475659,0.005386732816553635,0.005330044083634773,0.005323853934637891,0.005345356557469179,0.00539324876286615,0.005316686393694132
SectionCumProbs: 2_3 0.005424199507850573,0.005317989582956628,0.005221227780215828,0.005299093338650346,0.005315057407116004,0.005330695678266028,0.00531277682590662,0.005316686393694135,0.005250549538622133,0.005369791356141099,0.005247943160097129,0.005294532176231595,0.005260975052722148,0.0052844324594471985,0.005329718286319153,0.005210802266115805,0.005345030760153548,0.005266187809772162,0.005343075976259807,0.005271074769506545,0.005309518852750368,0.005297790149387842,0.005342098584312929,0.005362623815197332,0.005368488166878604,0.005409864425963051,0.005282477675553442,0.00542745748100683,0.005260649255406522,0.005265210417825287,0.005360343233987961,0.005281500283606561
