HitRate: 3640211/30000000 0.121340
CumReqs: 30000000
CumProbs: 0.07864652777782982
SectionCumProbs: 0_3 0.02595416666666352
SectionCumProbs: 1_3 0.026263194444441317
SectionCumProbs: 2_3 0.026429166666663683
