HitRate: 351234/30000000 0.011708
CumReqs: 30000000
CumProbs: 0.008326432291678279
SectionCumProbs: 0_3 0.0027741536458330586
SectionCumProbs: 1_3 0.002772656249999726
SectionCumProbs: 2_3 0.002779622395833058
