HitRate: 2260663/3000000 0.753554
CumReqs: 93417,93424,93667,93377,91688,91728,93289,92787,93529,93672,93577,94126,94697,95292,99438,99569,96755,94600,92259,93774,94246,93883,93128,94346,93054,91968,91628,91191,89939,91573,94315,96064
CumProbs: 0.024748607774511353,0.02633062126515025,0.027203945698080812,0.02577395184509894,0.025794137025202744,0.02498672982104891,0.02551406765126192,0.02544499648809407,0.026180809381567048,0.026884136750810472,0.02574714340277352,0.02544972738968089,0.02653184227931052,0.02657347421327476,0.02795016657504489,0.027028586945928613,0.026236634020291746,0.026129715644429227,0.025459819979732772,0.026973077700643,0.026640022228929586,0.02742377492514923,0.027127305092373974,0.025859738860540254,0.025759128353460208,0.02489495033026424,0.026011443104758218,0.02623190311870494,0.02570267292785716,0.02505012390231252,0.025485997635179964,0.02590010922074792
SectionCumProbs: 0_3 0.01030831916428308,0.010550541325529232,0.010925544124646018,0.010992092140300872,0.010161345821651945,0.01028403386947064,0.01010867511731847,0.00981535921893446,0.011152312007375155,0.01070256096318632,0.010521840522569078,0.010179323247681931,0.010926174911524245,0.011019531369504539,0.011179435843139686,0.010742300536515766,0.011404942152112362,0.010847326551743608,0.00999671044642995,0.010568203358120112,0.010572618866267824,0.011331140087357677,0.01012980647773968,0.010077766560284453,0.009928270070140327,0.010456238687231572,0.009923539168553486,0.010617404734623227,0.010335127606608506,0.009644731368369118,0.010292549492326945,0.010272364312223095
SectionCumProbs: 1_3 0.007812926273945054,0.008010993353714045,0.008956858277642737,0.008067764172756127,0.008367072546483474,0.007557772981694882,0.00752276430995226,0.008616864150268558,0.008116334762380993,0.00854653141334422,0.008188559859940079,0.007618013128567284,0.008136204549045721,0.008407442906691156,0.008650926641693809,0.00860866392085137,0.008134627581850105,0.0072780190011931195,0.008537069610170549,0.008885579360401016,0.008601409871751566,0.008585955593234551,0.008754060296286904,0.008162066811053775,0.008452859561924814,0.007838788535953113,0.008116019368941877,0.007768455799028774,0.007972830747580217,0.00761801312856729,0.00776277871712456,0.008034332468209124
SectionCumProbs: 2_3 0.006627362336283208,0.007769086585907013,0.007321543295792046,0.0067140955320419225,0.0072657186570673485,0.007144922969883397,0.007882628223991155,0.007012773118891024,0.006912162611810914,0.0076350443742799114,0.00703674302026434,0.007652391013431653,0.007469462818740549,0.007146499937078997,0.008119804090211348,0.007677622488561464,0.006697064286329298,0.008004370091492468,0.006926039923132306,0.007519294982121916,0.007465993490910196,0.007506679244557019,0.008243438318347403,0.007619905489202029,0.007377998721394993,0.006599923107079534,0.007971884567262855,0.007846042585052932,0.007394714573668496,0.00778737940537613,0.007430669425728462,0.007593412440315734
