HitRate: 18831863/30000000 0.627729
CumReqs: 30000000
CumProbs: 0.6274860512358125
SectionCumProbs: 0_3 0.21887023194801988
SectionCumProbs: 1_3 0.21036321727811613
SectionCumProbs: 2_3 0.19825260200966782
