HitRate: 2469544/3000000 0.823181
CumReqs: 3000000
CumProbs: 0.5308311863807395
SectionCumProbs: 0_3 0.18069447601727645
SectionCumProbs: 1_3 0.17667557020535002
SectionCumProbs: 2_3 0.17346114015811814
