HitRate: 1744942/3000000 0.581647
CumReqs: 94014,93560,94440,93545,93495,93674,93901,93617,93824,93806,93634,93569,93276,93885,93284,93326,93948,93550,93674,93546,93582,94171,93896,93599,94049,93721,93628,94106,93710,93771,94026,94173
CumProbs: 0.013263888888888895,0.013437500000000014,0.013472222222222231,0.013645833333333348,0.013298611111111124,0.012847222222222239,0.013263888888888903,0.012986111111111122,0.01319444444444445,0.012881944444444456,0.012916666666666675,0.013090277777777794,0.012465277777777792,0.012777777777777789,0.013263888888888896,0.012986111111111118,0.01312500000000001,0.012986111111111124,0.013020833333333351,0.013923611111111126,0.013263888888888895,0.013055555555555558,0.013576388888888905,0.012256944444444452,0.01281250000000001,0.01319444444444446,0.01302083333333335,0.013402777777777783,0.013333333333333341,0.013333333333333348,0.013090277777777791,0.013437500000000008
SectionCumProbs: 0_3 0.004131944444444444,0.004548611111111111,0.004166666666666667,0.00472222222222222,0.004027777777777778,0.0043055555555555555,0.004062499999999999,0.0041319444444444416,0.004409722222222223,0.003993055555555554,0.00392361111111111,0.0038888888888888888,0.0043055555555555555,0.004201388888888889,0.004652777777777778,0.003819444444444444,0.004166666666666666,0.0043749999999999995,0.0037847222222222223,0.004097222222222223,0.003611111111111111,0.004270833333333333,0.0043055555555555555,0.0038888888888888896,0.004131944444444446,0.004131944444444444,0.004027777777777778,0.004166666666666667,0.004027777777777778,0.003854166666666667,0.004201388888888889,0.004027777777777776
SectionCumProbs: 1_3 0.004236111111111111,0.004201388888888888,0.004583333333333335,0.004201388888888888,0.004236111111111111,0.004166666666666667,0.004479166666666666,0.004618055555555555,0.0042361111111111115,0.004236111111111111,0.004340277777777776,0.0044444444444444444,0.004270833333333334,0.003993055555555556,0.0037500000000000007,0.004756944444444444,0.004652777777777777,0.0040277777777777786,0.004756944444444443,0.004687499999999999,0.004861111111111112,0.003993055555555555,0.004548611111111112,0.004409722222222223,0.004236111111111111,0.004652777777777778,0.0046527777777777765,0.004444444444444445,0.004756944444444444,0.004201388888888887,0.004340277777777776,0.004270833333333331
SectionCumProbs: 2_3 0.004895833333333333,0.004687499999999999,0.004722222222222221,0.004722222222222224,0.005034722222222223,0.0043749999999999995,0.0047222222222222205,0.004236111111111112,0.004548611111111111,0.004652777777777777,0.004652777777777779,0.004756944444444446,0.0038888888888888883,0.004583333333333332,0.004861111111111109,0.004409722222222221,0.0043055555555555555,0.004583333333333332,0.004479166666666668,0.00513888888888889,0.004791666666666667,0.004791666666666666,0.004722222222222221,0.003958333333333332,0.004444444444444444,0.004409722222222222,0.004340277777777777,0.004791666666666669,0.004548611111111112,0.005277777777777779,0.00454861111111111,0.005138888888888892
