HitRate: 3480056/30000000 0.116002
CumReqs: 30000000
CumProbs: 0.0839979166666584
SectionCumProbs: 0_3 0.027802083333331246
SectionCumProbs: 1_3 0.02806458333333124
SectionCumProbs: 2_3 0.028131249999997894
