HitRate: 2699347/3000000 0.899782
CumReqs: 3000000
CumProbs: 0.899999999999964
SectionCumProbs: 0_3 0.30000000000000354
SectionCumProbs: 1_3 0.30000000000000354
SectionCumProbs: 2_3 0.30000000000000354
