HitRate: 29710969/30000000 0.990366
CumReqs: 777651,670039,632215,939060,1302519,597445,745523,1463956,986523,830564,701566,722343,718958,716714,764021,694172,891776,1261292,893152,648293,1049911,1109218,644730,977562,746114,737125,1016428,887733,1834005,615079,2808114,616199
CumProbs: 0.025707909511755753,0.02217725143270816,0.020886007274687653,0.03111664680565067,0.04324230085138151,0.019702503093231377,0.024680114854464065,0.04862517972276607,0.03269098789670882,0.02753414766178386,0.023202603100526527,0.023862210259122354,0.023752047996383117,0.02370693550427444,0.025304070929346563,0.022957972900086537,0.02951392148940306,0.0418472296406203,0.029599964406890472,0.021396633481833297,0.03480013665006922,0.03677361667429113,0.021275601986253338,0.03240886401880093,0.02468673991067001,0.024350601121372856,0.03372279899432699,0.029400074039148263,0.060901305357599446,0.02029908940466071,0.09343585911462181,0.02035774185539182
SectionCumProbs: 0_3 0.022388052439888548,0.0188075201095833,0.017539981230803057,0.027713583168483203,0.039923251208240494,0.016245548764483107,0.02133624195384478,0.04526190782944501,0.029364112405922575,0.024139841520789913,0.019879826863266968,0.020504818103182963,0.020427118615856808,0.020368383351922613,0.021913781228679097,0.019529464906426645,0.026184168239825528,0.03846066653407007,0.026231206138894576,0.01806698374875939,0.031448023835794536,0.03345137872285089,0.01792802319482001,0.029014392251402267,0.021348581121030292,0.020948013660122014,0.030365261915284148,0.026035187288373757,0.05751942119699714,0.016912029418894827,0.09012339312108669,0.017033516387088287
SectionCumProbs: 1_3 0.0021467045407327803,0.002164840632099095,0.0021529569375280146,0.002190781867809129,0.0021332266920119237,0.0022423744930201582,0.0021489612005032455,0.0021705961496788157,0.0021260633499882377,0.0022000155398974592,0.0021208875248266246,0.0021638054670667646,0.0021206183819182083,0.002164447269386807,0.0022014647709427244,0.0022221059616872505,0.002144903353576533,0.0021783598874212454,0.0021678426106928276,0.002148774870797433,0.0021593542574277805,0.0021324399665873487,0.0021576979933760547,0.002194694791631311,0.002151238563574364,0.002208690222868335,0.00216320507134803,0.0021723559302337585,0.0021789188765387085,0.002182086481537605,0.002133205988711273,0.0021401830010291277
SectionCumProbs: 2_3 0.0011731525311327413,0.001204890691023789,0.0011930691063546505,0.0012122817693545809,0.0011858229511283853,0.001214579835726347,0.0011949117001121866,0.001192675743642369,0.001200812140796441,0.0011942906010927966,0.0012018887124300526,0.0011935866888708115,0.001204310998605691,0.001174104882962479,0.0011888249297221257,0.0012064020319709887,0.0011848498959980028,0.0012082032191272274,0.001200915657299667,0.0011808748622738749,0.001192758556844952,0.0011897979848525164,0.001189880798055097,0.001199776975764115,0.0011869202260626477,0.0011938972383805121,0.001194332007694086,0.0011925308205378421,0.0012029652840636778,0.0012049735042263775,0.0011792600048234495,0.0011840424672727866
