HitRate: 2009364/3000000 0.669788
CumReqs: 374700,372764,377317,377551,377555,374092,372570,373451
CumProbs: 0.06430464328083936,0.06382517533044169,0.06450408862965062,0.06600575561318789,0.06468422207490424,0.06201718160081696,0.062124395961947555,0.06266945779167049
SectionCumProbs: 0_3 0.020660074204324606,0.022640876174405137,0.022184382729963977,0.02446751587987863,0.022016235983470352,0.020304135843925184,0.02090446967348566,0.020654746782653517
SectionCumProbs: 1_3 0.022219676898534917,0.020534546831199648,0.02088582369763686,0.021662295406197594,0.021440541479138646,0.02051889753004083,0.019462736183748105,0.02182145212862127
SectionCumProbs: 2_3 0.021424892177979833,0.020649752324836866,0.021433882202049795,0.019875944327111685,0.021227444612295223,0.021194148226850947,0.021757190104713803,0.020193258880395727
