HitRate: 2969813/3000000 0.989938
CumReqs: 175465,228825,223787,213085,250963,148585,170536,163603,157233,156675,163879,200466,169816,197727,189658,189697
CumProbs: 0.05387925299693577,0.0715070034012643,0.07384019312410266,0.06656359319828402,0.0710236419959973,0.053795721808069526,0.05646045284754417,0.06190582521537476,0.053446613107383016,0.05259054759344077,0.06449072799497434,0.05881646294672299,0.06576358830697154,0.05575086831531556,0.07115169444738428,0.061928817820970226
SectionCumProbs: 0_3 0.036286206787571565,0.048772052772076475,0.048958490941042085,0.04619412527732103,0.041308670218779646,0.03737486791092494,0.0367056711390865,0.034704108847511045,0.035762802080425135,0.038288888569307344,0.03735144473219128,0.04111551510885372,0.03936161848653664,0.040194519165627635,0.049347212370468976,0.04028511175396581
SectionCumProbs: 1_3 0.009086987743908233,0.009807422719226376,0.015019768904507912,0.01332150233168304,0.021218385920808977,0.008779472408399849,0.01031713520056854,0.01628186488804389,0.010243851652398085,0.009680403643372363,0.014274791260295898,0.009160443521334046,0.020864368686344337,0.008176842243771978,0.00896324102390667,0.012505049546482018
SectionCumProbs: 2_3 0.00850605846546036,0.012927527909967595,0.009861933278559632,0.007047965589284145,0.008496585856413635,0.007641381488748372,0.009437646507893853,0.010919851479825595,0.00743995937456365,0.004621255380765281,0.012864492002492678,0.008540504316539244,0.005537601134095613,0.007379506905919985,0.012841241053014327,0.009138656520527347
