HitRate: 16809329/30000000 0.560311
CumReqs: 30000000
CumProbs: 0.43959843749981264
SectionCumProbs: 0_3 0.1409744791669178
SectionCumProbs: 1_3 0.1458385416668879
SectionCumProbs: 2_3 0.15278541666685574
