HitRate: 364255/3000000 0.121418
CumReqs: 3000000
CumProbs: 0.08131944444444414
SectionCumProbs: 0_3 0.025833333333333357
SectionCumProbs: 1_3 0.027708333333333363
SectionCumProbs: 2_3 0.0277777777777778
