HitRate: 121929/3000000 0.040643
CumReqs: 93626,93615,93461,93713,93984,94201,93790,93363,93958,93653,93943,94139,93845,93966,93627,93547,93400,94218,93346,93602,93746,93840,94064,93549,93582,94565,94134,93353,93194,93437,93774,93765
CumProbs: 0.002368055555555553,0.0024236111111111086,0.0023784722222222198,0.0024826388888888884,0.0024340277777777737,0.00246875,0.002569444444444443,0.002496527777777776,0.002420138888888888,0.0025104166666666647,0.002656249999999998,0.0025520833333333324,0.002552083333333334,0.0024409722222222207,0.0025208333333333315,0.0025798611111111135,0.00246875,0.0024374999999999996,0.0024722222222222207,0.0025277777777777777,0.00248611111111111,0.0025347222222222203,0.002416666666666666,0.0023645833333333292,0.0024479166666666638,0.002510416666666666,0.002468749999999999,0.002534722222222221,0.0024201388888888883,0.0025902777777777777,0.0024895833333333332,0.0024826388888888875
SectionCumProbs: 0_3 0.000805555555555555,0.0007986111111111107,0.0008506944444444442,0.000822916666666666,0.0008402777777777775,0.000850694444444444,0.0008611111111111107,0.0008541666666666666,0.0007847222222222217,0.0008333333333333332,0.0008784722222222221,0.0008125000000000002,0.0007638888888888886,0.0007673611111111107,0.000878472222222222,0.0008263888888888888,0.0008020833333333329,0.0008923611111111111,0.0007743055555555552,0.0009444444444444446,0.0008645833333333331,0.0008402777777777776,0.0008055555555555557,0.0007604166666666662,0.0007951388888888885,0.0007881944444444442,0.0008506944444444446,0.0008263888888888887,0.0008020833333333329,0.0008958333333333333,0.0008090277777777778,0.0008055555555555551
SectionCumProbs: 1_3 0.0008298611111111113,0.0008020833333333328,0.0007499999999999994,0.0007951388888888887,0.0008090277777777775,0.0008159722222222218,0.0009097222222222221,0.0007777777777777772,0.0008472222222222222,0.0008541666666666665,0.0008611111111111109,0.0008611111111111109,0.0008888888888888885,0.0008125000000000001,0.0007951388888888886,0.0008402777777777777,0.0008611111111111111,0.0007777777777777776,0.0008124999999999999,0.0007777777777777778,0.0007777777777777772,0.0008541666666666666,0.000815972222222222,0.0008368055555555555,0.0008368055555555553,0.0008923611111111111,0.0007951388888888884,0.0009097222222222221,0.0008090277777777772,0.0008437499999999996,0.0007708333333333325,0.0008611111111111109
SectionCumProbs: 2_3 0.0007326388888888886,0.0008229166666666665,0.0007777777777777775,0.0008645833333333332,0.0007847222222222215,0.0008020833333333326,0.0007986111111111107,0.0008645833333333333,0.0007881944444444443,0.0008229166666666663,0.0009166666666666669,0.0008784722222222221,0.0008993055555555554,0.000861111111111111,0.0008472222222222223,0.0009131944444444448,0.0008055555555555556,0.0007673611111111107,0.0008854166666666664,0.0008055555555555552,0.0008437500000000002,0.0008402777777777774,0.0007951388888888888,0.0007673611111111106,0.0008159722222222218,0.0008298611111111115,0.0008229166666666667,0.0007986111111111107,0.0008090277777777774,0.0008506944444444437,0.000909722222222222,0.0008159722222222223
