HitRate: 1792482/3000000 0.597494
CumReqs: 177801,175669,163329,166651,181541,201277,220723,186834,198966,204602,207560,189675,156368,178362,196815,193827
CumProbs: 0.0437283046286669,0.04289112439515311,0.04547539118500023,0.052864229025413934,0.05901639126503213,0.07129414913630298,0.06945507569988901,0.059719078045720485,0.054825840941068966,0.06912531767851678,0.05694718458711667,0.05296684254868084,0.052708814368815596,0.05220305256967178,0.053882394275693,0.051840750453541834
SectionCumProbs: 0_3 0.027484816353341206,0.027465555562566187,0.03124731220645974,0.03820444266743355,0.04010163055877214,0.05191580112104444,0.049245857020508446,0.03755920617647071,0.03364262399715205,0.04350647345215469,0.04100389898180156,0.0399804204099294,0.03295288843784691,0.028818792155810506,0.038581024335344986,0.028804180521429457
SectionCumProbs: 1_3 0.01020157745876447,0.010310500551423159,0.008251588434094383,0.008825759248749458,0.010865742657902785,0.010983631980749843,0.01310530770939717,0.012972806752169082,0.014772030276634764,0.014204501113971082,0.009599511705745594,0.006927575109612158,0.007686383849627682,0.014483118415009596,0.01006143860174629,0.015267497515191951
SectionCumProbs: 2_3 0.006041910816561221,0.005115068281163706,0.005976490544446098,0.005834027109230933,0.008049018048357203,0.008394716034508694,0.007103910969983384,0.009187065117080697,0.006411186667282126,0.011414343112391038,0.006343773899569587,0.006058847029139248,0.012069542081340976,0.00890114199885166,0.005239931338601712,0.007769072416920407
