HitRate: 2440751/3000000 0.813584
CumReqs: 186612,171108,174170,206825,218673,207494,175105,152393,145513,155123,186550,195859,216669,198458,212850,196598
CumProbs: 0.13323276421115535,0.11944111102855799,0.1308876064506908,0.1258409337314084,0.13859826958988214,0.13082162370442213,0.12486378466454738,0.10469069328474129,0.10163659876571614,0.1156251928169442,0.13180859463046088,0.1321677220967866,0.15218441925738588,0.12959565420507366,0.1286353785885943,0.12675436663488807
SectionCumProbs: 0_3 0.08990602495507605,0.09103377586265368,0.09076908934995517,0.09338145204854881,0.09515820118945086,0.0923778595146724,0.09063712385742054,0.07920825741329886,0.07791630516768168,0.07632239371300173,0.09814303900914925,0.09245164937977328,0.10008776712623535,0.08535951152620211,0.09162434662600102,0.08813254976723303
SectionCumProbs: 1_3 0.02177934311909479,0.01929944959812205,0.03185531142219237,0.017823652296111315,0.030356848291310908,0.02503340061726591,0.022505908855665068,0.01337535745900958,0.012323159314333622,0.022395349979285852,0.02146176967236548,0.02862895660375186,0.03453088659908019,0.027825830734108124,0.02460602382178599,0.017659450958071966
SectionCumProbs: 2_3 0.021547396136987123,0.009107885567785443,0.008263205678545781,0.014635829386750952,0.013083220109123479,0.01341036357248739,0.011720751951465063,0.012107078412435173,0.011397134283703285,0.016907449124658074,0.012203785948949154,0.01108711611326376,0.01756576553207391,0.016410311944765995,0.012405008140810274,0.020962365909585997
