HitRate: 2444331/3000000 0.814777
CumReqs: 3000000
CumProbs: 0.5075998240715974
SectionCumProbs: 0_3 0.1700824343648571
SectionCumProbs: 1_3 0.16914851377014728
SectionCumProbs: 2_3 0.1683688759365927
