HitRate: 16810845/30000000 0.560361
CumReqs: 30000000
CumProbs: 0.43962083333426827
SectionCumProbs: 0_3 0.14073750000002624
SectionCumProbs: 1_3 0.14587916666670234
SectionCumProbs: 2_3 0.15300416666671315
