HitRate: 2908840/3000000 0.969613
CumReqs: 3000000
CumProbs: 0.9548298265724555
SectionCumProbs: 0_3 0.3580059195017248
SectionCumProbs: 1_3 0.3265128530778423
SectionCumProbs: 2_3 0.27031105399260036
