HitRate: 30294/3000000 0.010098
CumReqs: 3000000
CumProbs: 0.010930896444086454
SectionCumProbs: 0_3 0.003632418922551138
SectionCumProbs: 1_3 0.0036534020870588107
SectionCumProbs: 2_3 0.003645075434476399
