HitRate: 1327476/30000000 0.044249
CumReqs: 1877220,1875301,1874909,1872287,1871508,1874809,1874383,1876494,1878289,1877804,1873163,1875389,1873732,1874706,1874225,1875781
CumProbs: 0.008361777947148577,0.008209852941820061,0.0082482990730592,0.008313965824099758,0.008203444483609112,0.008327558647130598,0.008318868892413879,0.008197529529258167,0.008286417767108704,0.008366104621495712,0.00819131108722071,0.008306737371013777,0.008321323590613654,0.00832820966736729,0.008275965870627587,0.008293219087447606
SectionCumProbs: 0_3 0.002757525083152628,0.0027568142803034833,0.0027994616960484316,0.002762636014750926,0.002739708727491115,0.0027494598905045894,0.0027762601049474683,0.0027350808223877833,0.0027973936186961525,0.002826558037112732,0.002732413911972667,0.002764022386294429,0.002776635241491747,0.0027670523673570166,0.00275835230888524,0.0027719485780751023
SectionCumProbs: 1_3 0.002774528935211735,0.0027022273558472355,0.002690256067820668,0.002789354155053985,0.002751182883208101,0.00280363641822027,0.002763727136403629,0.0027722854683306483,0.0027695940528603513,0.002788981483772071,0.0027303859558974043,0.0027624230039294652,0.002721952336732606,0.002788694619245532,0.0027731386574426533,0.002755895284311103
SectionCumProbs: 2_3 0.0028297239287842133,0.002750811305669348,0.0027585813091900967,0.002761975654294854,0.002712552872909887,0.0027744623384057454,0.0027788816510627844,0.0026901632385397402,0.0027194300955521887,0.002750565100610913,0.0027285112193506356,0.002780291980789878,0.0028227360123893107,0.0027724626807647313,0.0027444749042996952,0.0027653752250614036
