HitRate: 304104/3000000 0.101368
CumReqs: 93156,93353,94085,93844,94105,93588,93496,93540,93631,94032,93590,94193,93993,93943,93491,93963,94138,94147,93775,93609,94030,93797,93661,93488,93223,94557,93571,93301,93748,93751,93790,93411
CumProbs: 0.004100712890190826,0.00401471773297429,0.004130666259558384,0.004114562297532814,0.004060130905886393,0.004054977638038212,0.004111663584368213,0.004072691996266336,0.004013751495252755,0.004069471203861224,0.0040614192228484395,0.004088795958291906,0.004081388135760146,0.004069471203861222,0.004061097143607926,0.00415063517247009,0.0040849310074057696,0.004112307742849235,0.0041023232863933844,0.004001512484113323,0.004157398836520827,0.004030821694999855,0.004049180211709005,0.004091694671456506,0.004060452985126903,0.0040681828868991765,0.004062385460569974,0.004012463178290707,0.00408042189803861,0.0040681828868991765,0.004054011400316675,0.004083320611203212
SectionCumProbs: 0_3 0.001384940734198944,0.0013359846896412132,0.0013569198402744531,0.001381397862553317,0.0013813978625533184,0.001370447168375932,0.0013739900400215556,0.0013939589529332608,0.0013479016215401341,0.001377854990907694,0.0013765666739456463,0.001393314794452241,0.001341460036729909,0.001359174394958034,0.0013749562777430916,0.0013917043982496823,0.00136046271192008,0.0013833303379963884,0.0013987901415409337,0.0013833303379963864,0.0014065200433132057,0.0013559536025529203,0.0013636835043251928,0.0013672263759708177,0.0013698030098949088,0.0013617510288821252,0.0013607847911605911,0.0013797874663507618,0.001353054889388318,0.001369480930654399,0.0013491899385021837,0.001356597761033942
SectionCumProbs: 1_3 0.0013565977610339455,0.0013359846896412145,0.001384296575717921,0.0013598185534390592,0.001364649742046728,0.0013366288481222364,0.001376888753186159,0.0013292210255904761,0.0013475795422996245,0.0013636835043251945,0.0013324418179955877,0.0013533769686288307,0.001374312119262067,0.0013704471683759322,0.0013640055835657035,0.001386551130401501,0.0013685146929328625,0.0013665822174897954,0.0013633614250846819,0.0012905715167291093,0.0013894498435661027,0.0013540211271098506,0.0013427483536919522,0.001344680829135022,0.0013620731081226366,0.0013479016215401337,0.001364649742046728,0.001329865184071499,0.001351766572426271,0.001332119738755078,0.001335018451919678,0.001372701723059512
SectionCumProbs: 2_3 0.0013591743949580343,0.001342748353691954,0.0013894498435661029,0.0013733458815405337,0.0013140833012864404,0.0013479016215401346,0.0013607847911605894,0.001349512017742693,0.0013182703314130895,0.00132793270862843,0.0013524107309072948,0.0013421041952109303,0.001365615979768263,0.0013398496405273507,0.001322135282299225,0.001372379643818999,0.0013559536025529212,0.0013623951873631465,0.0013401717197678634,0.0013276106293879184,0.0013614289496416128,0.0013208469653371799,0.0013427483536919537,0.0013797874663507622,0.0013285768671094534,0.0013585302364770122,0.0013369509273627484,0.0013028105278685418,0.0013756004362241137,0.001366582217489795,0.0013698030098949106,0.0013540211271098506
