HitRate: 1059256/3000000 0.353085
CumReqs: 187759,186767,187462,187035,187418,186783,187572,187724,187904,187446,187692,187249,188490,188449,187510,186740
CumProbs: 0.04615277777777748,0.04647222222222198,0.04571527777777749,0.04546527777777764,0.04591666666666652,0.046201388888888736,0.04686805555555534,0.04645138888888862,0.046722222222221936,0.04614583333333312,0.0460277777777777,0.0461805555555553,0.046916666666666364,0.04666666666666644,0.0459999999999998,0.04679166666666648
SectionCumProbs: 0_3 0.014583333333333445,0.0151527777777779,0.014534722222222329,0.014236111111111237,0.01466666666666678,0.014576388888888996,0.015062500000000112,0.014902777777777883,0.014993055555555657,0.01485416666666678,0.014868055555555662,0.014791666666666786,0.014701388888889,0.015326388888888999,0.014583333333333488,0.015034722222222328
SectionCumProbs: 1_3 0.015319444444444552,0.015027777777777902,0.01538194444444455,0.014979166666666776,0.01512500000000011,0.015277777777777892,0.015159722222222336,0.01500694444444456,0.015638888888888987,0.015125000000000112,0.015479166666666764,0.015513888888888992,0.01553472222222234,0.015381944444444549,0.015361111111111212,0.015569444444444547
SectionCumProbs: 2_3 0.01625000000000009,0.016291666666666788,0.0157986111111112,0.016250000000000125,0.016125000000000122,0.016347222222222343,0.016645833333333443,0.01654166666666677,0.016090277777777884,0.016166666666666784,0.015680555555555645,0.015875000000000083,0.016680555555555674,0.01595833333333341,0.016055555555555642,0.01618750000000011
