HitRate: 302730/3000000 0.100910
CumReqs: 3000000
CumProbs: 0.10143669450338612
SectionCumProbs: 0_3 0.033625246916253314
SectionCumProbs: 1_3 0.033867749489512114
SectionCumProbs: 2_3 0.03394369809762064
