HitRate: 867952/3000000 0.289317
CumReqs: 93971,94007,93990,94381,93771,93302,93445,94202,94101,92622,93783,93734,94038,93133,93575,93608,94517,95340,94486,92575,93267,93212,93814,93725,92796,92661,93429,94210,94013,93639,93985,94668
CumProbs: 0.0033113332804816874,0.0031311269325548607,0.0031937494712059576,0.0032766910250576764,0.003187087499009033,0.003250709333489669,0.00315244524358502,0.0032154008808459636,0.0032693628556410594,0.0032720276445198284,0.0032134022891868864,0.0031121403117936233,0.003274026236178906,0.0031004818604490033,0.0031824241184711844,0.003150779750535789,0.00331999384433769,0.003327322013754308,0.0032357198960465856,0.003149447356096404,0.0031078100298656216,0.003185755104569647,0.0030981501701800797,0.003077831154979458,0.0030135431232791296,0.003110474818744392,0.003074500168880995,0.003195748062865034,0.0031750959490545664,0.0032507093334896674,0.0031997452461831892,0.0032750255320084442
SectionCumProbs: 0_3 0.0010712451292655774,0.0010665817487277298,0.001047595127966493,0.0012154768273290087,0.0010759085098034252,0.0011488571053597566,0.0010519254098944944,0.0011288711887689807,0.001083569777829889,0.0011948247135185408,0.001062917664019421,0.0010256106197166397,0.0011322021748674433,0.0010512592126748017,0.0010485944237960318,0.0010559225932126495,0.0010682472417769613,0.0011168796388145155,0.001038601465500644,0.0010565887904323418,0.0009523289255504621,0.0011235416110114405,0.001043931043258184,0.0010772409042428101,0.001006957097565249,0.0010859014680988132,0.0011178789346440543,0.0010672479459474223,0.001092230341685892,0.0010812380875609654,0.0010675810445572686,0.001127871892939442
SectionCumProbs: 1_3 0.0011358662595757523,0.000978976814338163,0.0010669148473375762,0.0010742430167541939,0.0011112169624471289,0.0010269430141560247,0.0011062204832994348,0.001034937380792335,0.0011258733012803645,0.0010562556918224956,0.001064250058458806,0.0011005578069320486,0.0010469289307468005,0.0010282754085954096,0.0010825704820003504,0.0010425986488187989,0.0010912310458563532,0.0011255402026705181,0.0010755754111935788,0.0010189486475197145,0.0011002247083222024,0.0010309401974741797,0.0010442641418680304,0.0009320099103498402,0.0010282754085954098,0.0009443345589141517,0.0009370063894975342,0.001097226820833586,0.0009926338573418598,0.0010609190723603434,0.0010945620319548158,0.0011318690762575972
SectionCumProbs: 2_3 0.0011042218916403575,0.0010855683694889668,0.0010792394959018878,0.0009869711809744732,0.0009999620267584775,0.0010749092139738865,0.000994299350391091,0.001051592311284648,0.0010599197765308048,0.0010209472391787921,0.0010862345667086593,0.0009859718851449345,0.0010948951305646622,0.001020947239178792,0.001051259212674802,0.0010522585085043408,0.0011605155567043757,0.0010849021722692742,0.001121543019352363,0.0010739099181443475,0.001055256395992957,0.001031273296084026,0.0010099549850538655,0.0010685803403868072,0.0009783106171184705,0.0010802387917314264,0.001019614844739407,0.001031273296084026,0.0010902317500268144,0.001108552173568359,0.001037602169671105,0.0010152845628114055
