HitRate: 2797259/3000000 0.932420
CumReqs: 3000000
CumProbs: 0.9483782525639662
SectionCumProbs: 0_3 0.4413970467495359
SectionCumProbs: 1_3 0.2780236594727668
SectionCumProbs: 2_3 0.22895754635852997
