HitRate: 347463/3000000 0.115821
CumReqs: 3000000
CumProbs: 0.08380208333333311
SectionCumProbs: 0_3 0.027500000000000028
SectionCumProbs: 1_3 0.02755208333333339
SectionCumProbs: 2_3 0.028750000000000026
