HitRate: 2852238/3000000 0.950746
CumReqs: 3000000
CumProbs: 0.8477777777777764
SectionCumProbs: 0_3 0.24319444444444313
SectionCumProbs: 1_3 0.27097222222222117
SectionCumProbs: 2_3 0.33361111111110964
