HitRate: 2970599/3000000 0.990200
CumReqs: 3000000
CumProbs: 0.9945967727754967
SectionCumProbs: 0_3 0.6764053153026071
SectionCumProbs: 1_3 0.1886657876549204
SectionCumProbs: 2_3 0.12952566981661098
