HitRate: 1713344/3000000 0.571115
CumReqs: 374908,374581,374532,373598,375720,377605,375062,373994
CumProbs: 0.012687763357856553,0.012486776993982719,0.012757642722779577,0.012931342858445369,0.012921360092027795,0.013076425730380781,0.012913706637774325,0.01268277197464777
SectionCumProbs: 0_3 0.004238349862021531,0.0041681377382179275,0.004286932658587059,0.004298246460526977,0.004301241290452249,0.0044822621214909335,0.0042054067328435325,0.004245670557394419
SectionCumProbs: 1_3 0.004191430859858929,0.004218051570305795,0.004132865296875827,0.004462962106416957,0.004297913701646392,0.004426358629552515,0.004321539582167983,0.00423102916664864
SectionCumProbs: 2_3 0.004257982635976093,0.004100587685459003,0.004337844767316687,0.004170134291501439,0.004322205099929155,0.0041678049793373384,0.004386760322762804,0.004206072250604706
