HitRate: 6508161/30000000 0.216939
CumReqs: 3750433,3750573,3747568,3751020,3751030,3751149,3747826,3750401
CumProbs: 0.08167429670734416,0.08097821054733399,0.0813999955180632,0.0813110326717683,0.08139051403935965,0.08128270951886381,0.08105273673380956,0.08093682630769375
SectionCumProbs: 0_3 0.027724771217174843,0.027452486356856154,0.027430153788791885,0.027287486891577496,0.0275473427058708,0.027410026158443575,0.027304283383009578,0.02757775739513056
SectionCumProbs: 1_3 0.02736624142797636,0.027037861643846167,0.02739961285111016,0.027293838999675878,0.027117473322308457,0.027119959089847476,0.027082348136374612,0.027130751454942613
SectionCumProbs: 2_3 0.026583284062192923,0.026487862546631782,0.02657022887816097,0.026729706780514857,0.026725698011180233,0.02675272427057326,0.026666105214425605,0.026228317457621154
