HitRate: 1534769/3000000 0.511590
CumReqs: 3000000
CumProbs: 0.09955505784248052
SectionCumProbs: 0_3 0.033533307336712906
SectionCumProbs: 1_3 0.032872393255543454
SectionCumProbs: 2_3 0.03314935725022414
