HitRate: 2960827/3000000 0.986942
CumReqs: 3000000
CumProbs: 0.9374846821143746
SectionCumProbs: 0_3 0.6162010680945899
SectionCumProbs: 1_3 0.17261434172109152
SectionCumProbs: 2_3 0.14866927229855334
