HitRate: 14828575/30000000 0.494286
CumReqs: 1401106,688571,693216,748757,957553,944938,882282,935780,1064516,1094690,842559,751205,714337,717735,732110,726126,783537,947416,1015214,934936,863128,935981,934897,910423,789352,821637,832574,880996,1244814,1109779,1752477,1347358
CumProbs: 0.0930883368864035,0.02200761565831793,0.023308059618027215,0.028360304387829154,0.04899625812573449,0.04737989688851795,0.04214824148431553,0.047938947886873515,0.05905051535255042,0.06233160474884554,0.03707627686758359,0.028193285278864447,0.02475873416836892,0.02315646329475271,0.025134510508263378,0.025893025093471897,0.03148759896440155,0.04723383011691637,0.051338356364748795,0.04400630408863375,0.03779108800824451,0.04617768574738406,0.047317972571891416,0.04470182841954386,0.03247519021741031,0.03296752017961583,0.03810144242352656,0.040514858554900945,0.07565779097008905,0.06268526288204833,0.12658199723875513,0.08633319006464822
SectionCumProbs: 0_3 0.08495946288999623,0.015482544820930295,0.01812503762010493,0.019745296191934325,0.03837468888360584,0.03789728204880683,0.03738982909588134,0.04207745656079142,0.053333591823218784,0.05411765560200044,0.029646091704549914,0.021132214345275936,0.01976421658561044,0.01746608827556168,0.016852807698148575,0.017753358478136798,0.02314363873213776,0.04013848262506607,0.043567837289411104,0.036912555503291276,0.02911382239020067,0.039717970213504324,0.04110592099396557,0.03547823643410272,0.02595927978189049,0.02745845449630332,0.032129426685090064,0.033758346000503564,0.07054858515594521,0.05762605620682682,0.12117852600606448,0.07978516825676263
SectionCumProbs: 1_3 0.004844120439364852,0.0020293787745227715,0.0036697569199091416,0.007424855474674204,0.008911871837516988,0.005837974076195956,0.0020247152972082388,0.004718139930768014,0.0036655264797738163,0.00498622325524907,0.00519871126803046,0.004297794071967512,0.0025377644229111723,0.0032776584094138016,0.00495724307479448,0.005950130705610433,0.005550937047486557,0.0052285242122912115,0.005319961678208273,0.005227624827380557,0.005247744400937535,0.0044963915844620506,0.004550954269042067,0.005561629734757728,0.004094766256024172,0.003527520861815937,0.003672288521879889,0.004304289629655614,0.002797020451046863,0.0030935509871465585,0.0032233955198040063,0.0033535065368794303
SectionCumProbs: 2_3 0.003284753557042341,0.004495692062864872,0.0015132650780131473,0.0011901527212206245,0.0017096974046116537,0.003644640763515167,0.0027336970912259797,0.0011433513953140785,0.0020513970495578083,0.003227725891596071,0.0022314738950032086,0.0027632768616210053,0.002456753159847314,0.00241271660977724,0.0033244597353203494,0.0021895359097246726,0.0027930231847772655,0.0018668232795591101,0.002450557397129438,0.00186612375796193,0.0034295212171062896,0.0019633239494176607,0.0016610973088837884,0.0036619622506834245,0.002421144179495645,0.0019815448214965795,0.002299727216556598,0.00245222292474177,0.0023121853630968456,0.001965655688074927,0.0021800757128866257,0.0031945152710061596
