HitRate: 395938/3000000 0.131979
CumReqs: 3000000
CumProbs: 0.1306992389931519
SectionCumProbs: 0_3 0.043224577305496
SectionCumProbs: 1_3 0.0438396721658092
SectionCumProbs: 2_3 0.043634989521846676
