HitRate: 2852536/3000000 0.950845
CumReqs: 3000000
CumProbs: 0.84935546875331
SectionCumProbs: 0_3 0.24285286458294827
SectionCumProbs: 1_3 0.27015885416621443
SectionCumProbs: 2_3 0.3363437499991834
