HitRate: 2371279/3000000 0.790426
CumReqs: 95568,95833,95295,94195,94369,92806,91983,90546,91728,92692,96410,95128,97316,94769,94272,94000,95421,95464,93432,91808,93010,93219,92251,89573,90470,92270,96157,96314,93909,91888,92378,95526
CumProbs: 0.03040312130493014,0.03102548355865945,0.030205007049373293,0.03064178140646617,0.030373783253774458,0.030215225921124148,0.03035400479232122,0.02984932438423881,0.02791729834127934,0.030048757203892534,0.030417295868971628,0.02952330941128421,0.03095230325128239,0.030491465099421397,0.0305995873553659,0.030343456279546155,0.030009200280986022,0.029908989409622826,0.028029046648490256,0.027369105317999732,0.02881655905535432,0.02819024110933436,0.029352225719713507,0.02872425956857244,0.02785763331589532,0.029097413207990624,0.032436347142325475,0.03218450139982061,0.031243705916693777,0.02945968869360954,0.030175998639241846,0.029972939768321712
SectionCumProbs: 0_3 0.010268647545509412,0.01085738641476818,0.009917250213689792,0.011224936156774635,0.010484892057398418,0.010153273187032054,0.010151295340886731,0.010484892057398412,0.010074818623267449,0.010844530414823557,0.010646416159266717,0.010516867236747853,0.011738187231486783,0.01157204815527938,0.010412371032069786,0.009777482419420074,0.010674106005301288,0.010146021084499192,0.009674304778838898,0.008761858423795073,0.009553656163973993,0.010111079135931761,0.009821983957689918,0.010049436264402422,0.009235552575600695,0.009907690623987386,0.010426215955087076,0.009674964060887335,0.01058114723647095,0.01101891051663649,0.010985616773190161,0.01031512692992458
SectionCumProbs: 1_3 0.01036984733994527,0.010143054315281204,0.010039876674700025,0.009412569805607392,0.010309193391488605,0.009690127548001509,0.011642261693438469,0.009252364267835971,0.008829105192736159,0.010050425187475091,0.009542448369150481,0.009858903752402672,0.009198962421912158,0.008861080372085602,0.01061740774913527,0.010441049801177021,0.010143383956305423,0.010026361392706958,0.00940399913897764,0.009359827241732024,0.009504539651365058,0.008721642218840106,0.009647274214852768,0.01033292754523252,0.010617078108111052,0.010148987853717177,0.010662238928429327,0.010311171237633936,0.010777613286906693,0.009460697395143661,0.009007770627863964,0.009660789496845835
SectionCumProbs: 2_3 0.009764626419475453,0.01002504282861007,0.010247880160983491,0.010004275444084144,0.009579697804887457,0.0103718251860906,0.008560447757996019,0.010112068059004426,0.00901337452527572,0.009153801601593878,0.010228431340554447,0.009147538422133688,0.010015153597883441,0.010058336572056395,0.009569808574160824,0.010124924058949047,0.009191710319379298,0.009736606932416665,0.00895074273067373,0.00924741965247265,0.00975836324001526,0.009357519754562484,0.009882967547170806,0.008341895758937476,0.008005002632183577,0.009040734730286068,0.011347892258809073,0.012198366101299348,0.009884945393316134,0.008980080781829398,0.01018261123818773,0.00999702334155128
