HitRate: 1859868/3000000 0.619956
CumReqs: 75505,87789,94092,94037,95716,99987,107772,99763,96420,104113,108291,105196,95727,89493,106653,104651,101009,97803,91042,97282,92583,85072,94930,84571,90034,78352,86605,77515,77061,94055,94875,92006
CumProbs: 0.027545473085691267,0.02099088340201385,0.025027757018088098,0.033716967991588485,0.038291628668446494,0.0405905278741942,0.039710632879844776,0.03531413275969382,0.04543061142124859,0.040816947134573345,0.04107741191877595,0.041938466186349346,0.03743850733846307,0.03550716757438206,0.03955494897964243,0.02673532183431991,0.024785802421595317,0.03185504143141927,0.030619486401788097,0.03287343229452619,0.033772168015651666,0.030049306512512065,0.026285127626091597,0.025046267205797914,0.024132987765757542,0.023815339723094207,0.03204972894143875,0.026744907467241112,0.02471407544421971,0.03616857624594223,0.042557896396496125,0.03842483591214401
SectionCumProbs: 0_3 0.017765483193575904,0.01563945591947539,0.018220966026864235,0.020807103681180546,0.028630963379246314,0.024383866917038994,0.026652356528691953,0.025428039827313172,0.024755392827500593,0.03307043357800938,0.0298090046113505,0.03341551636317119,0.027579188070448454,0.025500097343755003,0.030411246790052495,0.017539063933196743,0.015407748034036267,0.023385308397906892,0.022158677923064404,0.021147558919414906,0.025289543958555694,0.015519470238427747,0.015428902534276081,0.014566195571371485,0.015550210371588711,0.01738569380645814,0.022203631236073995,0.019147136490488256,0.017037636169700086,0.028690460411170758,0.03125312979178352,0.029729344696385003
SectionCumProbs: 1_3 0.007570666773320607,0.002462846582606175,0.004193218594409065,0.010163084669895593,0.006706637654151028,0.00870871277840892,0.008126964021814256,0.0064508004168758685,0.007005444970038283,0.004758770936757631,0.006918182656549087,0.006177775148155873,0.007337967270682738,0.006796874819236443,0.0039433310603263555,0.005780467190527016,0.005882934301063575,0.004202473688263978,0.005298541231938931,0.008813163123342965,0.004698612826700681,0.00864822412928573,0.007797747111832273,0.006601195692018243,0.005174919621162565,0.004141323961008292,0.004647379271432401,0.0040864544760112935,0.004081165850951342,0.004168428164440543,0.004502603160416231,0.005827734277000333
SectionCumProbs: 2_3 0.002209323118794749,0.0028885808999322723,0.0026135723968147943,0.0027467796405123237,0.0029540276350491735,0.007497948178746274,0.004931312329338549,0.0034352925155047617,0.0136697736237097,0.0029877426198063645,0.004350224650876375,0.0023451746750222536,0.0025213519973318883,0.003210195411390576,0.005200371129263578,0.003415790710596192,0.0034951200864954636,0.004267259345248385,0.003162267246784764,0.0029127102517683017,0.0037840112303953156,0.005881612144798588,0.003058477979983216,0.0038788759424081957,0.003407857773006264,0.0022883219556277755,0.005198718433932349,0.0035113165007415645,0.003595273423568296,0.003309687670330912,0.006802163444296398,0.0028677569387587126
