HitRate: 115949/3000000 0.038650
CumReqs: 94327,93885,94201,93676,93612,94356,93684,93913,93237,93083,93832,93848,93754,93994,93628,93068,93743,93358,93620,93979,93710,93802,94050,93990,94148,93851,93903,93133,93419,93636,93493,94067
CumProbs: 0.0025729166666666665,0.0025729166666666695,0.002578125,0.0026875000000000024,0.002567708333333334,0.002526041666666667,0.002546875,0.0025572916666666695,0.002572916666666667,0.002692708333333335,0.002583333333333333,0.002598958333333336,0.0026666666666666683,0.002640625,0.002572916666666667,0.002526041666666666,0.0026354166666666674,0.0025677083333333337,0.0025885416666666687,0.0027291666666666705,0.0026875000000000007,0.002604166666666668,0.0026250000000000028,0.0027135416666666684,0.0025520833333333333,0.002656250000000001,0.002557291666666667,0.002609374999999999,0.0026458333333333373,0.002619791666666668,0.0026874999999999994,0.0025781249999999967
SectionCumProbs: 0_3 0.0008177083333333335,0.0007291666666666666,0.0008125000000000002,0.0008906249999999997,0.0008750000000000006,0.0008645833333333335,0.0008437500000000002,0.0008645833333333337,0.0008906250000000007,0.0008645833333333335,0.0008437500000000004,0.0008697916666666669,0.0008281250000000005,0.0008697916666666669,0.0008333333333333337,0.0007968750000000003,0.0008802083333333336,0.0008593750000000002,0.0008541666666666668,0.0009218750000000009,0.000885416666666667,0.0008125000000000004,0.0008802083333333331,0.0009166666666666672,0.0008020833333333333,0.0008750000000000005,0.0008489583333333333,0.0008177083333333332,0.0008906250000000001,0.0008906250000000005,0.0009531250000000006,0.0008385416666666672
SectionCumProbs: 1_3 0.0008125000000000005,0.0009114583333333335,0.000854166666666667,0.0009062500000000004,0.0008333333333333339,0.0008125000000000001,0.0008593750000000001,0.0008072916666666668,0.0008854166666666673,0.0009218750000000007,0.0008802083333333333,0.0008854166666666674,0.0009062500000000004,0.0009010416666666667,0.0008541666666666669,0.0008281250000000001,0.0008489583333333336,0.0008489583333333338,0.0008385416666666667,0.000911458333333334,0.0008593750000000004,0.0009479166666666671,0.0008854166666666674,0.0009531250000000008,0.0008645833333333333,0.0008333333333333335,0.0008125000000000002,0.0008802083333333335,0.0008489583333333332,0.0008593750000000002,0.0008437500000000003,0.0008802083333333336
SectionCumProbs: 2_3 0.000942708333333334,0.000932291666666667,0.0009114583333333331,0.0008906250000000005,0.0008593749999999999,0.0008489583333333336,0.0008437499999999999,0.000885416666666667,0.0007968750000000004,0.0009062500000000003,0.000859375,0.0008437500000000005,0.0009322916666666671,0.0008697916666666669,0.000885416666666667,0.000901041666666667,0.0009062500000000005,0.0008593749999999999,0.000895833333333334,0.0008958333333333337,0.0009427083333333337,0.0008437500000000004,0.0008593750000000002,0.0008437500000000001,0.000885416666666667,0.000947916666666667,0.000895833333333334,0.0009114583333333335,0.0009062500000000005,0.0008697916666666669,0.0008906250000000004,0.000859375
