HitRate: 2770920/3000000 0.923640
CumReqs: 3000000
CumProbs: 0.8335486580728635
SectionCumProbs: 0_3 0.584505073563633
SectionCumProbs: 1_3 0.13784056150798807
SectionCumProbs: 2_3 0.11120302300112737
