HitRate: 2458171/3000000 0.819390
CumReqs: 3000000
CumProbs: 0.5162379879397534
SectionCumProbs: 0_3 0.17358226366516682
SectionCumProbs: 1_3 0.17239655654813413
SectionCumProbs: 2_3 0.17025916772643385
