HitRate: 2292930/3000000 0.764310
CumReqs: 183333,192990,188309,185448,192667,185172,181262,186411,184913,189292,189232,187499,183526,185897,189300,194749
CumProbs: 0.01765055912692042,0.018004741421603878,0.019909539499713937,0.01817534397462834,0.0186956975871928,0.01729194559709342,0.017890478858260957,0.017980369628314657,0.01712893944717208,0.018001576253644232,0.017053924966528664,0.018665628491576255,0.01767398136982166,0.018370318320942023,0.017522053307759067,0.018224720594798707
SectionCumProbs: 0_3 0.008776061201687708,0.008532026751999646,0.009034655423990123,0.008907415672012675,0.008744093005295371,0.00815600479839467,0.00871022570812724,0.00887987871076382,0.007805620705262767,0.008685537398042072,0.008451314969028869,0.00927963942406609,0.008926406679770507,0.008967237346449842,0.008458911372132007,0.00902421036972333
SectionCumProbs: 1_3 0.004993052456328621,0.005526066740731625,0.005582090213617202,0.0053792029474044436,0.005267789035225182,0.005160806358189422,0.004770857665562038,0.00509686996540474,0.005641278854462435,0.0052453163427117555,0.0049572860583847154,0.004830679339999199,0.004358436280421245,0.005804601521179753,0.004638237128053223,0.005089590079097577
SectionCumProbs: 2_3 0.0038814454689038245,0.0039466479288723655,0.005292793862106322,0.0038887253552109856,0.004683815546672009,0.003975134440509104,0.004409395484571409,0.004003620952145844,0.0036820398874466455,0.0040707225128901615,0.003645323939114844,0.0045553097275107075,0.004389138409629734,0.0035984794533122024,0.004424904807573629,0.004110920145977563
