HitRate: 2939796/3000000 0.979932
CumReqs: 92735,93896,93995,93691,94099,93749,93485,94052,93621,93727,93995,93850,93879,93238,94338,93397,93626,93382,93795,93554,93291,93614,93585,93633,94241,93830,93903,93982,93586,94479,93481,94271
CumProbs: 0.03061580019404437,0.030616244624600275,0.0306095751281623,0.030642752042765415,0.030643412178386124,0.030645130874676435,0.0305658601314182,0.03063497016789519,0.03057829311962077,0.030659163639274498,0.03057984211635322,0.030615709919087658,0.03063069013671647,0.030610121986072856,0.030640906397317265,0.030581417587952662,0.030600728833430332,0.030596160833820225,0.030664152849679997,0.03065414035875304,0.03064090921840969,0.030593369471398204,0.030589672755324072,0.030582488735034656,0.03061691192145535,0.03065454355795857,0.03060798229599422,0.030605447001958823,0.030639060100847746,0.030636476631234522,0.030577033393362516,0.03060665030636926
SectionCumProbs: 0_3 0.01212729723460739,0.011985200112673294,0.012124700527560615,0.012116663452332088,0.012200674281836538,0.012003744021019348,0.012037511194954519,0.01229480892691401,0.01195810178415472,0.01219136011978112,0.012146995403757568,0.012081198414788864,0.01213808378988632,0.012184263119341725,0.012259262945719737,0.01240697056940777,0.012098608678006016,0.011994090676855142,0.012251270573955324,0.012086616214231464,0.012181079842083688,0.011874333568596303,0.012150577757086034,0.012053471633687347,0.012111870850365825,0.012083610231780166,0.012078986027329233,0.012239645069199322,0.012356113000731736,0.012085676356449448,0.01208652420321794,0.0120137124595035
SectionCumProbs: 1_3 0.011040058858612055,0.010953726270065852,0.010919471264153323,0.011096211617715023,0.011002838450577328,0.011046725750964662,0.010982527453355942,0.01076769649325897,0.011039990935387455,0.010856422453192361,0.010952127795712946,0.01085062445729764,0.010933781797848815,0.010826853715763494,0.01078726120303808,0.01081093168728864,0.01096317627857047,0.011094840132796461,0.010836140534923364,0.011013471364824215,0.010810654569212536,0.01097964473094164,0.01081563683539065,0.010653590250076046,0.010798222449038424,0.010940389881275329,0.010841743224421439,0.010923124578805878,0.010777989357368593,0.011003676749033088,0.010935375932059552,0.010982062624131966
SectionCumProbs: 2_3 0.007448444100824879,0.0076773182418610735,0.007565403336448382,0.007429876972718334,0.007439899445972201,0.007594661102692389,0.007545821483107767,0.0075724647477221985,0.007580200400078598,0.007611381066301017,0.007480718916882659,0.007683887047001159,0.007558824548981371,0.007599005150967725,0.007594382248559428,0.007363515331256245,0.007538943876853912,0.0075072300241686854,0.007576741740801346,0.007554052779697409,0.007649174807113413,0.007739391171860224,0.007623458162847458,0.007875426851271277,0.0077068186220511335,0.007630543444903081,0.007687253044243575,0.007442677353953632,0.007504957742747421,0.0075471235257519925,0.007555133258085007,0.0076108752227337356
