HitRate: 2757706/3000000 0.919235
CumReqs: 71850,86169,86660,91518,100914,92365,118217,88172,84532,151947,96211,88831,130216,72206,128470,110885,66219,116490,91849,82271,103093,70625,108650,70863,85902,85198,105671,64167,73790,145113,66910,64026
CumProbs: 0.021016991713652237,0.027362639376116448,0.02524231717364862,0.028349660024552345,0.02441179006076819,0.027684937962778617,0.032316666020868044,0.02642698224894723,0.023843186869201137,0.04028341850366354,0.02359267706372469,0.024391665172318666,0.03906060625175152,0.021144949959615005,0.03956673217768413,0.028609481345580064,0.0194208177252808,0.028786400141054533,0.026564252010461337,0.023434681670822303,0.023003648612238775,0.018312447003208852,0.03072439686159875,0.018004866618547083,0.023616406409807004,0.021152158874880533,0.026255470139922063,0.018528113718235328,0.020598574256783315,0.04009148113471943,0.017871201314665807,0.019145377087844494
SectionCumProbs: 0_3 0.01537811811867737,0.012353077050388203,0.017553708671514054,0.022184835986664684,0.02023512477881395,0.018466837938478517,0.013268909660577203,0.019039946702086474,0.013998511959740598,0.03382633302605335,0.01928114499201162,0.02034686296542937,0.027265619391501492,0.013303452379557788,0.018922801829021958,0.01215903708115825,0.012368395995327392,0.01359180899017814,0.021547748100075363,0.016387666627317977,0.01534117242794161,0.014309396430565656,0.013923719463860944,0.01398109041451561,0.014106345317253825,0.01331426575245605,0.020247139637589805,0.011409009522075948,0.015495262991741865,0.029116208014451472,0.01174933039690184,0.012231126233813342
SectionCumProbs: 1_3 0.0027802383207312475,0.013310961666292693,0.0024867753951311605,0.0034933201890778327,0.0023576156632907947,0.005751512895998478,0.007930407534998523,0.0041156898736667575,0.0029760805187775694,0.004581265651230871,0.0026928302231369514,0.0025414430025612654,0.010340588205433637,0.005127641354062566,0.013899689746309256,0.005076578204265207,0.002377440180270945,0.00609483748551834,0.0033803805165848622,0.005030020626508799,0.0049552281306291385,0.002429404444476482,0.0022813213100641603,0.0025405418881530822,0.0031989561490695525,0.005327388381211048,0.002214638843858202,0.0026447707880335645,0.002602118039379299,0.009456294599531226,0.0027237684844847606,0.002391557639332565
SectionCumProbs: 2_3 0.002858635274243648,0.0016986006594355311,0.005201833107003418,0.002671503848809822,0.0018190496186634092,0.003466587128301558,0.011117348825292217,0.0032713456731940332,0.006868594390682948,0.0018758198263792909,0.0016187018485761414,0.001503359204327999,0.001454398654816417,0.0027138562259946815,0.006744240602352914,0.011373866060156595,0.004674981549682481,0.009099753665357922,0.0016361233938011208,0.0020169944169955065,0.0027072480536679717,0.0015736461281667111,0.014519356087673605,0.0014832343158784544,0.0063111049434835895,0.002510504741213456,0.0037936916584740397,0.00447433340812583,0.002501193225662169,0.0015189785207366012,0.0033981024332792246,0.004522693214698621
