HitRate: 16809972/30000000 0.560332
CumReqs: 30000000
CumProbs: 0.4396947916770616
SectionCumProbs: 0_3 0.14084960937552607
SectionCumProbs: 1_3 0.14601002604230065
SectionCumProbs: 2_3 0.15283515625080132
