HitRate: 5738615/30000000 0.191287
CumReqs: 1874315,1875386,1874750,1876940,1875357,1874738,1876187,1874927,1874341,1875553,1874977,1873226,1873733,1875108,1875436,1875026
CumProbs: 0.026784374999997546,0.02678333333333088,0.026545833333330906,0.026605208333330896,0.026758333333330882,0.02679583333333088,0.026603124999997563,0.026598958333330893,0.026539583333330907,0.026614583333330895,0.026611458333330895,0.026686458333330894,0.026635416666664233,0.02660833333333089,0.026642708333330888,0.026629166666664227
SectionCumProbs: 0_3 0.00874895833333285,0.008836458333332855,0.008707291666666193,0.008744791666666193,0.008828124999999524,0.008796874999999519,0.008804166666666186,0.008771874999999528,0.008698958333332864,0.008726041666666193,0.008661458333332874,0.008835416666666191,0.008754166666666183,0.008768749999999529,0.008701041666666196,0.008798958333332857
SectionCumProbs: 1_3 0.008961458333332836,0.008983333333332845,0.008916666666666176,0.008921874999999512,0.00885520833333284,0.008983333333332844,0.0087729166666662,0.008827083333332857,0.008840624999999517,0.008802083333332858,0.00885937499999953,0.00881145833333285,0.008812499999999519,0.008804166666666178,0.008910416666666173,0.008859374999999513
SectionCumProbs: 2_3 0.009073958333332834,0.008963541666666177,0.00892187499999952,0.008938541666666173,0.009074999999999497,0.009015624999999498,0.00902604166666617,0.0089999999999995,0.008999999999999501,0.009086458333332829,0.009090624999999502,0.009039583333332836,0.009068749999999503,0.009035416666666166,0.009031249999999498,0.00897083333333284
