HitRate: 1500246/3000000 0.500082
CumReqs: 3000000
CumProbs: 0.5000000000000273
SectionCumProbs: 0_3 0.1666666666666641
SectionCumProbs: 1_3 0.1666666666666641
SectionCumProbs: 2_3 0.1666666666666641
