HitRate: 2213227/3000000 0.737742
CumReqs: 3000000
CumProbs: 0.7398994377033768
SectionCumProbs: 0_3 0.6245568390698848
SectionCumProbs: 1_3 0.07232439313916131
SectionCumProbs: 2_3 0.04301820549433553
