HitRate: 28103675/30000000 0.936789
CumReqs: 30000000
CumProbs: 0.8632140625200598
SectionCumProbs: 0_3 0.2570697916668134
SectionCumProbs: 1_3 0.2789114583339775
SectionCumProbs: 2_3 0.327232812502002
