HitRate: 300155/3000000 0.100052
CumReqs: 3000000
CumProbs: 0.10000000000000928
SectionCumProbs: 0_3 0.03333333333333219
SectionCumProbs: 1_3 0.03333333333333219
SectionCumProbs: 2_3 0.03333333333333219
