HitRate: 30116/3000000 0.010039
CumReqs: 186726,186747,186619,186856,188839,187442,188300,187189,188398,188350,187016,187625,186901,187932,187870,187190
CumProbs: 0.0006375421334366021,0.0006398750110811688,0.000649206521659436,0.0006232115993342635,0.0006145466252258724,0.0006342094510872209,0.0006345427193221591,0.0006712022251653511,0.0006222117946294491,0.0006628705192918983,0.0006372088652016638,0.0006795339310388037,0.0006512061310690644,0.0006792006628038656,0.0006328763781474686,0.0006695358839906605
SectionCumProbs: 0_3 0.0002029603550773082,0.00023095488681210938,0.0002139582068302658,0.0002172908891796469,0.0002099589880110085,0.0002092924515411323,0.00020429342801706065,0.0002292885456374188,0.00020029420919780334,0.00020862591507125612,0.00022129010799890424,0.00021495801153508017,0.00021262513389051337,0.00022062357152902797,0.00021029225624594663,0.0002166243527097707
SectionCumProbs: 1_3 0.00021395820683026582,0.00020529323272187498,0.00023262122798679992,0.00021062552448088476,0.00021029225624594663,0.00021095879271582283,0.0002159578162398945,0.00021829069388446123,0.00020695957389656552,0.00021929049858927557,0.00020129401390261766,0.00023195469151692373,0.00021062552448088476,0.00021862396211939932,0.00021929049858927555,0.00022262318093865666
SectionCumProbs: 2_3 0.000220623571529028,0.00020362689154718443,0.00020262708684237008,0.00019529518567373177,0.00019429538096891742,0.00021395820683026582,0.00021429147506520394,0.000223622985643471,0.00021495801153508017,0.00023495410563136664,0.00021462474330014201,0.0002326212279867999,0.0002279554726976664,0.00023995312915543832,0.00020329362331224633,0.00023028835034223316
