HitRate: 366714/30000000 0.012224
CumReqs: 30000000
CumProbs: 0.00783645833333349
SectionCumProbs: 0_3 0.002602083333333456
SectionCumProbs: 1_3 0.002628125000000132
SectionCumProbs: 2_3 0.00260625000000012
