HitRate: 2769935/3000000 0.923312
CumReqs: 186876,189312,191584,185177,189571,181880,187185,186193,190186,181492,187467,185095,185855,193092,190415,188620
CumProbs: 0.04714413256973807,0.048568636102350515,0.0492483302040648,0.04759000344392686,0.04815616854638058,0.04558347880337689,0.046997411665666955,0.04765406170607887,0.04832107100340568,0.04666528120414512,0.048063780887765195,0.04819802840085629,0.04756040556702438,0.04943585389557962,0.048882162184105515,0.04823185454588705
SectionCumProbs: 0_3 0.023321435691530338,0.022400307479658554,0.023497543059097334,0.02251595061298287,0.021643236071186504,0.021030771432721248,0.021673679601714207,0.021870294069706173,0.02251468213254426,0.023247863826088337,0.023093320625978502,0.022429905356560607,0.02245041245698566,0.02328930085375115,0.022909813789186023,0.022231176754504346
SectionCumProbs: 1_3 0.012522227477019362,0.013928338043271225,0.013838275932126505,0.013061120250042408,0.0143410170126477,0.01320297864576556,0.013657940296430677,0.014184571091879972,0.013919458680200647,0.012839136173277354,0.013465342683161198,0.013940600020844796,0.014207192326369364,0.013722209971989358,0.01409852583545774,0.014063219796581749
SectionCumProbs: 2_3 0.011300469401185752,0.012239990579417957,0.011912511212837923,0.012012932580898313,0.012171915462543405,0.011349728724886946,0.011665791767519071,0.011599196544489595,0.011886930190658312,0.010578281204776791,0.011505117578622435,0.01182752302344788,0.010902800783666662,0.012424343069836143,0.011873822559458862,0.01193745799479823
