HitRate: 1525988/3000000 0.508663
CumReqs: 92045,95354,91136,90769,93222,91361,96377,93907,90137,95394,95273,91247,96311,97134,102678,99914,90233,93939,92260,96241,94697,92773,92736,95839,90582,90118,92245,88827,90850,99485,94283,92633
CumProbs: 0.000995559120190865,0.0007251027784059929,0.0007394249738453397,0.0005838792698877839,0.0008619963208611437,0.0006425003488953423,0.0006648163278357197,0.0008773177392381191,0.000798712201477984,0.0005622294395724924,0.0007717331821620056,0.0005998668368898454,0.0006638171048980909,0.0007350950077822813,0.0006048629515779895,0.0007627401757233458,0.0009282781090571898,0.0006031975800152748,0.0009699123981250582,0.0007377596022826251,0.0008250250721688763,0.0009149551365554721,0.0009839015192518617,0.000804707539103757,0.0009096259475547849,0.0006838015636506676,0.0006444987947706,0.0010401910780716197,0.0006957922389022137,0.0007644055472860607,0.000816698214355303,0.0009399357099961931
SectionCumProbs: 0_3 0.00033640505566837525,0.00021383370865257122,0.00024247809953126452,0.00034106809604397646,0.000399356100738992,0.00023148664721734733,0.00017652938564776126,0.0002941046179754211,0.00020217610771356808,0.000258132592220783,0.0001891862095243932,0.00027811705097335974,0.0002371489105305774,0.00023548353896786267,0.0002587987408458689,0.000165871007646387,0.0002374819848431203,0.00011257911763951565,0.0003880315741125319,0.0001622071902084146,0.0002661263757218137,0.0003710447841728416,0.00038636620254981705,0.00025580107203298233,0.000374375527298271,0.00024447654540652223,0.0002981015097259365,0.00031875211710359906,0.00027511938216047324,0.0002934384693503352,0.00021583215452782885,0.0003787054933613293
SectionCumProbs: 1_3 0.0003963584319261055,0.00021916289765325832,0.0002807816454737033,0.00010291996257577025,0.00022748975546683193,9.426003044965364e-05,0.00031109140791511135,0.0003004330299137371,0.0003390696501687188,0.000153547258082298,0.00040468528973967914,0.00024714113990686575,0.00015954259570807102,0.0003397357987938047,0.0002171644517780006,0.00023415124171769088,0.0003090929620398537,0.00025380262615772465,0.00035106032542026483,0.0003004330299137371,0.0004573110311214646,0.0002927723207252493,0.00025746644359569715,0.0002634617812214701,0.0002651271527841848,0.00023914735640583504,0.00020917066827696998,0.0005142667385663081,0.00022515823527903133,0.0002584656665333259,0.00032508052904191504,0.00031708674554088435
SectionCumProbs: 2_3 0.0002627956325963842,0.0002921061721001635,0.0002161652288403718,0.0001398912112680372,0.00023515046465531972,0.0003167536712283415,0.00017719553427284713,0.000282780091348961,0.0002574664435956971,0.0001505495892694115,0.00017786168289793305,7.460864600961985e-05,0.00026712559865944255,0.00015987567002061397,0.00012889975895412,0.00036271792635926797,0.0003817031621742159,0.0002368158362180344,0.0002308204985922614,0.0002751193821604732,0.00010158766532559845,0.00025113803165738107,0.00034006887310634765,0.00028544468584930453,0.00027012326747232905,0.00020017766183831042,0.00013722661676769364,0.00020717222240171224,0.00019551462146270916,0.00021250141140239937,0.0002757855307855591,0.00024414347109397925
