HitRate: 36729/3000000 0.012243
CumReqs: 374933,374853,375650,375139,374823,374915,374432,375255
CumProbs: 0.0010972222222222223,0.0009166666666666665,0.001,0.00125,0.001125,0.0010277777777777776,0.0009027777777777777,0.0010833333333333333
SectionCumProbs: 0_3 0.0003888888888888889,0.00031944444444444446,0.0003055555555555556,0.00047222222222222224,0.0003055555555555556,0.00036111111111111115,0.0003333333333333333,0.0003333333333333334
SectionCumProbs: 1_3 0.000375,0.00030555555555555555,0.0002777777777777778,0.00038888888888888887,0.00038888888888888887,0.0003611111111111111,0.0002777777777777778,0.0004027777777777777
SectionCumProbs: 2_3 0.0003333333333333334,0.00029166666666666664,0.0004166666666666666,0.0003888888888888889,0.00043055555555555555,0.00030555555555555555,0.00029166666666666664,0.00034722222222222224
