HitRate: 10176557/30000000 0.339219
CumReqs: 938343,937056,936891,938839,936172,937437,936670,938893,938264,936471,936321,939229,936430,938331,937532,936080,937490,936420,936795,937799,936939,938178,937381,939392,937445,938573,938104,935600,937690,939052,937162,937021
CumProbs: 0.02448749999999755,0.02449531249999755,0.024433854166664222,0.024516666666664213,0.02439010416666423,0.02432499999999757,0.02443177083333089,0.024443749999997558,0.02446770833333089,0.024528645833330878,0.02447135416666422,0.02442187499999756,0.024427604166664223,0.0243677083333309,0.024535937499997548,0.024374479166664232,0.024539062499997547,0.02444010416666422,0.024483333333330883,0.024454687499997557,0.02442135416666423,0.024438541666664225,0.024474999999997554,0.024489583333330893,0.024474479166664218,0.024432291666664222,0.02429635416666424,0.024458333333330886,0.02453281249999755,0.024395833333330896,0.0243770833333309,0.02451666666666422
SectionCumProbs: 0_3 0.007954166666666034,0.00790104166666604,0.00791354166666604,0.0079973958333327,0.007885416666666046,0.007836458333332711,0.007894791666666042,0.007910416666666045,0.007946354166666036,0.007896354166666042,0.00789114583333271,0.007857812499999381,0.007909374999999375,0.007891145833332709,0.00793593749999937,0.007813541666666049,0.00792447916666604,0.007923958333332709,0.007969791666666037,0.007961979166666036,0.007895833333332708,0.007882291666666045,0.007905729166666046,0.007866666666666043,0.007888020833332711,0.007893749999999375,0.007836979166666048,0.007938020833332705,0.007952604166666042,0.007851041666666045,0.007866145833332712,0.007882291666666043
SectionCumProbs: 1_3 0.008097916666666021,0.00811145833333269,0.008098437499999356,0.008066145833332695,0.008110416666666023,0.00810833333333269,0.008134374999999352,0.00813385416666602,0.008086979166666026,0.008196874999999349,0.008121354166666017,0.008133854166666014,0.008114062499999356,0.00813124999999935,0.008153645833332682,0.00807552083333269,0.008173958333332686,0.008081249999999355,0.008160937499999351,0.00812760416666602,0.008125520833332685,0.008113541666666021,0.008137499999999355,0.008180208333332679,0.008166666666666012,0.008097916666666023,0.008106249999999354,0.008109374999999355,0.008168229166666013,0.008144270833332686,0.00810364583333269,0.008185937499999348
SectionCumProbs: 2_3 0.008435416666665986,0.008482812499999317,0.008421874999999326,0.008453124999999317,0.008394270833332653,0.008380208333332662,0.008402604166665995,0.008399479166665993,0.00843437499999932,0.00843541666666599,0.008458854166665988,0.008430208333332653,0.008404166666665991,0.008345312499999332,0.008446354166665988,0.008485416666665984,0.008440624999999318,0.008434895833332652,0.008352604166665998,0.008365104166665993,0.008399999999999328,0.008442708333332655,0.00843177083333266,0.008442708333332655,0.008419791666665987,0.008440624999999322,0.008353124999999332,0.008410937499999323,0.00841197916666599,0.008400520833332654,0.008407291666665989,0.008448437499999318
