HitRate: 364163/3000000 0.121388
CumReqs: 187471,187450,187354,186956,187424,188389,188097,186564,187512,187673,186904,187747,187192,187898,188153,187216
CumProbs: 0.005277777777777777,0.004999999999999999,0.004444444444444445,0.004791666666666666,0.005347222222222222,0.004791666666666666,0.0044444444444444444,0.0056250000000000015,0.004583333333333334,0.005277777777777777,0.004722222222222223,0.005347222222222221,0.0045138888888888885,0.005138888888888889,0.004722222222222223,0.004652777777777778
SectionCumProbs: 0_3 0.0013888888888888892,0.001527777777777778,0.0013888888888888892,0.001527777777777778,0.0014583333333333336,0.0014583333333333336,0.0014583333333333336,0.0016666666666666668,0.0018750000000000004,0.0015972222222222223,0.0014583333333333336,0.0015972222222222223,0.0015972222222222225,0.0015972222222222225,0.0017361111111111114,0.0016666666666666668
SectionCumProbs: 1_3 0.0018055555555555557,0.0015972222222222223,0.001527777777777778,0.001527777777777778,0.0018750000000000004,0.001666666666666667,0.0011805555555555558,0.0018750000000000004,0.0012500000000000002,0.0018055555555555557,0.0015972222222222225,0.0018750000000000004,0.0010416666666666669,0.0020833333333333337,0.0014583333333333336,0.0013888888888888892
SectionCumProbs: 2_3 0.0020833333333333333,0.0018750000000000004,0.0015277777777777779,0.0017361111111111112,0.002013888888888889,0.001666666666666667,0.0018055555555555557,0.0020833333333333333,0.0014583333333333336,0.0018750000000000004,0.0016666666666666668,0.0018750000000000004,0.0018750000000000001,0.0014583333333333336,0.001527777777777778,0.0015972222222222223
