HitRate: 347268/3000000 0.115756
CumReqs: 375815,374931,375182,375152,374995,374613,374685,374627
CumProbs: 0.010833333333333327,0.009999999999999997,0.009166666666666663,0.011249999999999994,0.010833333333333328,0.010416666666666661,0.011041666666666663,0.011249999999999996
SectionCumProbs: 0_3 0.0033333333333333335,0.004166666666666667,0.003125,0.003958333333333334,0.0033333333333333335,0.0033333333333333335,0.0033333333333333335,0.003541666666666667
SectionCumProbs: 1_3 0.0033333333333333335,0.002916666666666667,0.003125,0.002916666666666667,0.0033333333333333335,0.003541666666666667,0.003541666666666667,0.0037500000000000003
SectionCumProbs: 2_3 0.004166666666666667,0.002916666666666667,0.002916666666666667,0.004375,0.004166666666666667,0.003541666666666667,0.004166666666666667,0.003958333333333334
