HitRate: 2903773/3000000 0.967924
CumReqs: 3000000
CumProbs: 0.9102460197092571
SectionCumProbs: 0_3 0.3108778843447675
SectionCumProbs: 1_3 0.30505319398171626
SectionCumProbs: 2_3 0.29431494138277964
