HitRate: 3639127/30000000 0.121304
CumReqs: 1876037,1875856,1875271,1874195,1871913,1876888,1875692,1873948,1873824,1876057,1876747,1873706,1875292,1875657,1873851,1875066
CumProbs: 0.004899305555555772,0.004961111111111337,0.004831944444444668,0.004947916666666892,0.0049097222222224575,0.004961111111111331,0.004906250000000226,0.0049027777777779944,0.004934722222222437,0.004882638888889109,0.004965277777778,0.004915972222222444,0.004874305555555774,0.004960416666666891,0.0049152777777780095,0.004927083333333549
SectionCumProbs: 0_3 0.0016409722222222136,0.0015993055555555472,0.0015826388888888806,0.0016152777777777693,0.0016499999999999913,0.0016631944444444357,0.0016402777777777692,0.0016097222222222136,0.0016145833333333246,0.0015937499999999914,0.0016506944444444358,0.0016159722222222137,0.0016326388888888803,0.0016333333333333245,0.0016104166666666582,0.0016458333333333247
SectionCumProbs: 1_3 0.0016027777777777694,0.0016451388888888802,0.0016180555555555468,0.0016361111111111025,0.0016277777777777692,0.0016618055555555466,0.0015840277777777693,0.0016506944444444355,0.001665277777777769,0.0016222222222222135,0.0016381944444444358,0.0016465277777777691,0.0016145833333333249,0.0016576388888888802,0.0016013888888888803,0.001636805555555547
SectionCumProbs: 2_3 0.0016555555555555468,0.0017166666666666576,0.0016312499999999912,0.0016965277777777688,0.0016319444444444359,0.0016361111111111025,0.0016819444444444356,0.0016423611111111025,0.0016548611111111024,0.0016666666666666579,0.00167638888888888,0.0016534722222222135,0.0016270833333333246,0.0016694444444444356,0.0017034722222222132,0.0016444444444444358
