HitRate: 1713640/3000000 0.571213
CumReqs: 166264,218440,215572,239775,201632,157787,157553,178326,140103,175967,194418,167848,215982,182013,209199,179121
CumProbs: 0.018595357721214147,0.020587136154133653,0.02271843208902549,0.020592118922061226,0.029374081302163388,0.016249138396379207,0.022990159033343047,0.010830876551924603,0.01578042602665782,0.015715650043599236,0.026397375742224848,0.020647593738321653,0.026682057883154135,0.012416393306481761,0.024530166507494917,0.02269750446372964
SectionCumProbs: 0_3 0.012039031682099416,0.01368998878877217,0.01584088361084583,0.01464601586181124,0.02298218660465892,0.010978366482581079,0.016625503467176016,0.0053245858074160235,0.01148162604326703,0.009531370676410746,0.02159797367437613,0.015429971349084425,0.021440850392392994,0.008532823983722961,0.0184023585101524,0.01501606942656646
SectionCumProbs: 1_3 0.004210438898808287,0.005057177261969026,0.0043469667400240835,0.004076236349292034,0.004316073578873066,0.003047460864510236,0.0046642029647469205,0.002433251671303408,0.003051114894323796,0.0040061454137773535,0.0027773948428351956,0.0024359091475314536,0.0025754266495037984,0.002175808661711581,0.0040307270688867665,0.006084956193165301
SectionCumProbs: 2_3 0.0023458871403064397,0.001839970103392434,0.002530581738155545,0.0018698667109579355,0.0020758211186313992,0.0022233110492878784,0.0017004526014200872,0.003073039073205167,0.0012476850890669766,0.0021781339534111196,0.0020220072250134932,0.0027817132417057677,0.002665780841257319,0.001707760661047211,0.002097080928455757,0.0015964788439978398
