HitRate: 2377426/3000000 0.792475
CumReqs: 3000000
CumProbs: 0.6633610624852938
SectionCumProbs: 0_3 0.5159967261482781
SectionCumProbs: 1_3 0.07796850658451684
SectionCumProbs: 2_3 0.06939582975212924
