HitRate: 1675704/3000000 0.558568
CumReqs: 3000000
CumProbs: 0.0530015926478844
SectionCumProbs: 0_3 0.020622628899742937
SectionCumProbs: 1_3 0.016920304431816965
SectionCumProbs: 2_3 0.015458659316325101
