HitRate: 1280843/3000000 0.426948
CumReqs: 187440,187838,186241,187830,188536,188302,188462,188051,188824,188433,187656,187390,186187,186375,185191,187244
CumProbs: 0.031014517065273545,0.03163492722828432,0.03158100746089818,0.03134702229748799,0.031200906384632993,0.031227533430255767,0.03137731056188391,0.031592323955287875,0.031856264545023674,0.03192582770171319,0.031781043141139324,0.03146517981243909,0.031067771156519115,0.03148148887788303,0.030768549731333108,0.031043806815458583
SectionCumProbs: 0_3 0.010262063383019401,0.010464096091682244,0.010659139200869108,0.01052267559205236,0.010558289265572824,0.010431810798864625,0.010384880630954474,0.01064948689683085,0.010677445294734769,0.010710063425622673,0.010633843507527465,0.010353593852347708,0.01052334126819293,0.010502372469764992,0.010279370962674207,0.010454776625714273
SectionCumProbs: 1_3 0.010384547792884188,0.010602223890850415,0.01054264587626945,0.010308327874788978,0.010488393270813027,0.010304333817945563,0.010444125807465154,0.01044512432167601,0.010695751388600431,0.010649819734901136,0.010550966828026566,0.010494384356078156,0.010312321931632397,0.010315650312335245,0.010236434851607475,0.010289356104782753
SectionCumProbs: 2_3 0.010367905889369951,0.010568607245751656,0.010379222383759632,0.010516018830646666,0.010154223848247141,0.010491388813445593,0.010548304123464287,0.010497712736781004,0.010483067861688471,0.010565944541189379,0.010596232805585288,0.010617201604013232,0.010232107956693775,0.01066346609578281,0.01025274391705143,0.010299674084961574
