HitRate: 1500863/3000000 0.500288
CumReqs: 3000000
CumProbs: 0.5000000000000081
SectionCumProbs: 0_3 0.16666666666666713
SectionCumProbs: 1_3 0.16666666666666713
SectionCumProbs: 2_3 0.16666666666666713
