HitRate: 1652515/3000000 0.550838
CumReqs: 374588,374861,374866,377047,375938,374814,373739,374147
CumProbs: 0.13912506960452817,0.1396885902045633,0.13944998761940097,0.14040904794952797,0.13965255278609887,0.13946771570429126,0.13902974482020053,0.13905066977285882
SectionCumProbs: 0_3 0.04733979914370478,0.04791436346875288,0.047417395843142085,0.04796144461223154,0.04765716092567372,0.04728312739692443,0.047426405197758544,0.04691810322279157
SectionCumProbs: 1_3 0.04681376908384758,0.04655307904865891,0.046553660297343806,0.04682771905228595,0.04640340751229112,0.046660900679712264,0.04630052649505918,0.04687945018524428
SectionCumProbs: 2_3 0.04497150137697846,0.045221147687153615,0.04547893147891778,0.04561988428501213,0.04559198434813562,0.04552368762765716,0.045302813127385606,0.04525311636482463
