HitRate: 1929446/3000000 0.643149
CumReqs: 3000000
CumProbs: 0.35899545384947545
SectionCumProbs: 0_3 0.1273121380277941
SectionCumProbs: 1_3 0.11817213130842767
SectionCumProbs: 2_3 0.11351118451198992
