HitRate: 499909/3000000 0.166636
CumReqs: 188100,188245,187465,187441,187547,187203,186576,188451,187389,187519,187384,187483,187750,187477,187612,186358
CumProbs: 0.031250000000000076,0.031250000000000076,0.031250000000000076,0.031250000000000076,0.031250000000000076,0.031250000000000076,0.031250000000000076,0.031250000000000076,0.031250000000000076,0.031250000000000076,0.031250000000000076,0.031250000000000076,0.031250000000000076,0.031250000000000076,0.031250000000000076,0.031250000000000076
SectionCumProbs: 0_3 0.010416666666666656,0.010416666666666656,0.010416666666666656,0.010416666666666656,0.010416666666666656,0.010416666666666656,0.010416666666666656,0.010416666666666656,0.010416666666666656,0.010416666666666656,0.010416666666666656,0.010416666666666656,0.010416666666666656,0.010416666666666656,0.010416666666666656,0.010416666666666656
SectionCumProbs: 1_3 0.010416666666666656,0.010416666666666656,0.010416666666666656,0.010416666666666656,0.010416666666666656,0.010416666666666656,0.010416666666666656,0.010416666666666656,0.010416666666666656,0.010416666666666656,0.010416666666666656,0.010416666666666656,0.010416666666666656,0.010416666666666656,0.010416666666666656,0.010416666666666656
SectionCumProbs: 2_3 0.010416666666666656,0.010416666666666656,0.010416666666666656,0.010416666666666656,0.010416666666666656,0.010416666666666656,0.010416666666666656,0.010416666666666656,0.010416666666666656,0.010416666666666656,0.010416666666666656,0.010416666666666656,0.010416666666666656,0.010416666666666656,0.010416666666666656,0.010416666666666656
