HitRate: 2705745/3000000 0.901915
CumReqs: 3000000
CumProbs: 0.9028996857165655
SectionCumProbs: 0_3 0.30317085816020317
SectionCumProbs: 1_3 0.30169357050665485
SectionCumProbs: 2_3 0.2980352570497062
