HitRate: 26163714/30000000 0.872124
CumReqs: 2293315,1841639,1755070,1842371,1773214,1792192,1821299,1953813,1913247,1896681,1495490,1437309,1713807,1670602,2487132,2312819
CumProbs: 0.20591840784490564,0.16062956142895912,0.15222620737431705,0.1609215052752351,0.15384675442125226,0.15573746493413088,0.15841449984671713,0.17187118097838483,0.16769573025541126,0.16648049037147736,0.12594980505320016,0.12031568848850756,0.14773960393478217,0.14364024512377563,0.22509790714711145,0.20766718959201147
SectionCumProbs: 0_3 0.18754521636391439,0.14182550259466892,0.13351602414802857,0.14165934586670992,0.1350552742987968,0.13657956011996905,0.13950169402097784,0.1528663584675741,0.14843137112141702,0.14723915089977319,0.1069113980014397,0.10101889114937287,0.12863721895215233,0.12447502854608344,0.20635193965440815,0.18877334478017085
SectionCumProbs: 1_3 0.011620777863202382,0.01200861115065654,0.011868448361677218,0.012256963254205933,0.01200036992566341,0.012169965661046353,0.011987481393343524,0.012089908046828354,0.012298820002196903,0.01231000452183025,0.012000307961565758,0.012292282789890346,0.012309725683390671,0.012170337445632548,0.012002941435717661,0.012064998479556178
SectionCumProbs: 2_3 0.006752413617787863,0.006795447683634935,0.006841734864610905,0.0070051961543223015,0.006791110196796522,0.006987939153115077,0.006925324432397321,0.006914914463985098,0.006965539131799418,0.006931334949873409,0.007038099090196735,0.007004514549247683,0.006792659299238799,0.006994879132056588,0.006743026056987511,0.006828846332290916
