HitRate: 1428468/3000000 0.476156
CumReqs: 185836,187304,186156,187715,186983,186257,188276,190953,193052,187427,185106,186123,187192,187925,187186,186509
CumProbs: 0.007175807449111246,0.007403727221351417,0.005978562212767774,0.007560671976797501,0.006678649115511341,0.007164144887666209,0.006023213162300204,0.006266127656398281,0.0063787546783532195,0.0066929774052866715,0.005634683258159793,0.0067689506627000625,0.007419388375291898,0.007347080494332662,0.007263110051928388,0.007483699071260251
SectionCumProbs: 0_3 0.0021762339656440934,0.002539439450646706,0.0018460168687288738,0.0027826871607860696,0.002585756480385571,0.002445472527003828,0.0020306185556017613,0.00216823678065321,0.001994964439184074,0.0023215161596451387,0.002027952827271467,0.0024391414222193785,0.002747366260409669,0.0024774612669673604,0.0024114844907925747,0.0019043296759540642
SectionCumProbs: 1_3 0.0021705692929422176,0.002413483787040295,0.0022432103899427402,0.0023395098258746252,0.002117921158418903,0.0026054162268214923,0.002336844097544331,0.002186230446882697,0.0021442452256805605,0.0020332842839320556,0.0015018046980796091,0.0017000682426452558,0.002118920806542764,0.002720708977106725,0.002364834245012422,0.0026757248115330066
SectionCumProbs: 2_3 0.0028290041905249352,0.002450803983664417,0.001889334954096158,0.0024384749901368054,0.001974971476706866,0.002113256133840888,0.0016557505091541111,0.001911660428862374,0.0022395450134885856,0.0023381769617094785,0.002104925732808718,0.0026297409978354286,0.002553101308339464,0.002148910250258576,0.0024867913161233913,0.0029036445837731786
