HitRate: 2424289/3000000 0.808096
CumReqs: 3000000
CumProbs: 0.5038769535654323
SectionCumProbs: 0_3 0.16744983936392874
SectionCumProbs: 1_3 0.16904326694770233
SectionCumProbs: 2_3 0.16738384725379984
