HitRate: 1680983/3000000 0.560328
CumReqs: 3000000
CumProbs: 0.44036979166558665
SectionCumProbs: 0_3 0.14107421875005605
SectionCumProbs: 1_3 0.14622656250004573
SectionCumProbs: 2_3 0.15306901041669596
