HitRate: 2706671/3000000 0.902224
CumReqs: 3000000
CumProbs: 0.9388986589845142
SectionCumProbs: 0_3 0.34296690009678504
SectionCumProbs: 1_3 0.319457175050828
SectionCumProbs: 2_3 0.27647458383527307
