HitRate: 2905776/3000000 0.968592
CumReqs: 3000000
CumProbs: 0.9186699879468959
SectionCumProbs: 0_3 0.31943344961118325
SectionCumProbs: 1_3 0.30983544149905906
SectionCumProbs: 2_3 0.28940109683666143
