HitRate: 395780/3000000 0.131927
CumReqs: 3000000
CumProbs: 0.1318040865787881
SectionCumProbs: 0_3 0.04439599032465459
SectionCumProbs: 1_3 0.04354017339745031
SectionCumProbs: 2_3 0.043867922856683485
