HitRate: 2939646/3000000 0.979882
CumReqs: 187021,187170,186638,187500,187974,187644,187100,187088,187075,188110,187631,188413,188103,187086,188059,187388
CumProbs: 0.061392960875758136,0.06143885232850543,0.06150452308413814,0.06129883568439557,0.06141603672912441,0.06132755037411077,0.061000931622516165,0.061272636783205235,0.06142210932211559,0.06122214751005036,0.06153306427119644,0.06107206771184089,0.06149914450177455,0.06134481388847131,0.06173233207263416,0.06107571126763555
SectionCumProbs: 0_3 0.025183129885563725,0.025060637009799692,0.02543097843093045,0.0252117578239505,0.02366923245287385,0.023596795093622457,0.02366706366966274,0.025314991904799793,0.023839438559282528,0.023601306162701608,0.024808624400667608,0.023497378071224748,0.023648238631390223,0.023411841261378206,0.023956205847369204,0.02483690533374061
SectionCumProbs: 1_3 0.0210425757302228,0.019971110072601314,0.020743890906387417,0.022884219681777052,0.020599623447183756,0.020417445657449726,0.02186914238764467,0.022156809792767556,0.022204176018098407,0.022247725184977685,0.02110252089817815,0.02250962744555248,0.022542159193719276,0.021682366777503063,0.022661529021659303,0.02067110654182226
SectionCumProbs: 2_3 0.015167255259971611,0.01640710524610441,0.015329653746820247,0.013202858178668009,0.017147180829066834,0.01731330962303859,0.015464725565208762,0.013800835085637876,0.015378494744734652,0.01537311616237107,0.015621918972350704,0.015065062195063659,0.015308746676665052,0.016250605849590028,0.01511459720360563,0.01556769939207272
