HitRate: 99647/30000000 0.003322
CumReqs: 1875114,1872881,1874055,1874059,1874620,1875864,1874150,1877001,1873976,1873589,1876046,1874657,1876874,1874745,1876960,1875409
CumProbs: 0.0006249999999999971,0.0006249999999999971,0.0006249999999999971,0.0006249999999999971,0.0006249999999999971,0.0006249999999999971,0.0006249999999999971,0.0006249999999999971,0.0006249999999999971,0.0006249999999999971,0.0006249999999999971,0.0006249999999999971,0.0006249999999999971,0.0006249999999999971,0.0006249999999999971,0.0006249999999999971
SectionCumProbs: 0_3 0.00020833333333333286,0.00020833333333333286,0.00020833333333333286,0.00020833333333333286,0.00020833333333333286,0.00020833333333333286,0.00020833333333333286,0.00020833333333333286,0.00020833333333333286,0.00020833333333333286,0.00020833333333333286,0.00020833333333333286,0.00020833333333333286,0.00020833333333333286,0.00020833333333333286,0.00020833333333333286
SectionCumProbs: 1_3 0.00020833333333333286,0.00020833333333333286,0.00020833333333333286,0.00020833333333333286,0.00020833333333333286,0.00020833333333333286,0.00020833333333333286,0.00020833333333333286,0.00020833333333333286,0.00020833333333333286,0.00020833333333333286,0.00020833333333333286,0.00020833333333333286,0.00020833333333333286,0.00020833333333333286,0.00020833333333333286
SectionCumProbs: 2_3 0.00020833333333333286,0.00020833333333333286,0.00020833333333333286,0.00020833333333333286,0.00020833333333333286,0.00020833333333333286,0.00020833333333333286,0.00020833333333333286,0.00020833333333333286,0.00020833333333333286,0.00020833333333333286,0.00020833333333333286,0.00020833333333333286,0.00020833333333333286,0.00020833333333333286,0.00020833333333333286
