HitRate: 2969325/3000000 0.989775
CumReqs: 3000000
CumProbs: 0.9915223311079352
SectionCumProbs: 0_3 0.6636976635778231
SectionCumProbs: 1_3 0.1961052871218109
SectionCumProbs: 2_3 0.13171938041027892
