HitRate: 1745159/3000000 0.581720
CumReqs: 3000000
CumProbs: 0.4212777777777481
SectionCumProbs: 0_3 0.13219444444444134
SectionCumProbs: 1_3 0.1402499999999976
SectionCumProbs: 2_3 0.14883333333333137
