HitRate: 2699769/3000000 0.899923
CumReqs: 3000000
CumProbs: 0.8999999999994353
SectionCumProbs: 0_3 0.2999999999999809
SectionCumProbs: 1_3 0.2999999999999809
SectionCumProbs: 2_3 0.2999999999999809
