HitRate: 505071/3000000 0.168357
CumReqs: 374780,374457,375410,375294,374655,375548,374888,374968
CumProbs: 0.06380050751836665,0.0633631404416213,0.06362264048260376,0.06353138407432996,0.06359476579789461,0.0637208655620549,0.0637019505974308,0.06336844990537537
SectionCumProbs: 0_3 0.021428332028643235,0.02126805259156584,0.021297254642213503,0.02123221371122558,0.02111806024051205,0.021392493148302952,0.021398798136510952,0.021221926625201972
SectionCumProbs: 1_3 0.021317165131291418,0.021135315997712928,0.021157549377183307,0.02114162098592096,0.021175136975868824,0.021068284017817223,0.021251128675849593,0.021173809609930296
SectionCumProbs: 2_3 0.021055010358431953,0.02095977185234249,0.021167836463206906,0.021157549377183324,0.021301568581513698,0.021260088395934684,0.02105202378507028,0.020972713670243146
