HitRate: 2700025/3000000 0.900008
CumReqs: 3000000
CumProbs: 0.9000000000004421
SectionCumProbs: 0_3 0.2999999999999753
SectionCumProbs: 1_3 0.2999999999999753
SectionCumProbs: 2_3 0.2999999999999753
