HitRate: 3481070/30000000 0.116036
CumReqs: 30000000
CumProbs: 0.0840177083333811
SectionCumProbs: 0_3 0.02785729166666409
SectionCumProbs: 1_3 0.027949999999997418
SectionCumProbs: 2_3 0.02821041666666406
