HitRate: 25959992/30000000 0.865333
CumReqs: 3160989,3633877,3352341,3406973,4393620,4354054,4357081,3341065
CumProbs: 0.2662727389652355,0.3136717158587406,0.2854307784059683,0.29068560639818575,0.38916831437523086,0.3856264579032697,0.3856136250899684,0.2840750029372321
SectionCumProbs: 0_3 0.22744453756185312,0.27405254358420517,0.2454923617583569,0.2508800527875699,0.3488605442740219,0.3456528877094379,0.3460113059336575,0.24417328363292917
SectionCumProbs: 1_3 0.02419480609410039,0.02499327081362526,0.02536130560720936,0.025316631978939793,0.025745518107790976,0.025413987682879325,0.025337505402083897,0.02566093089227715
SectionCumProbs: 2_3 0.014633395309281786,0.014625901460911172,0.01457711104040362,0.014488921631681464,0.014562251993419885,0.01455958251095307,0.014264813754228538,0.014240788412027338
