HitRate: 1348543/3000000 0.449514
CumReqs: 3000000
CumProbs: 0.014219236814634984
SectionCumProbs: 0_3 0.005041041577511056
SectionCumProbs: 1_3 0.004708749448401733
SectionCumProbs: 2_3 0.0044694457887222
