HitRate: 598998/3000000 0.199666
CumReqs: 93595,93415,93892,93534,94386,93821,93812,93758,93829,94138,93968,93563,93501,94320,93388,93712,94282,93539,93561,93844,93320,93662,94409,93165,93874,94017,93871,94018,93599,93322,93372,93513
CumProbs: 0.0126319444444447,0.012482638888889128,0.012333333333333592,0.012524305555555802,0.012454861111111371,0.012326388888889157,0.01245138888888914,0.012440972222222485,0.012559027777778013,0.012600694444444704,0.012680555555555818,0.013020833333333582,0.01247222222222247,0.01268402777777804,0.012673611111111364,0.012784722222222464,0.012302083333333585,0.012690972222222482,0.012534722222222471,0.012138888888889145,0.012385416666666914,0.012729166666666921,0.012559027777778026,0.012593750000000254,0.012670138888889166,0.012392361111111373,0.012690972222222478,0.012472222222222475,0.01255555555555578,0.012493055555555802,0.012750000000000256,0.012461805555555813
SectionCumProbs: 0_3 0.004114583333333345,0.004006944444444458,0.004111111111111125,0.004145833333333346,0.004138888888888902,0.0040659722222222364,0.003986111111111125,0.004020833333333345,0.004159722222222238,0.004170138888888902,0.0041388888888889055,0.004253472222222238,0.003940972222222238,0.004232638888888905,0.004086805555555569,0.004256944444444458,0.003906250000000014,0.004246527777777791,0.004128472222222236,0.0039131944444444604,0.004086805555555569,0.004055555555555571,0.004055555555555573,0.0041875000000000185,0.004194444444444459,0.00401041666666668,0.004152777777777794,0.004104166666666681,0.003996527777777795,0.004111111111111132,0.004145833333333348,0.004062500000000016
SectionCumProbs: 1_3 0.0042326388888889056,0.004222222222222238,0.003958333333333348,0.004170138888888901,0.004041666666666681,0.004118055555555572,0.004055555555555572,0.004062500000000016,0.004125000000000021,0.00414583333333335,0.004222222222222238,0.004319444444444463,0.004236111111111128,0.004156250000000017,0.004180555555555572,0.004194444444444457,0.004000000000000014,0.004069444444444458,0.004170138888888902,0.004038194444444457,0.004027777777777795,0.004173611111111125,0.00421180555555557,0.004121527777777792,0.004145833333333346,0.004062500000000016,0.004197916666666681,0.004333333333333346,0.004180555555555571,0.004222222222222236,0.0043576388888889065,0.004045138888888905
SectionCumProbs: 2_3 0.004284722222222242,0.004253472222222237,0.004263888888888907,0.004208333333333346,0.004274305555555569,0.0041423611111111236,0.004409722222222235,0.0043576388888889065,0.004274305555555572,0.004284722222222235,0.004319444444444455,0.004447916666666679,0.004295138888888901,0.004295138888888904,0.004406250000000013,0.004333333333333348,0.004395833333333345,0.004375000000000017,0.004236111111111128,0.004187500000000017,0.004270833333333345,0.0045000000000000135,0.00429166666666668,0.0042847222222222375,0.004329861111111124,0.004319444444444462,0.004340277777777792,0.004034722222222235,0.004378472222222236,0.004159722222222233,0.004246527777777791,0.004354166666666682
