HitRate: 1327433/30000000 0.044248
CumReqs: 3752928,3749618,3751349,3748608,3748738,3755428,3746755,3746576
CumProbs: 0.016587215680061402,0.01649640990541448,0.016640094949624252,0.016638388339012426,0.016688405804070185,0.016553247632440964,0.016574601948844588,0.016585455702061172
SectionCumProbs: 0_3 0.0055603969531783405,0.005422919296653837,0.005539113781718727,0.005525318016666275,0.005635565353848509,0.005566376947872661,0.0055164707314243186,0.005489211697163185
SectionCumProbs: 1_3 0.005503161626955248,0.005562558766433383,0.0056211788670134264,0.005578649155580744,0.0054745035476822385,0.005516780137278951,0.0055991933085003396,0.005486858080750136
SectionCumProbs: 2_3 0.005523657099927786,0.005510931842327287,0.005479802300892088,0.0055344211667654785,0.005578336902539466,0.005470090547289335,0.005458937908919931,0.005609385924147848
