HitRate: 6506813/30000000 0.216894
CumReqs: 1875888,1875562,1873730,1875343,1871455,1873716,1874625,1875791,1876919,1879214,1873796,1873217,1874343,1875205,1876676,1874520
CumProbs: 0.04061523502595636,0.040646402452687275,0.04081978527529315,0.040538075924867946,0.04077969545641078,0.040616185480085325,0.04054674082730968,0.04055398683236904,0.040599601078529786,0.0405453310878566,0.04063350284581007,0.040699792631151095,0.040633776489933174,0.04073002978591855,0.04067804820976233,0.04060875724526183
SectionCumProbs: 0_3 0.013913945016889506,0.013756304708740029,0.013891082737903973,0.013734727942553326,0.01383810898044873,0.013832255944113633,0.013737506727269228,0.013752917846227432,0.013892002489099955,0.013729386908226516,0.013789960366447461,0.0138352954129641,0.013810779073135904,0.0137999715799189,0.013711081319511634,0.013813264587115322
SectionCumProbs: 1_3 0.013549836224864303,0.013520393162355903,0.013573873001717586,0.013579919109762658,0.013543194000753224,0.013479813632992225,0.013417903959164344,0.01348988995022349,0.013523342961627932,0.013551329705113404,0.013578149415962183,0.013599221766898723,0.013504225042920702,0.01359502293029426,0.013590128533800924,0.013439703302084955
SectionCumProbs: 2_3 0.013151453784202504,0.013369704581591427,0.013354829535671723,0.013223428872551984,0.013398392475208477,0.013304115902979573,0.013391330140875948,0.013311179035918256,0.013184255627801778,0.01326461447451661,0.0132653930634004,0.013265275451288255,0.013318772373876504,0.013335035275705447,0.01337683835644972,0.013355789356061645
