HitRate: 36746/3000000 0.012249
CumReqs: 3000000
CumProbs: 0.008194444444444423
SectionCumProbs: 0_3 0.002847222222222223
SectionCumProbs: 1_3 0.0026249999999999993
SectionCumProbs: 2_3 0.0027222222222222222
