HitRate: 2782291/3000000 0.927430
CumReqs: 3000000
CumProbs: 0.9031484774454112
SectionCumProbs: 0_3 0.591529381749014
SectionCumProbs: 1_3 0.1704975850957989
SectionCumProbs: 2_3 0.14112151060079586
