HitRate: 2707774/3000000 0.902591
CumReqs: 3000000
CumProbs: 0.5428171817829236
SectionCumProbs: 0_3 0.19625909491208993
SectionCumProbs: 1_3 0.1756923403541504
SectionCumProbs: 2_3 0.1708657465166742
