HitRate: 2564876/3000000 0.854959
CumReqs: 67670,73176,80712,87654,92590,93934,102478,97254,94702,107958,111752,115310,107408,99603,111084,104133,102073,97862,91146,96929,92146,85339,93801,83542,87735,80203,92676,86235,82368,94125,95056,91346
CumProbs: 0.048797106382429865,0.051156071990962934,0.060569066003834104,0.06509173608551828,0.06830035149936185,0.06948423207694797,0.07461819265003077,0.07752541399905058,0.06406910719631087,0.08229260027729379,0.08436834928405657,0.08906399844963743,0.0789626063198345,0.07579620952985716,0.07192118486567836,0.06872136499847392,0.07206689775499536,0.05541898026191364,0.055807450238461905,0.060207569036978485,0.06432036664529338,0.05516127074539609,0.05395950588964467,0.06124866857412725,0.06620144088645032,0.05053246773427004,0.05988359973578153,0.05788994249764792,0.059974780235937344,0.06767000399024602,0.0661082080920787,0.07101495037699142
SectionCumProbs: 0_3 0.03372564403191381,0.03482068958844765,0.0400399669639267,0.04594734927145009,0.054611255895581544,0.05462562195509161,0.04659470150406779,0.048758699162106796,0.03861889981198054,0.056633058882959685,0.05350184427953746,0.06857565210915731,0.054638815275049844,0.06019994622989138,0.054693347664210475,0.040929783098887944,0.03899153780457875,0.038514819176754485,0.04248864714817592,0.04429642516734252,0.04884694781338312,0.03779563664658653,0.037118379555396784,0.036023040813975095,0.03629013224690745,0.03592541024628407,0.04354294000528301,0.04232768864468531,0.04439141707104177,0.054288166149048744,0.05241207605098712,0.04779118903183589
SectionCumProbs: 1_3 0.007650659651338662,0.012381784188363085,0.009403905281344603,0.011747918460591686,0.008450174840807935,0.008564516947112659,0.012823320629632106,0.013656258896328934,0.01775263815091817,0.010899148209944986,0.014468674220868486,0.009178446102502721,0.014797920850048548,0.010696264267476082,0.006882515244881216,0.00846864548874946,0.007789922473120069,0.012859968740627241,0.007876998384844448,0.010436502456742772,0.009599166416726552,0.010123087811512622,0.009562811490619407,0.007524296964627534,0.007561824630286524,0.010565796992333508,0.010793308465391133,0.00974546567581902,0.006399932919297644,0.009130070595989163,0.007912473756287713,0.013526671175850245
SectionCumProbs: 2_3 0.007420802699177337,0.003953598214152223,0.011125193758562827,0.007396468353476581,0.005238920762972615,0.006294093174743758,0.015200170516330845,0.015110455940614812,0.00769756923341239,0.014760393184389549,0.016397830783651004,0.01130990023797817,0.00952587019473632,0.004899999032489857,0.01034532195658695,0.019322936410836575,0.0252854374772967,0.004044192344532125,0.005441804705441541,0.00547464141289316,0.00587425241518382,0.007242546287297155,0.007278314843628367,0.017701330795525095,0.022349484009256623,0.00404126049565252,0.005547351265107453,0.0058167881771434785,0.009183430245598059,0.004251767245208409,0.005783658284803905,0.009697090169305493
