HitRate: 300043/3000000 0.100014
CumReqs: 3000000
CumProbs: 0.1000000000000811
SectionCumProbs: 0_3 0.03333333333333296
SectionCumProbs: 1_3 0.03333333333333296
SectionCumProbs: 2_3 0.03333333333333296
