HitRate: 1146738/3000000 0.382246
CumReqs: 93384,93676,93809,94122,94235,93580,93305,93570,93826,93970,93723,94060,93919,93603,93879,93312,93712,93863,93645,93672,93136,93468,93628,93439,94207,93895,93960,93974,93461,94340,94044,93583
CumProbs: 0.03578182712263734,0.03570276665926606,0.03598763123808899,0.035845699692577775,0.03604108616483318,0.03595748482774033,0.03573772259813555,0.03584227466940217,0.03591527086915787,0.035742008705513105,0.035901186890882494,0.03556572102877735,0.036443738729422616,0.03580483616922463,0.03587109321326077,0.035845678642888325,0.035760929772211826,0.03597624357312271,0.035634436546333165,0.03599225652757549,0.03577254572865503,0.03569982599595423,0.035792104796249447,0.0361360200470871,0.035305297526443284,0.035746541983986066,0.03627420887101755,0.03578765745259101,0.03559408884887397,0.035627730809708234,0.03544310919202115,0.036042718492294755
SectionCumProbs: 0_3 0.012645647355498071,0.012462826896802101,0.012501507979676545,0.012292173375594986,0.012251171835721459,0.012362412717058673,0.012233908703323106,0.01219677227703893,0.012407391129181848,0.01212812598475045,0.012406273325571806,0.012362616269725374,0.012604419477211573,0.012225893762819488,0.012298013904882766,0.012261727929452362,0.012394520003629544,0.012286019705051318,0.012229261496118781,0.012192646971927812,0.012240639395765265,0.012183516397885244,0.012483592523913392,0.012459765143524204,0.012318881742341626,0.012455215372511104,0.012482028770697694,0.012519773684910938,0.012338330353318324,0.012311849410020217,0.012155500563316726,0.012564668766304904
SectionCumProbs: 1_3 0.011712427820894383,0.01183038051505541,0.012093372947526515,0.012253428492630995,0.012016980803547581,0.012016321969969615,0.012115220789082283,0.01220126041803353,0.011905355168609013,0.011985032583186417,0.011724778780410339,0.011793489740816818,0.012198392235095439,0.012191606422848012,0.012042868883428379,0.01215082883430924,0.01182354848029411,0.011966284254145204,0.011784033656113165,0.012017488166164624,0.01200956740674562,0.012026332507832579,0.011824747010548116,0.011983174134318922,0.011908448170910378,0.011829072613219312,0.012126790523011695,0.01180484463770992,0.012045863581510064,0.012012956623748539,0.011852380044579265,0.012128799574811713
SectionCumProbs: 2_3 0.011423751946244795,0.0114095592474086,0.011392750310885949,0.011300097824351808,0.01177293352556412,0.011578750140712019,0.011388593105730094,0.011444241974329744,0.01160252457136701,0.011628850137576228,0.011770134784900379,0.011409615018235184,0.011640927017115579,0.011387335983557068,0.011530210424949783,0.011433121879126807,0.01154286128828813,0.01172393961392614,0.011621141394101161,0.011782121389483032,0.011522338926144148,0.01148997709023634,0.01148376526178787,0.011693080769243958,0.011077967613191351,0.011462253998255647,0.011665389577308055,0.011463039129970088,0.011209894914045674,0.011302924775939529,0.011435228584125144,0.011349250151178174
