HitRate: 13159/3000000 0.004386
CumReqs: 186732,186897,187355,187667,187678,187531,187101,187824,187987,188379,187550,187497,187020,187619,186985,188178
CumProbs: 0.000937252184813751,0.0007980568915848516,0.000827193091380406,0.0009478695767730927,0.000867557756053825,0.0006759186919950151,0.0008222767319904687,0.000788445513137681,0.0009162005491703639,0.0007857043650173734,0.0008009855279869786,0.0008475103979199994,0.0008575913650730238,0.0008698866035543901,0.0008288518418737268,0.0008817860334408041
SectionCumProbs: 0_3 0.0003018656817439659,0.00024594643368995475,0.0002561593370412966,0.0003175148772667725,0.0002915850742908559,0.0002254572628920265,0.0003095474932907427,0.0002911415256241437,0.00029363789737651996,0.00025855675664493476,0.0002744307645056639,0.00032879802622683477,0.00029344346508426255,0.00028610191004893625,0.0003023387424550386,0.00032393635091909503
SectionCumProbs: 1_3 0.00033176485468636955,0.0002784192305008548,0.0002570611903969012,0.00031039032255762635,0.00027698355634284697,0.000184786193758041,0.0002627856590015332,0.00022917491248014454,0.000303735356554334,0.0002707339469488591,0.00025480265100201845,0.00026176575746848655,0.00026076408396283904,0.0002897093234713548,0.000256654965786292,0.0002610062563268561
SectionCumProbs: 2_3 0.0003036216483834156,0.000273691227394042,0.00031397256394220796,0.0003199643769486939,0.0002989891254201221,0.00026567523534494784,0.0002499435796981929,0.00026812907503339284,0.0003188272952395099,0.0002564136614235797,0.0002717521124792963,0.0002569466142246781,0.0003033838160259221,0.00029407537003409915,0.00026985813363239615,0.0002968434261948529
