HitRate: 2966334/3000000 0.988778
CumReqs: 181713,191685,181968,186288,193692,188667,190443,185117,192196,190358,188832,183186,187276,183871,190815,183893
CumProbs: 0.06049453360551689,0.06203818324437624,0.061404447464869207,0.06039905672872621,0.06176868763049939,0.06046240284448723,0.06077666182629397,0.060540761623522586,0.06152674574616631,0.06204303489775068,0.0621766842171319,0.060185858602122534,0.06130485125974075,0.06186068596336127,0.06204248565397201,0.06192632059486581
SectionCumProbs: 0_3 0.028030473143305264,0.027718411136611984,0.027533956767739422,0.027390878763497228,0.028336859630956324,0.027710904804975643,0.027737268506333165,0.02755711654705694,0.027520225673282273,0.027868080066193592,0.028520307052902146,0.027166146517550713,0.02748479944958331,0.02681490512134009,0.02835406926934245,0.028039352584387615
SectionCumProbs: 1_3 0.018666599048655003,0.019821750255009138,0.019034592380102845,0.018896274488606035,0.019134371666490783,0.018502649780838314,0.019069652441283315,0.019456777764341487,0.01959390562765218,0.01918883834117025,0.01899376525925075,0.018864418349465603,0.019368898759816688,0.01988811721155137,0.019316354438361008,0.019221060642829364
SectionCumProbs: 2_3 0.013797461413565817,0.014498021852763065,0.01483589831703559,0.01411190347663164,0.014297456333060845,0.014248848258682957,0.013969740878686536,0.013526867312132738,0.014412614445240442,0.014986116490395426,0.01466261190498792,0.014155293735115808,0.014451153050349805,0.015157663630478529,0.014372061946277341,0.014665907367657579
