HitRate: 2713227/3000000 0.904409
CumReqs: 377675,375350,380814,375523,377434,376176,368007,369021
CumProbs: 0.0660137210321387,0.0677811440396075,0.06924602638870239,0.06922325451119024,0.06985403551827338,0.06758986026850654,0.06792428155539736,0.06766305558908084
SectionCumProbs: 0_3 0.02403213827604526,0.025155117149923866,0.02493553118820077,0.02655623824198503,0.025263771536909795,0.024817442737674132,0.02625304695853927,0.02493065150016251
SectionCumProbs: 1_3 0.021865882099580135,0.02214012056733206,0.022823602205228607,0.022451769976710875,0.021998934926757537,0.02212060181517891,0.022417937472978725,0.022178507446566586
SectionCumProbs: 2_3 0.020115700656513226,0.02048590632235156,0.021486892995272892,0.020215246292494375,0.022591329054605976,0.020651815715653454,0.019253297123879343,0.020553896642351716
