HitRate: 1511910/3000000 0.503970
CumReqs: 3000000
CumProbs: 0.5063135804048867
SectionCumProbs: 0_3 0.16978729765897382
SectionCumProbs: 1_3 0.16889096912539633
SectionCumProbs: 2_3 0.1676353136205165
