HitRate: 2508861/3000000 0.836287
CumReqs: 3000000
CumProbs: 0.7964463303670634
SectionCumProbs: 0_3 0.2987019239141869
SectionCumProbs: 1_3 0.2665826618050825
SectionCumProbs: 2_3 0.23116174465425549
