HitRate: 2963427/3000000 0.987809
CumReqs: 3000000
CumProbs: 0.9901955866385188
SectionCumProbs: 0_3 0.8547739137985964
SectionCumProbs: 1_3 0.08667900781084184
SectionCumProbs: 2_3 0.04874266502909118
