HitRate: 401119/30000000 0.013371
CumReqs: 30000000
CumProbs: 0.013346498268268071
SectionCumProbs: 0_3 0.004459849522910642
SectionCumProbs: 1_3 0.004475999971850907
SectionCumProbs: 2_3 0.004410648773506487
