HitRate: 395795/3000000 0.131932
CumReqs: 375874,375900,374918,374744,374686,374217,374949,374712
CumProbs: 0.017748988157515556,0.01644263544089491,0.017453871045265974,0.015682821583152453,0.01581113337108705,0.01718788417676371,0.018036475920212264,0.016675330602257385
SectionCumProbs: 0_3 0.006725965208085308,0.005259742939470476,0.00505687159908739,0.00624947764964709,0.004890759852004491,0.0056439847260421954,0.0056637516771564445,0.005130043997071718
SectionCumProbs: 1_3 0.005613120539214684,0.005614507693678841,0.006203354763713842,0.004932721274545266,0.004751350828356628,0.006192951105232659,0.0061142300893917015,0.0056883736688952465
SectionCumProbs: 2_3 0.005409902410215561,0.005568384807745592,0.006193644682464738,0.004500622658960099,0.006169022690725937,0.005350948345488853,0.006258494153664118,0.005856912936290423
