HitRate: 3481149/30000000 0.116038
CumReqs: 1874305,1875081,1874913,1874127,1876773,1873821,1876950,1874807,1876264,1872042,1874991,1875173,1874052,1876257,1874647,1875797
CumProbs: 0.005281249999999908,0.005196874999999909,0.005240624999999921,0.005259374999999907,0.005295833333333243,0.005248958333333243,0.005214583333333243,0.0052593749999999126,0.005317708333333242,0.005274999999999918,0.005278124999999917,0.00528229166666658,0.005262499999999917,0.005189583333333252,0.005197916666666582,0.005223958333333261
SectionCumProbs: 0_3 0.0017468750000000225,0.0017166666666666923,0.001729166666666687,0.0017572916666666895,0.0017312500000000223,0.0017291666666666894,0.0017354166666666876,0.0017500000000000224,0.0017687500000000203,0.0017625000000000223,0.0017958333333333556,0.001743750000000024,0.0017375000000000214,0.0017395833333333553,0.001697916666666689,0.0017135416666666885
SectionCumProbs: 1_3 0.0017729166666666885,0.0017333333333333552,0.0017635416666666867,0.001745833333333354,0.0017604166666666875,0.0017322916666666886,0.0017395833333333538,0.0017343750000000224,0.0017489583333333571,0.0017458333333333555,0.0017270833333333571,0.001755208333333357,0.0017333333333333543,0.0017250000000000193,0.0017520833333333566,0.0017427083333333546
SectionCumProbs: 2_3 0.0017614583333333577,0.0017468750000000223,0.0017479166666666875,0.0017562500000000202,0.0018041666666666894,0.001787500000000025,0.001739583333333356,0.0017750000000000253,0.001800000000000023,0.0017666666666666905,0.0017552083333333545,0.0017833333333333557,0.0017916666666666897,0.001725000000000025,0.0017479166666666888,0.0017677083333333544
