HitRate: 2786270/3000000 0.928757
CumReqs: 164954,186843,189203,211068,209931,169221,150852,130148,182055,160855,208827,190433,266975,163908,222916,191811
CumProbs: 0.04912883860583789,0.05339623468228332,0.06370983534081355,0.055683392851918964,0.06181702194729477,0.048278266619019135,0.04860242259348711,0.04769495199231679,0.050784920538179776,0.05056833201712403,0.061465454961531454,0.05491401560309808,0.07147732683665314,0.04373821404386822,0.06433800434963277,0.055454967757800365
SectionCumProbs: 0_3 0.035511380449678144,0.038012219911899375,0.04491169605009542,0.037807052645547325,0.041596624956938194,0.03691058798072945,0.03532573314591487,0.03303649838451517,0.033540902524159914,0.03962365512130169,0.0406204191683554,0.03796964978072336,0.046558433319497675,0.03414020690745092,0.048770626526426,0.0374885034688434
SectionCumProbs: 1_3 0.008627200486421436,0.009475695881475375,0.0060113178404362895,0.010819873730761908,0.010548878505469114,0.007294651551017152,0.00690113741160751,0.004737328792796355,0.013700729485921655,0.007095714059959737,0.009252462266770678,0.009811273110649868,0.016841782189196974,0.006629934527138694,0.010697354816645091,0.007262672037840622
SectionCumProbs: 2_3 0.004990257669736337,0.005908318888907875,0.01278682145027963,0.007056466475607133,0.00967151848488577,0.0040730270872706325,0.006375552035963557,0.009921124815001977,0.0035432885280971263,0.0038489628358600748,0.011592573526404424,0.007133092711724259,0.00807711132795388,0.0029680726092769184,0.004870023006560405,0.01070379225111537
