HitRate: 10038/3000000 0.003346
CumReqs: 375281,374467,375594,374346,375660,375184,374587,374881
CumProbs: 0.0012499999999999996,0.0012499999999999996,0.0012499999999999996,0.0012499999999999996,0.0012499999999999996,0.0012499999999999996,0.0012499999999999996,0.0012499999999999996
SectionCumProbs: 0_3 0.00041666666666666675,0.00041666666666666675,0.00041666666666666675,0.00041666666666666675,0.00041666666666666675,0.00041666666666666675,0.00041666666666666675,0.00041666666666666675
SectionCumProbs: 1_3 0.00041666666666666675,0.00041666666666666675,0.00041666666666666675,0.00041666666666666675,0.00041666666666666675,0.00041666666666666675,0.00041666666666666675,0.00041666666666666675
SectionCumProbs: 2_3 0.00041666666666666675,0.00041666666666666675,0.00041666666666666675,0.00041666666666666675,0.00041666666666666675,0.00041666666666666675,0.00041666666666666675,0.00041666666666666675
