HitRate: 363524/3000000 0.121175
CumReqs: 94010,93576,94456,93545,93516,93647,93892,93567,93859,93808,93662,93573,93288,93868,93250,93352,93938,93487,93665,93554,93608,94214,93916,93578,94048,93734,93600,94105,93657,93772,94077,94178
CumProbs: 0.002569444444444444,0.0026041666666666665,0.0022569444444444442,0.0022569444444444442,0.002326388888888889,0.002465277777777778,0.0028472222222222215,0.0026388888888888885,0.002812499999999999,0.0022222222222222235,0.002291666666666667,0.002395833333333333,0.002430555555555555,0.0023958333333333336,0.0022916666666666667,0.0026041666666666665,0.0023611111111111116,0.0024999999999999996,0.0025000000000000005,0.0023611111111111107,0.0022916666666666667,0.0026041666666666665,0.002604166666666667,0.002291666666666667,0.0020138888888888897,0.0022916666666666675,0.0025000000000000005,0.002638888888888889,0.002326388888888889,0.0022916666666666667,0.002326388888888889,0.0022569444444444447
SectionCumProbs: 0_3 0.0008333333333333335,0.0007986111111111112,0.0005208333333333334,0.0005902777777777779,0.0007986111111111113,0.0007986111111111113,0.0008680555555555557,0.0008333333333333334,0.000763888888888889,0.0006250000000000001,0.0007291666666666668,0.0007986111111111113,0.0008680555555555557,0.0006597222222222224,0.0011458333333333336,0.0009375000000000002,0.0006597222222222224,0.0009027777777777778,0.0007986111111111113,0.000902777777777778,0.0009722222222222223,0.0009027777777777778,0.0007986111111111113,0.000902777777777778,0.0006944444444444446,0.0006944444444444446,0.0009722222222222223,0.0007986111111111113,0.0005902777777777779,0.0007291666666666668,0.000763888888888889,0.0008680555555555556
SectionCumProbs: 1_3 0.0006597222222222224,0.0009375000000000001,0.0009722222222222224,0.000763888888888889,0.000763888888888889,0.0010069444444444444,0.0008680555555555556,0.0009375000000000002,0.0008680555555555556,0.0006944444444444445,0.0007638888888888889,0.000763888888888889,0.0006944444444444446,0.0009027777777777778,0.0005208333333333334,0.0010069444444444446,0.0009722222222222224,0.0007291666666666668,0.0010069444444444444,0.0006250000000000001,0.0006250000000000001,0.000902777777777778,0.000763888888888889,0.000763888888888889,0.0006944444444444446,0.0007291666666666668,0.0006597222222222224,0.0011458333333333336,0.0008333333333333335,0.000763888888888889,0.0008333333333333334,0.0005902777777777779
SectionCumProbs: 2_3 0.0010763888888888889,0.0008680555555555556,0.000763888888888889,0.0009027777777777778,0.000763888888888889,0.0006597222222222224,0.0011111111111111113,0.0008680555555555556,0.0011805555555555556,0.0009027777777777778,0.0007986111111111113,0.0008333333333333335,0.0008680555555555557,0.0008333333333333335,0.0006250000000000001,0.0006597222222222224,0.0007291666666666668,0.0008680555555555556,0.0006944444444444446,0.0008333333333333334,0.0006944444444444446,0.0007986111111111113,0.0010416666666666669,0.0006250000000000001,0.0006250000000000001,0.0008680555555555557,0.0008680555555555557,0.0006944444444444446,0.0009027777777777778,0.0007986111111111113,0.0007291666666666668,0.0007986111111111113
