HitRate: 11606/3000000 0.003869
CumReqs: 187534,187184,187932,186740,187579,187766,187919,187693,187470,188044,187035,187345,187853,187820,187025,187061
CumProbs: 0.0004999999999999999,0.0004895833333333332,0.0004999999999999999,0.0005208333333333333,0.0004583333333333332,0.0005312499999999999,0.0004791666666666665,0.0004583333333333332,0.0005208333333333332,0.0005208333333333332,0.0004895833333333332,0.0005937500000000001,0.0005625,0.0004687499999999999,0.0005208333333333333,0.0005104166666666665
SectionCumProbs: 0_3 0.0001666666666666667,0.0001979166666666667,0.0001354166666666667,0.00019791666666666672,0.0001666666666666667,0.00017708333333333335,0.00016666666666666666,0.00013541666666666666,0.00017708333333333335,0.00013541666666666671,0.0001979166666666667,0.00017708333333333337,0.00019791666666666666,0.00016666666666666666,0.0001354166666666667,0.00018749999999999998
SectionCumProbs: 1_3 0.00014583333333333332,0.00015625,0.0001979166666666667,0.00012500000000000003,0.00015625000000000003,0.00018750000000000003,0.00017708333333333332,0.00017708333333333332,0.00014583333333333335,0.00020833333333333337,0.00013541666666666666,0.0001875,0.00015625,0.00014583333333333335,0.00016666666666666666,0.00016666666666666672
SectionCumProbs: 2_3 0.0001875,0.0001354166666666667,0.00016666666666666666,0.0001979166666666667,0.00013541666666666671,0.0001666666666666667,0.0001354166666666667,0.00014583333333333337,0.0001979166666666667,0.00017708333333333337,0.00015625,0.0002291666666666667,0.00020833333333333337,0.00015625,0.00021875000000000003,0.00015625000000000003
