HitRate: 1291921/3000000 0.430640
CumReqs: 3000000
CumProbs: 0.012729807684624929
SectionCumProbs: 0_3 0.0042422704985924115
SectionCumProbs: 1_3 0.004203652953443173
SectionCumProbs: 2_3 0.004283884232589434
