HitRate: 2958346/3000000 0.986115
CumReqs: 3000000
CumProbs: 0.9182183026245416
SectionCumProbs: 0_3 0.3404855059254704
SectionCumProbs: 1_3 0.2990458404607579
SectionCumProbs: 2_3 0.278686956238314
