HitRate: 1883199/3000000 0.627733
CumReqs: 3000000
CumProbs: 0.6285279525491176
SectionCumProbs: 0_3 0.21855118042783697
SectionCumProbs: 1_3 0.21112384330630046
SectionCumProbs: 2_3 0.19885292881497382
