HitRate: 3965774/30000000 0.132192
CumReqs: 30000000
CumProbs: 0.13201587813746418
SectionCumProbs: 0_3 0.044216248986601904
SectionCumProbs: 1_3 0.043952105411807045
SectionCumProbs: 2_3 0.04384752373905429
