HitRate: 1545732/3000000 0.515244
CumReqs: 3000000
CumProbs: 0.5180558567724497
SectionCumProbs: 0_3 0.4069726186347593
SectionCumProbs: 1_3 0.07702868328850894
SectionCumProbs: 2_3 0.034054554849181115
