HitRate: 1499966/3000000 0.499989
CumReqs: 3000000
CumProbs: 0.5000000000005288
SectionCumProbs: 0_3 0.16666666666678812
SectionCumProbs: 1_3 0.16666666666678812
SectionCumProbs: 2_3 0.16666666666678812
