HitRate: 2960848/3000000 0.986949
CumReqs: 406791,328057,288059,431598,413576,361134,414948,355837
CumProbs: 0.1224424671210719,0.10201007012652888,0.09238100602985001,0.1323645740571373,0.12981498150054607,0.11695705274411462,0.1212301446996392,0.12057154739802929
SectionCumProbs: 0_3 0.07397983337907785,0.06703729494492128,0.06345875646761757,0.07867511077498712,0.09071653468752239,0.06682455423330072,0.07807284481673711,0.0817002237672723
SectionCumProbs: 1_3 0.02589294168267733,0.014823533077884669,0.014746526932974053,0.029577251246181352,0.02868973295347649,0.021628239501695446,0.02286752905558726,0.031199474080990233
SectionCumProbs: 2_3 0.02256969205931838,0.020149242103724124,0.014175722629259473,0.024112212035970765,0.010408713859548006,0.028504259009120052,0.02028977082731589,0.007671849549768719
