HitRate: 3640745/30000000 0.121358
CumReqs: 3748815,3750758,3750012,3751773,3751778,3749835,3749238,3747791
CumProbs: 0.009847222222222658,0.009855555555555994,0.009890277777778223,0.009884722222222664,0.009844444444444884,0.009926388888889331,0.009812500000000448,0.009901388888889326
SectionCumProbs: 0_3 0.0032180555555555387,0.003324999999999982,0.003247222222222205,0.003247222222222205,0.0032388888888888715,0.003211111111111094,0.003272222222222205,0.0033111111111110932
SectionCumProbs: 1_3 0.003263888888888872,0.0032041666666666494,0.003331944444444427,0.0032763888888888717,0.003226388888888872,0.0033458333333333157,0.0032569444444444273,0.003297222222222205
SectionCumProbs: 2_3 0.00336527777777776,0.0033263888888888714,0.0033111111111110937,0.0033611111111110934,0.003379166666666649,0.0033694444444444267,0.003283333333333316,0.0032930555555555382
