HitRate: 303654/3000000 0.101218
CumReqs: 3000000
CumProbs: 0.2922195041726083
SectionCumProbs: 0_3 0.09977102060080875
SectionCumProbs: 1_3 0.09743791398061537
SectionCumProbs: 2_3 0.09501056959302094
