HitRate: 4999701/30000000 0.166657
CumReqs: 1873946,1873633,1874630,1870195,1876331,1875863,1876855,1873879,1874837,1875257,1873061,1875944,1875766,1879974,1875169,1874660
CumProbs: 0.03124999999999717,0.03124999999999717,0.03124999999999717,0.03124999999999717,0.03124999999999717,0.03124999999999717,0.03124999999999717,0.03124999999999717,0.03124999999999717,0.03124999999999717,0.03124999999999717,0.03124999999999717,0.03124999999999717,0.03124999999999717,0.03124999999999717,0.03124999999999717
SectionCumProbs: 0_3 0.01041666666666613,0.01041666666666613,0.01041666666666613,0.01041666666666613,0.01041666666666613,0.01041666666666613,0.01041666666666613,0.01041666666666613,0.01041666666666613,0.01041666666666613,0.01041666666666613,0.01041666666666613,0.01041666666666613,0.01041666666666613,0.01041666666666613,0.01041666666666613
SectionCumProbs: 1_3 0.01041666666666613,0.01041666666666613,0.01041666666666613,0.01041666666666613,0.01041666666666613,0.01041666666666613,0.01041666666666613,0.01041666666666613,0.01041666666666613,0.01041666666666613,0.01041666666666613,0.01041666666666613,0.01041666666666613,0.01041666666666613,0.01041666666666613,0.01041666666666613
SectionCumProbs: 2_3 0.01041666666666613,0.01041666666666613,0.01041666666666613,0.01041666666666613,0.01041666666666613,0.01041666666666613,0.01041666666666613,0.01041666666666613,0.01041666666666613,0.01041666666666613,0.01041666666666613,0.01041666666666613,0.01041666666666613,0.01041666666666613,0.01041666666666613,0.01041666666666613
