HitRate: 3000099/30000000 0.100003
CumReqs: 1874319,1873384,1872365,1875446,1874944,1875805,1875390,1875941,1873334,1873673,1876943,1875722,1876149,1877677,1876400,1872508
CumProbs: 0.006249999999999922,0.006249999999999922,0.006249999999999922,0.006249999999999922,0.006249999999999922,0.006249999999999922,0.006249999999999922,0.006249999999999922,0.006249999999999922,0.006249999999999922,0.006249999999999922,0.006249999999999922,0.006249999999999922,0.006249999999999922,0.006249999999999922,0.006249999999999922
SectionCumProbs: 0_3 0.002083333333333335,0.002083333333333335,0.002083333333333335,0.002083333333333335,0.002083333333333335,0.002083333333333335,0.002083333333333335,0.002083333333333335,0.002083333333333335,0.002083333333333335,0.002083333333333335,0.002083333333333335,0.002083333333333335,0.002083333333333335,0.002083333333333335,0.002083333333333335
SectionCumProbs: 1_3 0.002083333333333335,0.002083333333333335,0.002083333333333335,0.002083333333333335,0.002083333333333335,0.002083333333333335,0.002083333333333335,0.002083333333333335,0.002083333333333335,0.002083333333333335,0.002083333333333335,0.002083333333333335,0.002083333333333335,0.002083333333333335,0.002083333333333335,0.002083333333333335
SectionCumProbs: 2_3 0.002083333333333335,0.002083333333333335,0.002083333333333335,0.002083333333333335,0.002083333333333335,0.002083333333333335,0.002083333333333335,0.002083333333333335,0.002083333333333335,0.002083333333333335,0.002083333333333335,0.002083333333333335,0.002083333333333335,0.002083333333333335,0.002083333333333335,0.002083333333333335
