HitRate: 2809948/3000000 0.936649
CumReqs: 3000000
CumProbs: 0.8633723958327331
SectionCumProbs: 0_3 0.2579361979165966
SectionCumProbs: 1_3 0.278300781249924
SectionCumProbs: 2_3 0.3271354166665797
