HitRate: 99936/3000000 0.033312
CumReqs: 187644,187449,187287,187648,187590,186911,187912,187509,187430,187681,187380,187795,187510,187204,187699,187351
CumProbs: 0.006249999999999996,0.006249999999999996,0.006249999999999996,0.006249999999999996,0.006249999999999996,0.006249999999999996,0.006249999999999996,0.006249999999999996,0.006249999999999996,0.006249999999999996,0.006249999999999996,0.006249999999999996,0.006249999999999996,0.006249999999999996,0.006249999999999996,0.006249999999999996
SectionCumProbs: 0_3 0.0020833333333333333,0.0020833333333333333,0.0020833333333333333,0.0020833333333333333,0.0020833333333333333,0.0020833333333333333,0.0020833333333333333,0.0020833333333333333,0.0020833333333333333,0.0020833333333333333,0.0020833333333333333,0.0020833333333333333,0.0020833333333333333,0.0020833333333333333,0.0020833333333333333,0.0020833333333333333
SectionCumProbs: 1_3 0.0020833333333333333,0.0020833333333333333,0.0020833333333333333,0.0020833333333333333,0.0020833333333333333,0.0020833333333333333,0.0020833333333333333,0.0020833333333333333,0.0020833333333333333,0.0020833333333333333,0.0020833333333333333,0.0020833333333333333,0.0020833333333333333,0.0020833333333333333,0.0020833333333333333,0.0020833333333333333
SectionCumProbs: 2_3 0.0020833333333333333,0.0020833333333333333,0.0020833333333333333,0.0020833333333333333,0.0020833333333333333,0.0020833333333333333,0.0020833333333333333,0.0020833333333333333,0.0020833333333333333,0.0020833333333333333,0.0020833333333333333,0.0020833333333333333,0.0020833333333333333,0.0020833333333333333,0.0020833333333333333,0.0020833333333333333
