HitRate: 364111/3000000 0.121370
CumReqs: 3000000
CumProbs: 0.07935416666666485
SectionCumProbs: 0_3 0.026319444444445003
SectionCumProbs: 1_3 0.0269375000000006
SectionCumProbs: 2_3 0.026097222222222796
