HitRate: 18830502/30000000 0.627683
CumReqs: 30000000
CumProbs: 0.6274149032695371
SectionCumProbs: 0_3 0.2189208448300512
SectionCumProbs: 1_3 0.21042990490216198
SectionCumProbs: 2_3 0.1980641535373485
