HitRate: 2509629/3000000 0.836543
CumReqs: 391430,362908,333240,346283,375763,407920,401297,381159
CumProbs: 0.22002113483527083,0.21001554564435881,0.20344040723187645,0.1993311073548126,0.23756130249806803,0.24553939571439334,0.23873668122313074,0.21473322361838829
SectionCumProbs: 0_3 0.15629239776290105,0.15420477515386435,0.13604362219655539,0.13402873341951485,0.1587343149491299,0.1622568952480888,0.15823099683171407,0.14616041333505306
SectionCumProbs: 1_3 0.039380359473226115,0.03352803372005098,0.03444609631058446,0.037055139679667226,0.05231599067843208,0.051915792971713656,0.04155267658885445,0.03237334372942239
SectionCumProbs: 2_3 0.024348377599143496,0.0222827367704433,0.03295068872473671,0.028247234255630638,0.026510996870505652,0.03136670749459099,0.03895300780256221,0.03619946655391303
