HitRate: 26996718/30000000 0.899891
CumReqs: 30000000
CumProbs: 0.9000000000273268
SectionCumProbs: 0_3 0.30000000000740895
SectionCumProbs: 1_3 0.30000000000740895
SectionCumProbs: 2_3 0.30000000000740895
