HitRate: 2667948/3000000 0.889316
CumReqs: 3000000
CumProbs: 0.5120387210189246
SectionCumProbs: 0_3 0.1730744006872344
SectionCumProbs: 1_3 0.17098540224759087
SectionCumProbs: 2_3 0.16797891808409862
