HitRate: 2706902/3000000 0.902301
CumReqs: 186989,185825,188304,186874,188824,186748,188592,187149,187243,188022,187207,188158,187038,187623,187074,188330
CumProbs: 0.05641787755042429,0.05588311251177582,0.056697044153467935,0.05614833738196831,0.05683081839963511,0.05618783895837995,0.05653173503537551,0.05637306483768835,0.05627613659977071,0.05661638127054333,0.056136055379218466,0.056695716369386896,0.05644742074622797,0.05636941343146546,0.056237298915399574,0.056581858884435676
SectionCumProbs: 0_3 0.019147642287001863,0.01861221335631285,0.019050382103063937,0.018753290414925888,0.01912208244344138,0.018828310215506,0.018968391436058232,0.019124406065583237,0.018957769163409723,0.018796775343580725,0.01890001055588345,0.019015195824915742,0.018828974107546536,0.018853206167025943,0.018927562075565518,0.019323241731722555
SectionCumProbs: 1_3 0.018765904363695997,0.018632462063549085,0.018764244633594666,0.018842251948357175,0.019097850383961962,0.018782833610729556,0.018566736751536417,0.01887743822650536,0.018649059364562365,0.0188047420480671,0.018552131126644722,0.01918747580943378,0.01896108862361237,0.019098846222022747,0.01859760773142114,0.01856972426571881
SectionCumProbs: 2_3 0.01850433089972641,0.01863843709191386,0.018882417416809343,0.018552795018685234,0.018610885572231787,0.018576695132144397,0.018996606847780838,0.018371220545599753,0.018669308071798594,0.01901486387889546,0.018683913696690303,0.018493044735037358,0.018657358015069025,0.01841736104241672,0.01871212910841291,0.018688892886994293
