HitRate: 3638270/30000000 0.121276
CumReqs: 30000000
CumProbs: 0.07868324652780792
SectionCumProbs: 0_3 0.025982378472255273
SectionCumProbs: 1_3 0.026274913194477313
SectionCumProbs: 2_3 0.02642595486114402
