HitRate: 2821426/3000000 0.940475
CumReqs: 3000000
CumProbs: 0.9879023225588498
SectionCumProbs: 0_3 0.6426435344944905
SectionCumProbs: 1_3 0.2048663537756292
SectionCumProbs: 2_3 0.1403924343236615
