HitRate: 2851910/3000000 0.950637
CumReqs: 3000000
CumProbs: 0.8492048611104152
SectionCumProbs: 0_3 0.24184027777782477
SectionCumProbs: 1_3 0.27091666666667985
SectionCumProbs: 2_3 0.3364479166665332
