HitRate: 2738487/3000000 0.912829
CumReqs: 3000000
CumProbs: 0.7690613649937611
SectionCumProbs: 0_3 0.5110544411448752
SectionCumProbs: 1_3 0.14526892256066368
SectionCumProbs: 2_3 0.1127380012882334
