HitRate: 2705801/3000000 0.901934
CumReqs: 93999,94100,94410,94308,94094,93406,93896,92840,94402,92538,93167,93443,92985,93858,93973,93303,94033,93257,93538,93887,94383,93897,94217,95266,93705,93478,93614,93938,93115,93179,93574,94197
CumProbs: 0.02826982291657726,0.028278077168672644,0.028544524426312973,0.028437219149072445,0.02836953428188996,0.028149641006067858,0.028253974752554038,0.027946256234436608,0.02828170903959466,0.027786123743785376,0.028076673417544322,0.02810143617383058,0.027957812187370198,0.028215014682663613,0.028371185132309067,0.028049599470671326,0.028347743056358062,0.028084597499555927,0.028095823282405685,0.028319348429149804,0.0282747754678345,0.028346092205938957,0.02834939390677713,0.028657772765062206,0.028199826858808053,0.02812586876003305,0.02812619893011684,0.028252984242302583,0.02805719338259911,0.02813841522321808,0.028114312807099456,0.028431276087563743
SectionCumProbs: 0_3 0.009756856146875506,0.009622807092845808,0.009602336547649156,0.009635683726114671,0.009737376111930297,0.009330936738751601,0.009306504152549142,0.009472579704709081,0.009540594741975382,0.009389707013671025,0.00947456072521198,0.009346124562607182,0.00941975249129837,0.009518143176275827,0.009342162521601381,0.009491069229402838,0.009475221065379624,0.009641296617539567,0.00931409806447693,0.009660446482400945,0.009592101275050832,0.009522765557449268,0.00959210127505083,0.00981232472095675,0.009324003166991446,0.009380132081240326,0.009532670659963775,0.009637994916701389,0.009506917393426045,0.00938244327182705,0.00957229107002181,0.009454090180015338
SectionCumProbs: 1_3 0.009228584012768338,0.009426355892974709,0.009443194567249371,0.009367585618055285,0.009284382756933409,0.009476541745714887,0.009369566638558185,0.009351737454032066,0.009448147118506629,0.009278109525340883,0.009288344797939212,0.009298910240621357,0.009407866368280959,0.009396310415347362,0.009496351950743909,0.009178067989944336,0.009576913451195252,0.009326314357578162,0.009464985792781292,0.009390367353838651,0.009440553206578843,0.00932862554816488,0.00949338041998955,0.009474560725211984,0.009471919364541453,0.009375179529983079,0.009410837899035311,0.009460033241524037,0.009375179529983074,0.009310466193554948,0.009275137994586529,0.009555782565830959
SectionCumProbs: 2_3 0.009284382756933406,0.009228914182852153,0.00949899331141444,0.009433949804902498,0.009347775413026267,0.00934216252160138,0.009577903961446699,0.009121939075695449,0.009292967179112648,0.009118307204773466,0.009313767894393117,0.009456401370602057,0.009130193327790878,0.009300561091040441,0.009532670659963776,0.009380462251324141,0.009295608539783186,0.009116986524438198,0.009316739425147472,0.009268534592910193,0.009242120986204833,0.009494701100324823,0.009263912211736756,0.009370887318893453,0.00940390432727515,0.009370557148809642,0.009182690371117776,0.009154956084077154,0.009175096459189985,0.009445505757836094,0.009266883742491112,0.009421403341717453
