HitRate: 1392917/3000000 0.464306
CumReqs: 94441,92614,94647,92645,93672,94215,93428,93391,93340,94609,94462,92655,93667,94949,93364,94456,92649,94403,93517,95363,92941,91692,93924,92673,93958,94474,92529,94106,94990,93855,95282,93089
CumProbs: 0.0006722026480609993,0.0006387415995375093,0.0006301278642740363,0.0006589507476556564,0.0006364225169665739,0.0006725339455711321,0.0005850714028958722,0.0006403980870881776,0.0006649141028380608,0.00062118283150043,0.0006695522679799301,0.0006288026742335022,0.0006437110621895128,0.0006513309049225847,0.0007238850596418348,0.0006079309310950872,0.0006231706165612317,0.0006794911932839372,0.0006586194501455237,0.0006582881526353888,0.0006685583754495304,0.0006258209966423001,0.0006659079953684609,0.0006549751775340538,0.0006635889127975267,0.000647024037290848,0.0006967186638108827,0.0006228393190510982,0.0005870591879566727,0.0006443736572097801,0.0006420545746388448,0.0005993171958316151
SectionCumProbs: 0_3 0.00023787161227589777,0.0002382029097860314,0.00020441056375240796,0.00022727009195162382,0.00020871743138414425,0.0002623876280257814,0.000199109803590271,0.0002223006292996204,0.00022362581934015462,0.00020474186126254152,0.00020772353885374362,0.00019115866334706543,0.00019910980359027087,0.000233233447134028,0.0002637128180663158,0.00019248385338759973,0.00020971132391454502,0.00023290214962389436,0.0002103739189348121,0.00024383496745830198,0.00020275407620174018,0.00019679072101933602,0.00025244870272177444,0.00021368689403614778,0.0002322395546036273,0.00022859528199215803,0.00025642427284337734,0.00021103651395507926,0.0001944716384484011,0.00022859528199215803,0.00023522123219482923,0.00024184718239750062
SectionCumProbs: 1_3 0.0002375403147657642,0.00019182125836733258,0.00021004262142467855,0.00021103651395507916,0.00022727009195162387,0.00022461971187055538,0.00018088844053292506,0.0002090487288942778,0.00021832505917801766,0.00021203040648547987,0.0002441662649684356,0.00022793268697189097,0.0001868517957153292,0.00019877850608013745,0.00025576167782311016,0.00022627619942122313,0.0002123617039956135,0.00018685179571532916,0.00024482885998870264,0.000204410563752408,0.0002219693317894868,0.00023488993468469564,0.0001941403409382675,0.00022992047203269236,0.00022693879444149026,0.00022660749693135659,0.0002488044301103054,0.0001934777459180005,0.0002047418612625416,0.00020441056375240788,0.00019546553097880178,0.0001832075231038601
SectionCumProbs: 2_3 0.00019679072101933602,0.00020871743138414425,0.00021567467909694907,0.00022064414174895254,0.00020043499363080528,0.00018552660567479486,0.00020507315877267516,0.00020904872889427787,0.0002229632243198875,0.00020441056375240799,0.0002176624641577505,0.00020971132391454494,0.00025774946288391153,0.00021931895170841819,0.00020441056375240799,0.00018917087828626414,0.00020109758865107235,0.0002597372479447129,0.00020341667122200728,0.0002100426214246785,0.0002438349674583019,0.00019414034093826748,0.00021931895170841835,0.00021136781146521283,0.00020441056375240793,0.00019182125836733258,0.00019148996085719905,0.00021832505917801764,0.00018784568824572993,0.00021136781146521277,0.0002113678114652128,0.00017426249033025376
