HitRate: 2025799/3000000 0.675266
CumReqs: 94978,93181,97655,92045,93612,90167,93744,86972,95093,94869,98641,92702,99189,93359,91355,97198,97226,91679,91230,93294,95976,91659,90441,88063,92051,94951,101850,92465,87634,94326,94132,98263
CumProbs: 0.002808551982518054,0.003214768155448941,0.0036173217235419245,0.003671261903881929,0.0031012274054739958,0.003916656428021325,0.003820096845931196,0.0028594954861725017,0.00404185092066232,0.0030972318365599222,0.003654280735997113,0.0036336369632743956,0.0032796961503026483,0.004207999994672575,0.0030975648006360953,0.003325978156890675,0.0035980098071239,0.002644067728888663,0.0028651558754674397,0.003953282476400338,0.003484802021225129,0.0029047786005320106,0.0023970083843684016,0.003378586480925987,0.0033636030974982076,0.0036026713041903196,0.0041677113414556564,0.003690573820299953,0.003446178188389077,0.004487689818657775,0.003192792526421533,0.003415878457457346
SectionCumProbs: 0_3 0.000953942078235237,0.0008950074367526414,0.001496673522396995,0.0011663731588335204,0.0009283038443699272,0.0009559398626922741,0.0012539427108669821,0.0010814673194094414,0.0014700363963031666,0.001297893968921799,0.0009879044140048685,0.0012119892372692018,0.0009536091141590642,0.0014400696294476093,0.0009699243538915343,0.0013904579820978535,0.0015812463977449007,0.000802110459500414,0.0009975603722138814,0.0013105466038163677,0.0010588257622296874,0.0009852407013954856,0.0009466168685594342,0.0010758069301145031,0.0009672606412821514,0.0013058851067499478,0.001354497861871185,0.0010524994447824031,0.0014154302878108178,0.0018126564306850368,0.0009652628568251143,0.0014643760070082279
SectionCumProbs: 1_3 0.00098457477324314,0.0011224219007787031,0.0011920113926988303,0.0014354081323811891,0.0008783592329439985,0.0013405133706719248,0.0015199810077290953,0.0010844639960949974,0.0015409577445279852,0.0009452850122547429,0.0013345200173008134,0.0011423997453490744,0.0011074385173509246,0.0013784712753556307,0.0010521664807062302,0.0008677043825064669,0.0008756955203346156,0.0009875714499286957,0.0008587143524497998,0.001396118371392792,0.001553610379422554,0.001129414146378333,0.0009013337541999256,0.001286240226255749,0.0011627105539956189,0.0012213122314020416,0.0013937876228595821,0.0011883487878609287,0.001022199713850673,0.0013212014542538992,0.0011374052842064817,0.00097059028204388
SectionCumProbs: 2_3 0.0008700351310396771,0.0011973388179175961,0.0009286368084460998,0.0010694806126672186,0.0012945643281600705,0.0016202031946571252,0.0010461731273351186,0.0006935641706680625,0.001030856779831167,0.0008540528553833798,0.0013318563046914305,0.001279247980656119,0.001218648518792659,0.0013894590898693349,0.0010754739660383302,0.0010678157922863543,0.0011410678890443832,0.0008543858194595527,0.0010088811508037587,0.001246617501191179,0.000872365879572887,0.0007901237527581912,0.0005490577616090423,0.0010165393245557342,0.0012336319022204377,0.00107547396603833,0.001419425856724892,0.0014497255876566222,0.0010085481867275856,0.0013538319337188392,0.0010901243853899357,0.0009809121684052386
