HitRate: 650392/3000000 0.216797
CumReqs: 187048,186876,187174,187092,187504,187445,188108,187709,186608,186912,187834,187980,188382,188261,187578,187489
CumProbs: 0.0417096917109366,0.03925567013189062,0.04010106182758504,0.04216713146582591,0.040233184100806424,0.040209934744783224,0.0378115207672704,0.042540075426810035,0.04040200218595999,0.04093092503548781,0.03852921450749406,0.04155388632504976,0.040202560881865454,0.0429636821636059,0.04188649091830707,0.039878284416138846
SectionCumProbs: 0_3 0.014332880982989713,0.012837027826616365,0.014933460429812926,0.014014590358925813,0.013413924160774153,0.013764573030347962,0.013231572868383229,0.015464465311223427,0.013273387008693613,0.013961238291932274,0.012503555720074633,0.01372284564136602,0.014175687575847772,0.013778626745556008,0.014571707390198195,0.01282323436539365
SectionCumProbs: 1_3 0.01356166167311562,0.01338147916393581,0.012193766726198315,0.013235563429491691,0.013908406732909407,0.014112966365382194,0.01187469534017842,0.01457188089285508,0.013495557160840697,0.013212574327453824,0.014279095159353949,0.014740004967381069,0.014670864158610582,0.014085899950907425,0.013800921836966318,0.013803871382133442
SectionCumProbs: 2_3 0.013815149054831272,0.01303716314133848,0.012973834671573786,0.014916977677408417,0.012910853207122873,0.012332395349053081,0.01270525255870875,0.012503729222731519,0.013633058016425672,0.01375711241610171,0.011746563628065478,0.013091035716302685,0.01135600914740708,0.015099155467142458,0.013513861691142545,0.013251178668611752
