HitRate: 2493198/3000000 0.831066
CumReqs: 3000000
CumProbs: 0.6297407634366142
SectionCumProbs: 0_3 0.22402051204378914
SectionCumProbs: 1_3 0.2099890603463469
SectionCumProbs: 2_3 0.19573119104675407
