HitRate: 2441807/3000000 0.813936
CumReqs: 189511,189480,187954,184226,185607,188756,193234,191236,187383,185784,187947,188153,186431,183310,184837,186151
CumProbs: 0.07396445610596993,0.07614208249634918,0.07341195219724858,0.07219625492285066,0.07261605726670015,0.07453268294891786,0.07513927375137897,0.07422073993386302,0.07382672320214531,0.07141042267020675,0.07461695787637239,0.07528581149837037,0.07313176950933116,0.07326069756998894,0.07119124496708881,0.07276605405922122
SectionCumProbs: 0_3 0.02803902306491559,0.03060280471989903,0.029424528028960364,0.028589954680214337,0.02834939378654799,0.02777802235675464,0.028397191506596663,0.028812905887547063,0.029307863856999277,0.026655404852977963,0.028185246353222653,0.027036214319945358,0.027442494940359757,0.02829625026886217,0.02684628127448847,0.028485239938265485
SectionCumProbs: 1_3 0.025022735362891593,0.02385798039538779,0.02225235435217108,0.022503292382427018,0.023392267083596954,0.02315862428099025,0.024802928742404223,0.02335075853723883,0.02215078419706748,0.022164620379186865,0.02277624252060019,0.025802592900529185,0.02389257085068621,0.0233406958593338,0.022831587249077682,0.02311114101962602
SectionCumProbs: 2_3 0.020902697678162878,0.021681297381062305,0.021735069816117135,0.02110300786020929,0.020874396396555008,0.0235960363111732,0.021939153502377958,0.022057075509077137,0.02236807514807856,0.022590397438042184,0.023655469002549622,0.022447004277895945,0.021796703718285272,0.02162375144179308,0.021513376443522546,0.02116967310132991
