HitRate: 1500470/3000000 0.500157
CumReqs: 93996,94383,93605,93592,93371,93581,94068,93966,94119,93686,93616,93322,94187,93872,93466,93801,94273,94008,93787,93611,93295,93850,93554,93857,93504,93513,94092,93513,93438,93633,94009,93432
CumProbs: 0.015625000000000038,0.015625000000000038,0.015625000000000038,0.015625000000000038,0.015625000000000038,0.015625000000000038,0.015625000000000038,0.015625000000000038,0.015625000000000038,0.015625000000000038,0.015625000000000038,0.015625000000000038,0.015625000000000038,0.015625000000000038,0.015625000000000038,0.015625000000000038,0.015625000000000038,0.015625000000000038,0.015625000000000038,0.015625000000000038,0.015625000000000038,0.015625000000000038,0.015625000000000038,0.015625000000000038,0.015625000000000038,0.015625000000000038,0.015625000000000038,0.015625000000000038,0.015625000000000038,0.015625000000000038,0.015625000000000038,0.015625000000000038
SectionCumProbs: 0_3 0.005208333333333328,0.005208333333333328,0.005208333333333328,0.005208333333333328,0.005208333333333328,0.005208333333333328,0.005208333333333328,0.005208333333333328,0.005208333333333328,0.005208333333333328,0.005208333333333328,0.005208333333333328,0.005208333333333328,0.005208333333333328,0.005208333333333328,0.005208333333333328,0.005208333333333328,0.005208333333333328,0.005208333333333328,0.005208333333333328,0.005208333333333328,0.005208333333333328,0.005208333333333328,0.005208333333333328,0.005208333333333328,0.005208333333333328,0.005208333333333328,0.005208333333333328,0.005208333333333328,0.005208333333333328,0.005208333333333328,0.005208333333333328
SectionCumProbs: 1_3 0.005208333333333328,0.005208333333333328,0.005208333333333328,0.005208333333333328,0.005208333333333328,0.005208333333333328,0.005208333333333328,0.005208333333333328,0.005208333333333328,0.005208333333333328,0.005208333333333328,0.005208333333333328,0.005208333333333328,0.005208333333333328,0.005208333333333328,0.005208333333333328,0.005208333333333328,0.005208333333333328,0.005208333333333328,0.005208333333333328,0.005208333333333328,0.005208333333333328,0.005208333333333328,0.005208333333333328,0.005208333333333328,0.005208333333333328,0.005208333333333328,0.005208333333333328,0.005208333333333328,0.005208333333333328,0.005208333333333328,0.005208333333333328
SectionCumProbs: 2_3 0.005208333333333328,0.005208333333333328,0.005208333333333328,0.005208333333333328,0.005208333333333328,0.005208333333333328,0.005208333333333328,0.005208333333333328,0.005208333333333328,0.005208333333333328,0.005208333333333328,0.005208333333333328,0.005208333333333328,0.005208333333333328,0.005208333333333328,0.005208333333333328,0.005208333333333328,0.005208333333333328,0.005208333333333328,0.005208333333333328,0.005208333333333328,0.005208333333333328,0.005208333333333328,0.005208333333333328,0.005208333333333328,0.005208333333333328,0.005208333333333328,0.005208333333333328,0.005208333333333328,0.005208333333333328,0.005208333333333328,0.005208333333333328
