HitRate: 907765/3000000 0.302588
CumReqs: 93410,93420,93961,93710,93869,93979,93887,93682,93002,93625,93965,94127,93450,93442,94169,93718,94063,94298,93760,94380,93686,93839,94032,93200,93249,94077,93554,93966,93576,93418,93662,93824
CumProbs: 0.033375893402376844,0.0333493965401499,0.03331844226184777,0.03340016155656585,0.03356013326683165,0.0335276931831708,0.03329813625528179,0.03335855900652789,0.03335112997973521,0.033333300315433294,0.03330011732909309,0.0333867893083394,0.033364006959508564,0.03335707320116891,0.03324638070196029,0.033416257781282876,0.03356087616951093,0.03345513635483053,0.03348138558283112,0.03340635241222627,0.03343037293218885,0.03339496123781116,0.03353289350192585,0.033346920197886015,0.033428887126830384,0.033383817697622276,0.033345929660980364,0.03336202588569736,0.03328897378890438,0.033450678938755044,0.033408085851810945,0.033373912328565555
SectionCumProbs: 0_3 0.011532325924283429,0.011593986846661521,0.0115526319308497,0.011501866914433983,0.011617016829718415,0.011547431612094913,0.011474379515301638,0.01157615718235938,0.011542974196019417,0.011459026193263699,0.011494685521867892,0.011554117736208184,0.01156897578979328,0.011545698172509984,0.01147140790458462,0.011596215554699212,0.011583586209151932,0.011606863826435214,0.011540745487981662,0.011479332199829977,0.01163360832288835,0.011567985252887618,0.01154941268590627,0.011559318054962988,0.011593739212435075,0.011486513592396073,0.011544212367151477,0.011548422149000578,0.011528116142434361,0.01153826914571742,0.011610825974057937,0.011529354313566413
SectionCumProbs: 1_3 0.011103423444127548,0.011119024400391869,0.011119272034618256,0.011163103292694234,0.011234669584129041,0.01121659228560056,0.011090794098580232,0.011128186866769352,0.01116087458465651,0.011208667990355123,0.011164093829599903,0.01117424683288305,0.011187866715336033,0.011133634819750517,0.011083612706014087,0.011144778359939305,0.01127949137911069,0.011158150608165909,0.01119529574212858,0.011250518174619771,0.011131406111712759,0.011224764215072286,0.01118390456771337,0.011133387185524068,0.011129425037901403,0.011203962940053167,0.011130910843259909,0.011132149014392004,0.011197772084392743,0.011211887235298586,0.011167313074543345,0.011203715305826796
SectionCumProbs: 2_3 0.010740144033972375,0.010636385293103196,0.0106465382963864,0.01073519134944404,0.01070844685299086,0.010763669285482053,0.010732962641406277,0.010654214957405332,0.010647281199065635,0.01066560613182055,0.010641337977631586,0.010658424739254478,0.010607164454385953,0.01067774020891505,0.010691360091368054,0.010675263866650853,0.010697798581254907,0.010690121920235942,0.010745344352727159,0.010676502037782956,0.010665358497594162,0.010602211769857574,0.0107995762483127,0.01065421495740531,0.010705722876500286,0.010693341165179395,0.010670806450575348,0.010681454722311301,0.010563085562083543,0.010700522557745507,0.010629946803216368,0.01064084270917881
