HitRate: 2700076/3000000 0.900025
CumReqs: 187158,187571,187517,187743,188048,187656,187556,187435,187011,187560,187020,187338,187582,187901,187490,187414
CumProbs: 0.05624999999999796,0.05624999999999796,0.05624999999999796,0.05624999999999796,0.05624999999999796,0.05624999999999796,0.05624999999999796,0.05624999999999796,0.05624999999999796,0.05624999999999796,0.05624999999999796,0.05624999999999796,0.05624999999999796,0.05624999999999796,0.05624999999999796,0.05624999999999796
SectionCumProbs: 0_3 0.018750000000000013,0.018750000000000013,0.018750000000000013,0.018750000000000013,0.018750000000000013,0.018750000000000013,0.018750000000000013,0.018750000000000013,0.018750000000000013,0.018750000000000013,0.018750000000000013,0.018750000000000013,0.018750000000000013,0.018750000000000013,0.018750000000000013,0.018750000000000013
SectionCumProbs: 1_3 0.018750000000000013,0.018750000000000013,0.018750000000000013,0.018750000000000013,0.018750000000000013,0.018750000000000013,0.018750000000000013,0.018750000000000013,0.018750000000000013,0.018750000000000013,0.018750000000000013,0.018750000000000013,0.018750000000000013,0.018750000000000013,0.018750000000000013,0.018750000000000013
SectionCumProbs: 2_3 0.018750000000000013,0.018750000000000013,0.018750000000000013,0.018750000000000013,0.018750000000000013,0.018750000000000013,0.018750000000000013,0.018750000000000013,0.018750000000000013,0.018750000000000013,0.018750000000000013,0.018750000000000013,0.018750000000000013,0.018750000000000013,0.018750000000000013,0.018750000000000013
