HitRate: 299439/30000000 0.009981
CumReqs: 1874431,1873300,1872299,1875352,1874981,1875811,1875332,1875901,1873237,1873663,1876952,1875862,1876310,1877576,1876436,1872557
CumProbs: 0.0006249999999999971,0.0006249999999999971,0.0006249999999999971,0.0006249999999999971,0.0006249999999999971,0.0006249999999999971,0.0006249999999999971,0.0006249999999999971,0.0006249999999999971,0.0006249999999999971,0.0006249999999999971,0.0006249999999999971,0.0006249999999999971,0.0006249999999999971,0.0006249999999999971,0.0006249999999999971
SectionCumProbs: 0_3 0.00020833333333333286,0.00020833333333333286,0.00020833333333333286,0.00020833333333333286,0.00020833333333333286,0.00020833333333333286,0.00020833333333333286,0.00020833333333333286,0.00020833333333333286,0.00020833333333333286,0.00020833333333333286,0.00020833333333333286,0.00020833333333333286,0.00020833333333333286,0.00020833333333333286,0.00020833333333333286
SectionCumProbs: 1_3 0.00020833333333333286,0.00020833333333333286,0.00020833333333333286,0.00020833333333333286,0.00020833333333333286,0.00020833333333333286,0.00020833333333333286,0.00020833333333333286,0.00020833333333333286,0.00020833333333333286,0.00020833333333333286,0.00020833333333333286,0.00020833333333333286,0.00020833333333333286,0.00020833333333333286,0.00020833333333333286
SectionCumProbs: 2_3 0.00020833333333333286,0.00020833333333333286,0.00020833333333333286,0.00020833333333333286,0.00020833333333333286,0.00020833333333333286,0.00020833333333333286,0.00020833333333333286,0.00020833333333333286,0.00020833333333333286,0.00020833333333333286,0.00020833333333333286,0.00020833333333333286,0.00020833333333333286,0.00020833333333333286,0.00020833333333333286
