HitRate: 2701249/3000000 0.900416
CumReqs: 85204,99036,68120,130464,123646,85532,88279,102739,104074,116573,64647,87926,76694,103593,145659,73144,169754,53804,60119,64526,117781,73370,70643,91331,117374,77859,69460,117333,74463,83813,73517,129523
CumProbs: 0.019069269523072023,0.027934578563899748,0.018784983358376025,0.01632040040156246,0.03145088841075459,0.022090222270885803,0.020026344290992943,0.030454237842643974,0.031220029576314673,0.021756466355952672,0.017350360601499394,0.019481187643379815,0.018575561415705523,0.02661208724089394,0.040756148430357825,0.014385473570621045,0.0377803780544273,0.012532006928403417,0.014246958269957083,0.018427481963329054,0.03271797361349481,0.018011276464667388,0.017771513075184788,0.01785396265891332,0.0277218586378801,0.020484434178188734,0.01688072777258163,0.02111764698122393,0.019492730585101817,0.017107958825337485,0.020493338733231406,0.03914277497595769
SectionCumProbs: 0_3 0.014639418288504942,0.017317710566342893,0.012865103246666733,0.010148554361978734,0.009635388152852295,0.014843893256151729,0.014339301803733056,0.024501707695778172,0.01707234060516675,0.015221842147963365,0.01184041982008841,0.012412290132829578,0.009432232378545166,0.022199715318077302,0.027519032661907902,0.009762690310129165,0.011251070195596798,0.008285853366383522,0.00924820490766307,0.014123613692699188,0.02268748705541535,0.011550856882033776,0.011363861226137443,0.007542158121152077,0.019869360283573792,0.012330500145770862,0.010375455616399683,0.012442961377976599,0.012620063083825506,0.005668573780504697,0.010201651893899918,0.026847893050357573
SectionCumProbs: 1_3 0.0025734164073352426,0.005434087164380725,0.003566768992096714,0.003080976044768146,0.002775252988302711,0.004974678083845291,0.003543353310317808,0.0038757900319112866,0.0028227439485303523,0.004869142616672756,0.0033491020910533633,0.0027393049697970696,0.0029899517043318357,0.002620247770893054,0.004999083160628938,0.003076688666414262,0.00830926904816243,0.002179637195447728,0.0026680685294556083,0.002471508721846765,0.003770254564738754,0.004022220492613177,0.004561440770197839,0.002665100344441381,0.005818632022890642,0.006419854387439168,0.004727988929329493,0.006764163849089559,0.0027999878634212745,0.0037099014694494626,0.0027333685997686136,0.010111287150133435
SectionCumProbs: 2_3 0.0018564348272318443,0.00518278083317613,0.0023531111196125787,0.0030908699948155693,0.01904024726959958,0.00227165093088878,0.0021436891769420837,0.0020767401149545074,0.011324945022617576,0.001665481591316542,0.0021608386903576205,0.004329592540753183,0.006153377332828523,0.001792124151923582,0.00823803260782097,0.0015460945940776129,0.018220038810668047,0.002066516366572168,0.0023306848328384154,0.0018323595487831099,0.0062602319933407116,0.0024381990900204337,0.0018462110788495046,0.007646704193319869,0.0020338663314156662,0.001734079644978689,0.001777283226852444,0.0019105217541577676,0.004072679637855043,0.007729483575383326,0.00755831823956287,0.002183594775466697
