HitRate: 366174/30000000 0.012206
CumReqs: 30000000
CumProbs: 0.007825000000000502
SectionCumProbs: 0_3 0.0026027777777778123
SectionCumProbs: 1_3 0.002579166666666703
SectionCumProbs: 2_3 0.002643055555555597
