HitRate: 1774571/3000000 0.591524
CumReqs: 82887,102674,63092,119066,114142,82941,78509,103113,76031,79686,109515,94540,96857,72200,113183,73460,82009,88846,99777,131457,154392,139015,67227,91706,86821,64647,76696,92624,129191,84435,67569,81692
CumProbs: 0.007301641818849017,0.005795783663341613,0.0073284435131131505,0.01623355459620932,0.015134685131379598,0.012241756576424382,0.007834035967873715,0.008973604301771208,0.01230032324166825,0.010185305590601823,0.01762922800863079,0.012561060711793458,0.013355184986286477,0.008120251591805577,0.01347761247860416,0.010547624790839273,0.011784804233476527,0.008065986433048556,0.019434206307530594,0.011873812329242605,0.009775338933894798,0.016986318231405836,0.008499776817990367,0.007203699824994878,0.010576080910675262,0.007785064970946637,0.008692682839669298,0.015361010549610116,0.014804461787236253,0.010090672447891396,0.007030316025063892,0.010570124978616568
SectionCumProbs: 0_3 0.004904710050337556,0.003771759418727504,0.004738605722922764,0.013705592322406517,0.012370801771029491,0.009289930471110925,0.00566971643476584,0.005799423399599698,0.009133421812012921,0.007541864411883148,0.015535717889998572,0.009481182067217993,0.01081233288233693,0.005108866165905137,0.010201849846320414,0.007486275712668633,0.007922051408296686,0.005247837913941417,0.015620755364392197,0.008551064010718035,0.007436973830627198,0.014192655210762246,0.00621170625210733,0.003634111211148711,0.008525916742025758,0.004771032464131235,0.006130308513971794,0.012445581806877583,0.012288411377550842,0.007543518837455006,0.004860371445011694,0.007355245207377285
SectionCumProbs: 1_3 0.0013946807570783778,0.0011518110831292595,0.0019439500469360536,0.0014459679498060526,0.0018589125725424272,0.002030641946901544,0.0010277291652397245,0.0022500187777302416,0.00167460956383717,0.0017487278294565187,0.0011875466754814469,0.002041892040790195,0.0015902338596722849,0.0017748677534919156,0.0023161958006046603,0.0019628104984552646,0.0021808637888264737,0.0018522948702549835,0.0028585165030605227,0.0022539893991027093,0.0014224751066856346,0.0016014839535609363,0.001036001293099027,0.0022718571952788005,0.001385746858990331,0.001606778115390891,0.0013655628670136333,0.0018288020271345648,0.0013917027910490289,0.0018089489202722398,0.0010879502560554451,0.0016521093760598676
SectionCumProbs: 2_3 0.001002251011433073,0.0008722131614848399,0.0006458877432543278,0.0010819943239967476,0.0009049707878076768,0.0009211841584119098,0.0011365903678681442,0.0009241621244412587,0.0014922918658181459,0.0008947133492621421,0.0009059634431507934,0.0010379866037852588,0.0009526182442772584,0.0012365176724085168,0.0009595668316790729,0.001098538579715353,0.0016818890363533567,0.0009658536488521423,0.0009549344400778637,0.0010687589194218643,0.0009158899965819562,0.0011921790670826556,0.0012520692727840041,0.0012977314185673543,0.0006644173096591646,0.0014072543914245164,0.0011968114586838646,0.0010866267155979575,0.0011243476186363767,0.000738204690164142,0.0010819943239967482,0.0015627703951794018
