HitRate: 918643/3000000 0.306214
CumReqs: 374657,373926,375099,374116,374725,376054,376179,375244
CumProbs: 0.012834064721986308,0.01260767327185918,0.012681583421753623,0.012506462976508228,0.013346774770803642,0.012964905663015653,0.012879343012011732,0.012763150929520019
SectionCumProbs: 0_3 0.004244173832677408,0.004094355961269747,0.004191238184780037,0.004249833618930586,0.004458912781695054,0.004425952849985368,0.004340390198981437,0.004322079125809389
SectionCumProbs: 1_3 0.004392327061069426,0.004234185974583565,0.004191904041986292,0.004172594183004859,0.004486878784357816,0.004215541972808388,0.004335729198537645,0.004294113123146629
SectionCumProbs: 2_3 0.004197563828239471,0.004279131336005862,0.004298441194987294,0.004084035174572779,0.004400983204750758,0.004323410840221904,0.004203223614492649,0.004146958680563993
