HitRate: 2539005/3000000 0.846335
CumReqs: 168556,168442,158730,168295,181817,199949,219149,184671,202626,210153,218754,195794,161783,176144,194947,190190
CumProbs: 0.1004971320986309,0.09913238828290964,0.11206695659001145,0.11173695321490573,0.12961406496280692,0.1369166799345754,0.13619630289868107,0.1106437192850534,0.12065204913327973,0.1455837259226574,0.14391650507970613,0.12299835749031063,0.11219551714656895,0.10615098139250174,0.12611415239024118,0.1174899599210122
SectionCumProbs: 0_3 0.07015590235278343,0.06857157335286883,0.07245341400221543,0.07441748148305717,0.09263366778888675,0.1054731450760526,0.1001389767768336,0.07950860464250607,0.09275628515669827,0.09226675408367467,0.10088093697185785,0.0812734189006541,0.07747697248960499,0.07745507653106722,0.09744045628675192,0.08890134525641266
SectionCumProbs: 1_3 0.016501107153503496,0.021814317892407623,0.030986534923897458,0.026640812752956995,0.019789880125882963,0.016277455577010085,0.017743233601412833,0.02049649398783902,0.01869821019306918,0.022370788038675787,0.01648327758726554,0.022743019333818653,0.026200391186939266,0.020738913528793385,0.017536160393526668,0.017206469817828765
SectionCumProbs: 2_3 0.013840122592343842,0.008746497037633222,0.008627007663898288,0.010678658978891333,0.01719051704803691,0.015166079281512205,0.0183140925204344,0.010638620654707909,0.009197553783512181,0.030946183800306448,0.026552290520582725,0.018981919255837646,0.008518153470024608,0.007956991332641238,0.011137535709962341,0.011382144846770482
