HitRate: 2851708/3000000 0.950569
CumReqs: 3000000
CumProbs: 0.8494965277776599
SectionCumProbs: 0_3 0.24465277777779723
SectionCumProbs: 1_3 0.2682812500000227
SectionCumProbs: 2_3 0.3365625000000321
