HitRate: 1218018/30000000 0.040601
CumReqs: 939010,938940,936664,937889,939275,937860,938806,937806,936228,936544,936949,937187,937698,937583,936473,937342,938629,936659,937950,936596,937470,934221,938043,937242,937623,938397,938033,937388,936427,938280,937880,936908
CumProbs: 0.0024229166666667706,0.0024722222222223317,0.0024020833333334452,0.002464236111111225,0.0024454861111112254,0.00240104166666678,0.0024243055555556716,0.0024420138888889952,0.0024427083333334433,0.0024569444444445536,0.002470486111111221,0.0024420138888889935,0.002420486111111219,0.0024430555555556683,0.002452430555555664,0.002448958333333442,0.0024583333333334395,0.0024315972222223306,0.002462847222222333,0.0024548611111112196,0.002429166666666782,0.0024326388888889993,0.002422222222222331,0.0024614583333334456,0.002446875000000113,0.0024725694444445584,0.0024559027777778853,0.0024447916666667756,0.0024520833333334393,0.0024458333333334465,0.002448958333333443,0.002426388888888999
SectionCumProbs: 0_3 0.0008072916666666624,0.0008145833333333291,0.0007840277777777737,0.0008187499999999957,0.0008159722222222178,0.0007923611111111069,0.0008059027777777736,0.0008187499999999957,0.0008006944444444403,0.0008236111111111068,0.0008204861111111068,0.0008159722222222179,0.0007979166666666625,0.000797222222222218,0.0008184027777777735,0.0008052083333333291,0.0008069444444444402,0.0007923611111111069,0.0008232638888888847,0.0007927083333333292,0.0008173611111111068,0.0008024305555555514,0.000803472222222218,0.0007996527777777736,0.0008204861111111067,0.0008190972222222179,0.0007913194444444402,0.0008354166666666623,0.0008267361111111068,0.0008204861111111068,0.0008131944444444402,0.0008204861111111067
SectionCumProbs: 1_3 0.0008190972222222178,0.0008295138888888845,0.0008055555555555513,0.0008236111111111067,0.0008006944444444403,0.0008038194444444402,0.0008072916666666624,0.000798958333333329,0.0008333333333333288,0.0008152777777777735,0.0008197916666666624,0.0008131944444444401,0.0008159722222222179,0.0008236111111111068,0.0007993055555555513,0.0008204861111111068,0.0007937499999999957,0.0008128472222222178,0.0008263888888888845,0.0008329861111111066,0.0008090277777777735,0.0008288194444444401,0.0008079861111111069,0.0008361111111111067,0.0008173611111111068,0.0008434027777777733,0.0008312499999999956,0.0008059027777777736,0.0008260416666666622,0.0008180555555555513,0.0008048611111111069,0.0008038194444444402
SectionCumProbs: 2_3 0.0007965277777777736,0.0008281249999999956,0.0008124999999999956,0.0008218749999999957,0.0008288194444444401,0.0008048611111111069,0.0008111111111111069,0.0008243055555555511,0.0008086805555555512,0.0008180555555555511,0.000830208333333329,0.0008128472222222178,0.000806597222222218,0.0008222222222222179,0.0008347222222222178,0.0008232638888888844,0.0008576388888888844,0.0008263888888888845,0.0008131944444444402,0.0008291666666666622,0.0008027777777777736,0.0008013888888888846,0.0008107638888888846,0.0008256944444444401,0.0008090277777777735,0.0008100694444444402,0.0008333333333333289,0.000803472222222218,0.0007993055555555513,0.0008072916666666624,0.0008309027777777734,0.000802083333333329
