HitRate: 2722463/3000000 0.907488
CumReqs: 3000000
CumProbs: 0.907708312464937
SectionCumProbs: 0_3 0.7666847362463344
SectionCumProbs: 1_3 0.08763942546592995
SectionCumProbs: 2_3 0.05338415075267006
