HitRate: 2705722/3000000 0.901907
CumReqs: 375378,374936,374745,374640,376279,374363,374621,375038
CumProbs: 0.11467233030141867,0.11460190895168441,0.11477136909207902,0.11471357308393114,0.11496411597361904,0.11458647797863603,0.11458283065773317,0.11465241031802725
SectionCumProbs: 0_3 0.04013399695869371,0.039896921100030215,0.03994798359266544,0.040079848271448684,0.04000241284305683,0.04007283419279,0.039798723998808655,0.03988569857417632
SectionCumProbs: 1_3 0.038579116001636785,0.0386141863949302,0.0386408398938332,0.03851767267258671,0.03873398685842051,0.03850953634134265,0.03865935706149213,0.03863775369922337
SectionCumProbs: 2_3 0.035959217341045374,0.03609080145668226,0.03618254560553784,0.03611605213985353,0.036227716272099766,0.03600410744446095,0.036124749597390295,0.036128958044585505
