HitRate: 1713884/3000000 0.571295
CumReqs: 3000000
CumProbs: 0.32722921576211494
SectionCumProbs: 0_3 0.2317291831979586
SectionCumProbs: 1_3 0.06024833823124816
SectionCumProbs: 2_3 0.03525169433290671
