HitRate: 504828/3000000 0.168276
CumReqs: 187582,187268,187660,187662,187119,186909,187527,187856,186907,187755,187962,187602,187116,187779,187403,187893
CumProbs: 0.035407124837739105,0.035595103970218284,0.03563643488696885,0.03560398246344612,0.035507543657695116,0.0355742854343737,0.03561071787210185,0.03544723113473379,0.03551672830586217,0.035400389429083516,0.03558745009674631,0.03551519753116772,0.03552530064415118,0.03549070513605633,0.03564041490117443,0.03566613191604122
SectionCumProbs: 0_3 0.01191157020745072,0.012015969041612708,0.0121029170442579,0.012085772367679949,0.011992395111318057,0.011976781209434604,0.012068933846040892,0.011944634940850987,0.011963922702001124,0.011894425530872808,0.012024235224962827,0.012026990619412831,0.011956574983467774,0.011904834798795125,0.012002804379240369,0.01201566288667381
SectionCumProbs: 1_3 0.011855850008572496,0.011861666952411424,0.011850645374611304,0.0118411545715057,0.011783291288055182,0.011875443924661482,0.011775025104705121,0.011928408729089752,0.011835643782605607,0.011883403953072693,0.011805334443655429,0.011837174557300099,0.011863810036983637,0.011898711700017236,0.011889220896911669,0.011882485488256003
SectionCumProbs: 2_3 0.011639704621715076,0.011717467976193486,0.011682872468098817,0.011677055524259832,0.011731857258321404,0.011722060300276876,0.011766758921355019,0.011574187464792293,0.011717161821254594,0.011622559945137157,0.011757880428127225,0.01165103235445405,0.011704915623698998,0.011687158637243249,0.011748389625021555,0.011767983541110593
