HitRate: 2127333/3000000 0.709111
CumReqs: 393961,329153,262906,446214,415998,373777,416827,361164
CumProbs: 0.04905772063836229,0.04132294891705217,0.03579763690236675,0.05484042606257916,0.054915914827390125,0.05070450637996453,0.05077633709890359,0.048889450528255086
SectionCumProbs: 0_3 0.033910417782093555,0.023345648754435393,0.021390589510719742,0.03524261157871285,0.04028805448493053,0.029703997579038736,0.0368664513962096,0.0360480467697792
SectionCumProbs: 1_3 0.00956412720688245,0.010467331987615855,0.007734771721310114,0.01397240503214092,0.00999211857389419,0.013783516845301241,0.008084613926513192,0.008234926356885608
SectionCumProbs: 2_3 0.005583175649386279,0.0075099681750009145,0.006672275670336905,0.0056254094517254345,0.004635741768565412,0.007216991955624581,0.005825271776180804,0.004606477401590249
