HitRate: 2961017/3000000 0.987006
CumReqs: 318002,276330,250318,551334,370333,428717,348399,456567
CumProbs: 0.1044575413610972,0.09063215106394738,0.08202098482330557,0.18229549003244683,0.12204362911189945,0.1413794484549505,0.11475029112377423,0.15073874899271997
SectionCumProbs: 0_3 0.0865071005506845,0.07228238647368429,0.06380960863878417,0.16492101997336145,0.10422141427570575,0.12342721427427121,0.09634582874031314,0.13395609112233836
SectionCumProbs: 1_3 0.01107585478004911,0.011713696805648889,0.011609382435014219,0.010738402274471709,0.010949721071144208,0.011263859763227314,0.011691877467378594,0.010515127676007329
SectionCumProbs: 2_3 0.006874586030362951,0.0066360677846138295,0.006601993749506817,0.006636067784613828,0.006872493765049351,0.0066883744174535496,0.006712584916082225,0.006267530194377418
