HitRate: 27751739/30000000 0.925058
CumReqs: 30000000
CumProbs: 0.9271865560371717
SectionCumProbs: 0_3 0.8108118814009417
SectionCumProbs: 1_3 0.07255311439544394
SectionCumProbs: 2_3 0.043821560241220414
