HitRate: 300828/30000000 0.010028
CumReqs: 30000000
CumProbs: 0.009999999999999204
SectionCumProbs: 0_3 0.0033333333333332715
SectionCumProbs: 1_3 0.0033333333333332715
SectionCumProbs: 2_3 0.0033333333333332715
