HitRate: 347577/3000000 0.115859
CumReqs: 93241,93934,93855,93904,93357,93274,93654,94375,94022,93737,93507,93535,94027,93890,93137,93961,94012,93971,93916,93624,93432,93721,93509,94009,94100,93673,93919,93361,93905,93753,94064,93621
CumProbs: 0.002708333333333332,0.002656249999999999,0.0023958333333333323,0.0021354166666666657,0.0026562499999999993,0.0024999999999999988,0.0029166666666666655,0.0024479166666666655,0.0026562499999999985,0.0026562499999999985,0.0028645833333333327,0.002916666666666665,0.0025520833333333324,0.0026562499999999985,0.0026562499999999985,0.002916666666666666,0.0026041666666666657,0.0024479166666666646,0.002656249999999999,0.0026041666666666652,0.002760416666666666,0.002552083333333332,0.002395833333333332,0.0028645833333333327,0.0021354166666666657,0.0029166666666666655,0.0024479166666666646,0.0027083333333333326,0.002499999999999999,0.002656249999999999,0.0022916666666666662,0.002656249999999999
SectionCumProbs: 0_3 0.0009375000000000001,0.0009375000000000001,0.0008854166666666667,0.0007291666666666667,0.00078125,0.0007291666666666667,0.0009375000000000001,0.00078125,0.0006770833333333334,0.0009895833333333334,0.0009375000000000001,0.0010937499999999999,0.0010416666666666667,0.0006770833333333334,0.0008854166666666667,0.0010416666666666667,0.0009895833333333334,0.00078125,0.0009375000000000001,0.0009375000000000001,0.0009375000000000001,0.0009895833333333334,0.0006770833333333334,0.0009375000000000001,0.0008854166666666667,0.0008854166666666667,0.00078125,0.0009375000000000001,0.00078125,0.00078125,0.0007291666666666667,0.00078125
SectionCumProbs: 1_3 0.0008333333333333334,0.0008854166666666667,0.00078125,0.0006770833333333334,0.0009375000000000001,0.0008333333333333334,0.0010416666666666667,0.0009375000000000001,0.00109375,0.0008333333333333334,0.0012499999999999998,0.00078125,0.0007291666666666667,0.0010416666666666667,0.0009895833333333334,0.0009375000000000001,0.00078125,0.0006770833333333334,0.0008333333333333334,0.00078125,0.0008333333333333334,0.0007291666666666667,0.0007291666666666667,0.0009375000000000001,0.000625,0.0009895833333333334,0.0008333333333333334,0.0008333333333333334,0.00078125,0.0008854166666666667,0.00078125,0.0010416666666666667
SectionCumProbs: 2_3 0.0009375000000000001,0.0008333333333333334,0.0007291666666666667,0.0007291666666666667,0.0009375000000000001,0.0009375000000000001,0.0009375000000000001,0.0007291666666666667,0.0008854166666666667,0.0008333333333333334,0.0006770833333333334,0.0010416666666666667,0.00078125,0.0009375000000000001,0.00078125,0.0009375000000000001,0.0008333333333333334,0.0009895833333333334,0.0008854166666666667,0.0008854166666666667,0.0009895833333333334,0.0008333333333333334,0.0009895833333333334,0.0009895833333333334,0.000625,0.0010416666666666667,0.0008333333333333334,0.0009375000000000001,0.0009375000000000001,0.0009895833333333334,0.00078125,0.0008333333333333334
