HitRate: 2404511/3000000 0.801504
CumReqs: 3000000
CumProbs: 0.7432623438058821
SectionCumProbs: 0_3 0.544944346420812
SectionCumProbs: 1_3 0.09381472174780545
SectionCumProbs: 2_3 0.10450327563999237
