HitRate: 1743932/3000000 0.581311
CumReqs: 3000000
CumProbs: 0.41849479166467857
SectionCumProbs: 0_3 0.1322595486110813
SectionCumProbs: 1_3 0.13876475694439788
SectionCumProbs: 2_3 0.14747048611104638
