HitRate: 24046426/30000000 0.801548
CumReqs: 30000000
CumProbs: 0.8108893795279899
SectionCumProbs: 0_3 0.7194132170464017
SectionCumProbs: 1_3 0.05622393025464528
SectionCumProbs: 2_3 0.035252232228047214
