HitRate: 2892763/3000000 0.964254
CumReqs: 3000000
CumProbs: 0.9005088745343445
SectionCumProbs: 0_3 0.3001198620309401
SectionCumProbs: 1_3 0.30037696990245505
SectionCumProbs: 2_3 0.30001204260094977
