HitRate: 1452545/3000000 0.484182
CumReqs: 173832,202620,114774,181215,249936,170210,242609,147131,205882,261950,153488,152703,162137,221033,207909,152571
CumProbs: 0.00519590258732225,0.015864595991418127,0.006907211788841237,0.01076698705955696,0.015173874812534004,0.01939883600320004,0.010220207776127702,0.006954859221827456,0.014565453745171531,0.016054852524530934,0.006748275945943155,0.009699751200432092,0.007211755521354547,0.014700732470992541,0.009065673823000116,0.0020868242852635156
SectionCumProbs: 0_3 0.0024503442110534713,0.009838695113405889,0.004164652202061101,0.007619590891810005,0.010061938330893761,0.009792713674580027,0.0059212764447418055,0.00040183779147817336,0.011262786921679282,0.007286392059738552,0.0006124194533473321,0.0074606550489119215,0.005692702045940788,0.00800543513934875,0.005559755711944279,0.0009226275660058557
SectionCumProbs: 1_3 0.001813601242964923,0.004336915998242043,0.0022574220872841,0.0014180942292961074,0.002508654006665976,0.007943126957751387,0.003253020197513604,0.004010047943979946,0.0009279587473189991,0.00026222748084023413,0.0011781910702046608,0.00037384908958417124,0.0010199216249707202,0.0014947299606725417,0.003099082337096592,0.0007410342025269132
SectionCumProbs: 2_3 0.0009319571333038564,0.0016889848797701995,0.00048513749949603683,0.0017293019384508452,0.0026032824749742684,0.0016629953708686262,0.0010459111338722935,0.0025429734863693355,0.0023747080761732514,0.008506232983952144,0.004957665422391161,0.0018652470619359984,0.0004991318504430377,0.005200567370971252,0.0004068357739592451,0.00042316251673074645
