HitRate: 2516429/3000000 0.838810
CumReqs: 3000000
CumProbs: 0.875207923210843
SectionCumProbs: 0_3 0.3339415967660707
SectionCumProbs: 1_3 0.2935880479482387
SectionCumProbs: 2_3 0.24767827849195076
