HitRate: 2743206/3000000 0.914402
CumReqs: 154580,206901,116835,180770,247535,172449,238621,145080,221376,262224,169259,152637,161653,215885,209091,145104
CumProbs: 0.04449727285266154,0.050968822997864156,0.03288705181816666,0.048860771719098715,0.0630979295395146,0.05014220429759668,0.042077700895330104,0.03803424454972958,0.06126447095614141,0.06518767463858728,0.03954671374090264,0.04379122243933642,0.046833835753799666,0.05025646010878292,0.04807865597291207,0.03304360121691913
SectionCumProbs: 0_3 0.022635275566394743,0.04234314050087604,0.02291018388557502,0.02881613620302688,0.046141672787138044,0.04044813527888048,0.030647385419885334,0.02803875481365729,0.042957660015737045,0.035557544686804984,0.03189725561960266,0.02969672657100951,0.03695039246239893,0.032400359937367666,0.03529399882398579,0.02043600901295293
SectionCumProbs: 1_3 0.01784726270535667,0.004782962880433193,0.007061766628402553,0.012540048713375416,0.007220525393669664,0.005889224256698095,0.007480599394822953,0.005230517411544072,0.010313322890394275,0.016305756125705385,0.004798744069823561,0.005708687450072259,0.006174232537088166,0.006193169964356608,0.005132989661111582,0.004859975084658194
SectionCumProbs: 2_3 0.004014734580910005,0.0038427196165549764,0.0029151013041890522,0.007504586802696313,0.009735731358706754,0.0038048447620180857,0.003949716080621681,0.0047649723245281606,0.007993488050009956,0.01332437382607678,0.0028507140514763478,0.008385808418254556,0.00370921075431245,0.011662930207058692,0.007651667487814558,0.007747617119307994
