HitRate: 2939470/3000000 0.979823
CumReqs: 3000000
CumProbs: 0.9799586527752125
SectionCumProbs: 0_3 0.38831183520794615
SectionCumProbs: 1_3 0.34972502903488345
SectionCumProbs: 2_3 0.24192178853238153
