HitRate: 2699951/3000000 0.899984
CumReqs: 3000000
CumProbs: 0.900000000000771
SectionCumProbs: 0_3 0.30000000000003774
SectionCumProbs: 1_3 0.30000000000003774
SectionCumProbs: 2_3 0.30000000000003774
