HitRate: 2211486/3000000 0.737162
CumReqs: 3000000
CumProbs: 0.4484499827305358
SectionCumProbs: 0_3 0.31508504384856345
SectionCumProbs: 1_3 0.07385641067716156
SectionCumProbs: 2_3 0.059508528204809466
