HitRate: 35179/3000000 0.011726
CumReqs: 3000000
CumProbs: 0.008687500000000013
SectionCumProbs: 0_3 0.0027500000000000016
SectionCumProbs: 1_3 0.002895833333333336
SectionCumProbs: 2_3 0.0030416666666666686
