HitRate: 302892/3000000 0.100964
CumReqs: 3000000
CumProbs: 0.10876276034273136
SectionCumProbs: 0_3 0.03649103507728757
SectionCumProbs: 1_3 0.036173710231512425
SectionCumProbs: 2_3 0.036098015033926484
