HitRate: 2757679/3000000 0.919226
CumReqs: 3000000
CumProbs: 0.8250420460266256
SectionCumProbs: 0_3 0.5497462146502314
SectionCumProbs: 1_3 0.1476983648834478
SectionCumProbs: 2_3 0.127597466492969
