HitRate: 1349963/3000000 0.449988
CumReqs: 187434,187928,186577,187161,186942,187402,187214,187359,187455,188993,187895,186681,186613,186850,188385,189111
CumProbs: 0.03294782158603045,0.03274616524521935,0.032940924545058134,0.03284469440196747,0.03304864975643593,0.03298821854029716,0.03289231682772899,0.032894287410864045,0.03303846841023864,0.03327822269165894,0.032746165245219346,0.0328795080373518,0.03288246391205426,0.03298132149932481,0.03302500275881645,0.03282236112643792
SectionCumProbs: 0_3 0.011171564222618105,0.011166966195303175,0.011104892826551914,0.011122956505289047,0.010905863929920816,0.011112775159091742,0.01115448583544843,0.011125912379991495,0.011183387721427854,0.011034608694738284,0.011061868428105252,0.011000451920398963,0.01112394179685653,0.01123593660502683,0.010903893346785858,0.01091407469298315
SectionCumProbs: 1_3 0.010992241157336628,0.010987971560544207,0.011163025029033265,0.0107741632904009,0.01096465299344716,0.010941662856872609,0.010869408141924022,0.010828025896089834,0.010779746609283276,0.01128520118340086,0.010890756125886098,0.010910461957235716,0.010832952353927238,0.010994868601516564,0.01109569677192208,0.011230024855621952
SectionCumProbs: 2_3 0.010784016206075692,0.010591227489371986,0.010673006689472877,0.01094757460627749,0.011178132833067964,0.010933780524332767,0.010868422850356553,0.010940349134782638,0.01107533407952749,0.010958412813519785,0.010793540691228025,0.010968594159717075,0.010925569761270425,0.010750516292781363,0.011025412640108454,0.010678261577832783
