HitRate: 3965912/30000000 0.132197
CumReqs: 30000000
CumProbs: 0.1321335793370825
SectionCumProbs: 0_3 0.04432724328518792
SectionCumProbs: 1_3 0.04406696182037482
SectionCumProbs: 2_3 0.04373937423152144
