HitRate: 1744287/3000000 0.581429
CumReqs: 3000000
CumProbs: 0.42104166666671333
SectionCumProbs: 0_3 0.13210069444444664
SectionCumProbs: 1_3 0.14027777777778086
SectionCumProbs: 2_3 0.14866319444444823
