HitRate: 2484309/3000000 0.828103
CumReqs: 3000000
CumProbs: 0.5736407782981283
SectionCumProbs: 0_3 0.19951546577171544
SectionCumProbs: 1_3 0.1907564208364292
SectionCumProbs: 2_3 0.18336889168989634
