HitRate: 2707345/3000000 0.902448
CumReqs: 3000000
CumProbs: 0.9860009107715912
SectionCumProbs: 0_3 0.39468353455270644
SectionCumProbs: 1_3 0.3434666027276608
SectionCumProbs: 2_3 0.24785077350746168
