HitRate: 2700022/3000000 0.900007
CumReqs: 3000000
CumProbs: 0.9000000000000898
SectionCumProbs: 0_3 0.29999999999999605
SectionCumProbs: 1_3 0.29999999999999605
SectionCumProbs: 2_3 0.29999999999999605
