HitRate: 649880/3000000 0.216627
CumReqs: 375376,374702,376732,374968,374425,374831,374503,374463
CumProbs: 0.08600947218425853,0.08109721143805963,0.08299830663118787,0.08258389423502074,0.08230993122834958,0.0822187258223312,0.07858646185793391,0.07994240534664818
SectionCumProbs: 0_3 0.029996521710181127,0.026560540102462168,0.028602084685086467,0.027239205424051383,0.029167350129230784,0.02872970289578898,0.025061372915323586,0.027850593754128954
SectionCumProbs: 1_3 0.025683511692498374,0.027272843919807215,0.02824489241056581,0.027170194489459544,0.025541675148538237,0.02627443949422961,0.02751212806487444,0.026811615060474737
SectionCumProbs: 2_3 0.030329438781579003,0.02726382741579019,0.026151329535535603,0.02817449432150981,0.027600905950580547,0.027214583432312586,0.02601296087773586,0.025280196532044486
