HitRate: 1745658/3000000 0.581886
CumReqs: 3000000
CumProbs: 0.41872395833326453
SectionCumProbs: 0_3 0.13203993055556698
SectionCumProbs: 1_3 0.13806423611112315
SectionCumProbs: 2_3 0.14861979166668027
