HitRate: 2904785/3000000 0.968262
CumReqs: 3000000
CumProbs: 0.9158391679705238
SectionCumProbs: 0_3 0.31689318228172414
SectionCumProbs: 1_3 0.30810507053623915
SectionCumProbs: 2_3 0.29084091515256777
