HitRate: 19930623/30000000 0.664354
CumReqs: 2296371,1839506,1755667,1843762,1774509,1792335,1819354,1953799,1909928,1900779,1493718,1439352,1712289,1669589,2487043,2311999
CumProbs: 0.16717028003058468,0.12207592588916297,0.11277754698818118,0.12063217596759006,0.11351500771586696,0.11561797416367789,0.11877672278494297,0.13303788207785383,0.12896214594000857,0.12713311718856746,0.08651813569131278,0.0804211961383943,0.10857466817254864,0.10393386084376638,0.1864571935169289,0.16838928950082066
SectionCumProbs: 0_3 0.1503229125247077,0.10742902301508145,0.0963406544720786,0.10428245751724886,0.09558543360532962,0.09903966446549335,0.10314365084323439,0.11761115971450684,0.11238748785920173,0.11000540505764898,0.07043608079475647,0.06487715726765796,0.0928422390416453,0.0874489993539289,0.1707070042469623,0.15298311578435422
SectionCumProbs: 1_3 0.011245653662416193,0.009516247672342878,0.01052309817293647,0.010076173402429006,0.011969570209282143,0.010907879054979993,0.010512574875584399,0.009413935992724363,0.010602869414378154,0.01065445680896841,0.010424770075911815,0.01027837341558811,0.009061488522734208,0.010669859994997949,0.009372639519834892,0.010233026967061529
SectionCumProbs: 2_3 0.00560171384346074,0.005130655201738924,0.005913794343166662,0.006273545047912211,0.005960003901255216,0.005670430643204519,0.00512049706612462,0.006012786370623627,0.005971788666428674,0.006473255321950167,0.005657284820644838,0.0052656654551485535,0.006670940608169574,0.00581500149483937,0.006377549750133098,0.0051731467494065654
