HitRate: 1974839/3000000 0.658280
CumReqs: 155077,218966,241979,146135,255103,191043,189503,203455,167581,208193,119912,161575,164057,192654,185986,198781
CumProbs: 0.008831165715873475,0.03665198637094627,0.025337752858626387,0.014621881047959225,0.02238525764701924,0.025703899579181143,0.023612298931644498,0.02212805540109724,0.02174591683105511,0.015378828590361777,0.014168445482285859,0.015973858656704632,0.019087271853778526,0.015411811779929497,0.02378121284185493,0.017043979918235006
SectionCumProbs: 0_3 0.0026529811972498016,0.012851116880763108,0.007407557947965853,0.00799559158015798,0.011578765355923597,0.018210385440220637,0.011314566675850875,0.012965391971891657,0.007907303244446414,0.008143849351447213,0.007099048518271854,0.006878494260758433,0.012691198385889323,0.005448223222231069,0.004427410163286779,0.010719869773039011
SectionCumProbs: 1_3 0.003175714777368468,0.004839866614648734,0.0066835935951310155,0.0043711055265499696,0.003641144230157363,0.0039533184586922196,0.00826911883909834,0.0059366409586580704,0.006513680194327623,0.0032193591999277703,0.001531219588416437,0.0031680520161557666,0.003021126898990481,0.00800691914021154,0.016952026783682583,0.002612668410000369
SectionCumProbs: 2_3 0.0030024697412552068,0.018961002875534434,0.011246601315529518,0.0022551839412512757,0.0071653480609382755,0.00354019568026829,0.004028613416695291,0.003226022470547511,0.007324933392281067,0.004015620038986796,0.005538177375597571,0.005927312379790433,0.003374946568898718,0.0019566694174868874,0.0024017758948855733,0.003711441735195628
