HitRate: 1678863/3000000 0.559621
CumReqs: 3000000
CumProbs: 0.44095052083323355
SectionCumProbs: 0_3 0.14134114583333823
SectionCumProbs: 1_3 0.1476822916666703
SectionCumProbs: 2_3 0.15192708333333654
