HitRate: 2095349/3000000 0.698450
CumReqs: 430820,428974,383733,265435,408499,398957,379752,303830
CumProbs: 0.31522285267540073,0.3127802119463644,0.26906240354382666,0.15928774514227145,0.2923603880655557,0.282109687754199,0.26805950906783765,0.19116527214833526
SectionCumProbs: 0_3 0.264662253975368,0.26735162272787977,0.22343736421218335,0.11174881555565241,0.21703675315244159,0.21952367839851203,0.21124347261202406,0.14084574104478836
SectionCumProbs: 1_3 0.03107407933987434,0.02578890536332116,0.03411872312753907,0.030642222057218924,0.0434973847162478,0.04938289691996193,0.039665275644481246,0.024142387042017353
SectionCumProbs: 2_3 0.01948651936015865,0.019639683855163653,0.011506316204104342,0.016896707529400094,0.03182625019686632,0.013203112435725018,0.017150760811332304,0.026177144061529507
