HitRate: 1059324/3000000 0.353108
CumReqs: 94034,93891,94027,93941,93828,93380,93521,93827,93699,94222,93301,93717,93565,93717,93204,93521,93318,94065,93786,93432,93453,93635,94138,94084,93710,93485,94264,93842,93558,94147,94071,93617
CumProbs: 0.02381944444444441,0.02336805555555551,0.0240972222222222,0.023020833333333327,0.024618055555555532,0.0242708333333333,0.023576388888888865,0.02343749999999997,0.02274305555555553,0.023854166666666635,0.023055555555555537,0.023229166666666645,0.022465277777777754,0.023645833333333324,0.023576388888888865,0.024201388888888866,0.022569444444444416,0.023541666666666624,0.023645833333333303,0.023784722222222204,0.02406249999999998,0.02302083333333332,0.02347222222222219,0.02291666666666662,0.023333333333333338,0.02354166666666663,0.022708333333333296,0.0231597222222222,0.023715277777777717,0.02388888888888886,0.02253472222222221,0.02305555555555554
SectionCumProbs: 0_3 0.007881944444444448,0.0075000000000000015,0.00822916666666667,0.007881944444444445,0.007430555555555563,0.008125000000000004,0.00774305555555556,0.007534722222222227,0.007152777777777781,0.0072916666666666685,0.007118055555555557,0.007256944444444449,0.007881944444444448,0.007847222222222224,0.0076736111111111146,0.007395833333333339,0.007465277777777781,0.0075000000000000015,0.007777777777777779,0.008055555555555559,0.0072916666666666685,0.007013888888888891,0.007152777777777782,0.007048611111111114,0.007777777777777783,0.007881944444444447,0.007326388888888895,0.007152777777777781,0.007986111111111114,0.007881944444444448,0.006875000000000004,0.00743055555555556
SectionCumProbs: 1_3 0.00788194444444445,0.0075694444444444455,0.007430555555555559,0.0074652777777777825,0.008437500000000002,0.007500000000000004,0.007465277777777781,0.007847222222222226,0.007986111111111116,0.00809027777777778,0.007812500000000007,0.007812500000000003,0.006875000000000003,0.007395833333333337,0.00788194444444445,0.008020833333333333,0.006944444444444446,0.008611111111111115,0.007708333333333335,0.0074652777777777825,0.007743055555555561,0.007951388888888893,0.0076736111111111146,0.0075694444444444455,0.007777777777777784,0.007430555555555558,0.007847222222222224,0.008333333333333335,0.007708333333333331,0.008263888888888895,0.007916666666666669,0.006979166666666672
SectionCumProbs: 2_3 0.00805555555555556,0.008298611111111114,0.008437500000000004,0.007673611111111116,0.008750000000000003,0.008645833333333335,0.008368055555555556,0.00805555555555556,0.0076041666666666705,0.008472222222222228,0.008125000000000004,0.008159722222222224,0.007708333333333334,0.00840277777777778,0.008020833333333336,0.008784722222222225,0.008159722222222224,0.007430555555555556,0.008159722222222226,0.00826388888888889,0.00902777777777778,0.008055555555555557,0.008645833333333339,0.008298611111111116,0.00777777777777778,0.00822916666666667,0.007534722222222222,0.007673611111111115,0.008020833333333331,0.007743055555555558,0.007743055555555559,0.008645833333333339
