HitRate: 29401474/30000000 0.980049
CumReqs: 30000000
CumProbs: 0.9799583102440359
SectionCumProbs: 0_3 0.3883165841542156
SectionCumProbs: 1_3 0.3500177898001932
SectionCumProbs: 2_3 0.24162393628962756
