HitRate: 2809388/3000000 0.936463
CumReqs: 3000000
CumProbs: 0.8669791666667162
SectionCumProbs: 0_3 0.2608333333333305
SectionCumProbs: 1_3 0.276874999999997
SectionCumProbs: 2_3 0.32927083333332885
