HitRate: 2905849/3000000 0.968616
CumReqs: 94776,92120,95571,92931,94316,94079,94013,94580,94646,94818,93361,94202,94194,93407,92601,93258,92978,93916,93393,93551,93119,94494,93287,93571,94500,92272,92622,93486,94111,93502,94232,94093
CumProbs: 0.028792849145448763,0.028354422239715456,0.029247352612672604,0.028332351028177608,0.028562327602720126,0.028854975518666413,0.028818735134289453,0.028771595386190094,0.028959064442215274,0.029069148015811456,0.02875769869744404,0.028888491062112772,0.0288339942435008,0.028583853846071858,0.02844134466540155,0.02855115575490467,0.028455513838240663,0.028847073479967674,0.028607014993981942,0.028520092568295848,0.028849525836805216,0.02896424163998341,0.028707289140227972,0.028772685322562334,0.028888218578019712,0.028268317266308542,0.02857104709369804,0.028659604423942497,0.028710286465251627,0.02866723397854817,0.02880129615233362,0.02866396416943145
SectionCumProbs: 0_3 0.009974825194642125,0.009870191302907142,0.010113792082102651,0.009785721234058587,0.009998531310738332,0.010141857943687818,0.009788173590896126,0.009905614235004922,0.010073191952236734,0.010253576421842358,0.010083546347773009,0.010033954242836115,0.009894442387189468,0.01013422838908214,0.009806157541038075,0.00989035512579357,0.009859291939184748,0.01008054902274935,0.010069649659026956,0.010165564059784025,0.009910518948680001,0.010124691445825045,0.010075916793167331,0.01012305654126669,0.010341043815714572,0.009790080979547543,0.010071829531771435,0.010079459086377111,0.010156572084713048,0.009986269526550639,0.009933135128403967,0.009858746970998627
SectionCumProbs: 1_3 0.009777546711266792,0.009323315728136012,0.009936132453427626,0.009502610261369396,0.009596889757568106,0.009671277914973447,0.009831498561692643,0.009733949256377215,0.009881908118908716,0.009697708872000254,0.009594164916637508,0.009572093705099658,0.00968626454009174,0.009407513312891507,0.009687899444650098,0.009693076642418233,0.009746211040564908,0.0096091515417558,0.009549205041282632,0.009568006443703762,0.009896622259933948,0.009717872694886682,0.009576725934681677,0.009585717909752652,0.00949961293634574,0.009507787459137534,0.009558469500446667,0.009615418675896176,0.009600432050777886,0.009573728609658019,0.009763922506613797,0.009736401613214752
SectionCumProbs: 2_3 0.009040477239539883,0.009160915208672337,0.009197428077142359,0.00904401953274966,0.008966906534413722,0.009041839660005185,0.009199062981700718,0.009132031894807994,0.009003964371069862,0.00911786272196888,0.009079987433033563,0.009282443114177032,0.009253287316219631,0.00904211214409824,0.00894728767971341,0.008967723986692901,0.008850010858491042,0.00915737291546256,0.00898816029367239,0.008786522064808098,0.009042384628191302,0.00912167749927172,0.009054646412378997,0.00906391087154303,0.00904756182595944,0.0089704488276235,0.008940748061479977,0.008964726661669241,0.00895328232976073,0.009107235842339549,0.00910423851731589,0.009068815585218108
