HitRate: 1883020/3000000 0.627673
CumReqs: 375886,375893,374907,374745,374687,374220,374949,374713
CumProbs: 0.08063528900149504,0.07729224674287465,0.08000205298860694,0.07740599340893556,0.07935043717906883,0.07766712523681331,0.07784051954483294,0.07806489177941056
SectionCumProbs: 0_3 0.027696272819991395,0.02491260059904266,0.026317094494002477,0.028356905133546568,0.02796468720880594,0.02732070074882066,0.026149248803839367,0.027933823021978433
SectionCumProbs: 1_3 0.028130105378656758,0.02605839018643702,0.026423905387742617,0.02722255957048149,0.024505123975196292,0.02486578413587733,0.02658689603728117,0.02679496920690484
SectionCumProbs: 2_3 0.02480891080284685,0.02632125595739494,0.027261053106861867,0.0218265287049075,0.02688062599506658,0.02548064035211529,0.02510437470371248,0.023336099550527272
