HitRate: 1695878/3000000 0.565293
CumReqs: 183793,194936,188571,184454,191001,185686,179772,186605,186064,190049,189141,186925,183919,184019,191051,194014
CumProbs: 0.00359098331360302,0.0037892829193953608,0.004241352874978906,0.0034049736331277906,0.0040048548526604045,0.00365509022133823,0.0035185724022751643,0.0039005565675367887,0.003422910280887904,0.003639810854727765,0.0031930554614435125,0.004508409630518342,0.003991900607055878,0.003909524891416849,0.003472069982156357,0.00381286628959847
SectionCumProbs: 0_3 0.001751812597904202,0.0015329190632021026,0.0016674439214029381,0.0012462648591840286,0.0015780928427460874,0.0014993708886878211,0.001512325134292347,0.001507674892280465,0.0015883898072009664,0.001668440401834055,0.0012525759019144376,0.0017428442740241468,0.0019049384241525595,0.0015508557109622156,0.0013296370552541752,0.0014150022121865579
SectionCumProbs: 1_3 0.0009599428153096597,0.0014701407960417134,0.0014070303687376189,0.0011306731291744227,0.0010752023851755598,0.0009758865022075361,0.001042650691092395,0.0011114078408394881,0.0008370435621385264,0.0010320215664938108,0.0009762186623512422,0.0014807699206402982,0.001069555662732562,0.0013286405748230584,0.0009835261855127685,0.001317679290080768
SectionCumProbs: 2_3 0.0008792279003891586,0.0007862230601515444,0.0011668785848383508,0.0010280356447693415,0.001351559624738755,0.0011798328304428755,0.0009635965768904229,0.0012814738344168396,0.000997476911548411,0.0009393488863999022,0.0009642608971778343,0.0012847954358538966,0.0010174065201707563,0.0010300286056315767,0.0011589067413894124,0.0010801847873311466
