HitRate: 2780240/3000000 0.926747
CumReqs: 3000000
CumProbs: 0.8399044985314466
SectionCumProbs: 0_3 0.39284845707374944
SectionCumProbs: 1_3 0.24255012581210345
SectionCumProbs: 2_3 0.2045059156459471
