HitRate: 999862/30000000 0.033329
CumReqs: 1875999,1873799,1873428,1874119,1872706,1875790,1875473,1877830,1873393,1873040,1875404,1875672,1875922,1877020,1876417,1873988
CumProbs: 0.006249999999999922,0.006249999999999922,0.006249999999999922,0.006249999999999922,0.006249999999999922,0.006249999999999922,0.006249999999999922,0.006249999999999922,0.006249999999999922,0.006249999999999922,0.006249999999999922,0.006249999999999922,0.006249999999999922,0.006249999999999922,0.006249999999999922,0.006249999999999922
SectionCumProbs: 0_3 0.002083333333333335,0.002083333333333335,0.002083333333333335,0.002083333333333335,0.002083333333333335,0.002083333333333335,0.002083333333333335,0.002083333333333335,0.002083333333333335,0.002083333333333335,0.002083333333333335,0.002083333333333335,0.002083333333333335,0.002083333333333335,0.002083333333333335,0.002083333333333335
SectionCumProbs: 1_3 0.002083333333333335,0.002083333333333335,0.002083333333333335,0.002083333333333335,0.002083333333333335,0.002083333333333335,0.002083333333333335,0.002083333333333335,0.002083333333333335,0.002083333333333335,0.002083333333333335,0.002083333333333335,0.002083333333333335,0.002083333333333335,0.002083333333333335,0.002083333333333335
SectionCumProbs: 2_3 0.002083333333333335,0.002083333333333335,0.002083333333333335,0.002083333333333335,0.002083333333333335,0.002083333333333335,0.002083333333333335,0.002083333333333335,0.002083333333333335,0.002083333333333335,0.002083333333333335,0.002083333333333335,0.002083333333333335,0.002083333333333335,0.002083333333333335,0.002083333333333335
