HitRate: 1450615/3000000 0.483538
CumReqs: 459811,108519,106086,151298,242238,141242,203592,161717,176590,184830,98345,132649,200413,249930,150337,232403
CumProbs: 0.1216863897439998,0.005551446581111154,0.007114966883887044,0.017296672397020218,0.04470242140753474,0.012676075107610707,0.029528311944455553,0.018088260771065713,0.02336784871866629,0.02779288103519503,0.005226282333186743,0.01398039686029931,0.036646943589333555,0.05221118351790403,0.017630165647196796,0.04839716680659389
SectionCumProbs: 0_3 0.11416430123002703,0.0016314849611535336,0.0037413878116712646,0.010857021015738483,0.037969255986886816,0.00730520129532643,0.01685723423819614,0.006769146710377271,0.010601154066552059,0.015869747731179787,0.003025093617985314,0.004431695518330468,0.03296019403243647,0.049727475046309255,0.01456875757939205,0.045389730673383165
SectionCumProbs: 1_3 0.0053775370140860075,0.003334266181585575,0.0026696118018630314,0.0036004610935646796,0.003990258398965871,0.0025789922573595065,0.0061857833926358295,0.010480216953850662,0.01057283545889471,0.005075693972467651,0.0013229787177334452,0.005130332227241834,0.00235943975799251,0.0017674142779088209,0.0016591372486307117,0.002106571249616866
SectionCumProbs: 2_3 0.0021445514998867255,0.0005856954383720465,0.0007039672703527498,0.002839190287717054,0.002742907021682059,0.0027918815549247728,0.006485294313623583,0.0008388971068377777,0.0021938591932195257,0.006847439331547595,0.0008782099974679834,0.004418369114727008,0.0013273097989045697,0.0007162941936859499,0.0014022708191740298,0.0009008648835938646
