HitRate: 349727/30000000 0.011658
CumReqs: 30000000
CumProbs: 0.008334114583332539
SectionCumProbs: 0_3 0.0027804687499998165
SectionCumProbs: 1_3 0.0027778645833331493
SectionCumProbs: 2_3 0.002775781249999818
