HitRate: 2679858/3000000 0.893286
CumReqs: 153800,219508,242241,146015,254534,191265,189602,203908,168898,208160,119992,161526,163810,192519,186260,197962
CumProbs: 0.044970067509014236,0.05608078786616044,0.05614150218505195,0.03478499168578783,0.07131012874089783,0.03864118036598461,0.04633730088689358,0.04636417443787832,0.03852472831171725,0.04307830222858044,0.027472731640056317,0.04329329063645859,0.038640516821515834,0.04751874181352012,0.04821546350571774,0.0566358428142779
SectionCumProbs: 0_3 0.013316010399068915,0.02644954606922891,0.028397049085038532,0.021203563499215025,0.03302892124921536,0.01964887880891113,0.03198616111655955,0.026581923190746478,0.022244332998464556,0.019031118908495882,0.01778863189074342,0.027447848722477835,0.022678954625502127,0.01588127331529377,0.029733095872886108,0.029244063599410234
SectionCumProbs: 1_3 0.012191634296755665,0.023367382011840285,0.022234379831433154,0.007097935182322114,0.009571960734092515,0.014855101794356949,0.009786617369736263,0.008361655623074893,0.008417393358450704,0.009255450022494158,0.005856443481272785,0.010499927673652902,0.006699476728831934,0.009000317174256067,0.005182282301012967,0.018965759778323057
SectionCumProbs: 2_3 0.019462422813189672,0.006263859785091218,0.005510073268580238,0.0064834930042506666,0.028709246757589957,0.004137199762716498,0.0045645224005977205,0.01142059562405694,0.007863001954802004,0.014791733297590407,0.003827656268040116,0.005345514240327846,0.009262085467181755,0.022637151323970275,0.013300085331818683,0.00842601943654458
