HitRate: 2699889/3000000 0.899963
CumReqs: 3000000
CumProbs: 0.900000000000039
SectionCumProbs: 0_3 0.29999999999999855
SectionCumProbs: 1_3 0.29999999999999855
SectionCumProbs: 2_3 0.29999999999999855
