HitRate: 364109/3000000 0.121370
CumReqs: 3000000
CumProbs: 0.08006944444444762
SectionCumProbs: 0_3 0.026710069444444425
SectionCumProbs: 1_3 0.026892361111111096
SectionCumProbs: 2_3 0.02646701388888884
