HitRate: 1696211/3000000 0.565404
CumReqs: 3000000
CumProbs: 0.0596726285908524
SectionCumProbs: 0_3 0.02405094290156418
SectionCumProbs: 1_3 0.01944052258740442
SectionCumProbs: 2_3 0.01618116310188423
