HitRate: 363846/3000000 0.121282
CumReqs: 3000000
CumProbs: 0.08388888888888875
SectionCumProbs: 0_3 0.028333333333333356
SectionCumProbs: 1_3 0.028194444444444442
SectionCumProbs: 2_3 0.027361111111111124
