HitRate: 2522913/3000000 0.840971
CumReqs: 3000000
CumProbs: 0.930537497639234
SectionCumProbs: 0_3 0.35976330350037666
SectionCumProbs: 1_3 0.3125954817006349
SectionCumProbs: 2_3 0.25817871241659807
