HitRate: 2713527/3000000 0.904509
CumReqs: 3000000
CumProbs: 0.5461835620608994
SectionCumProbs: 0_3 0.20533130102038347
SectionCumProbs: 1_3 0.17827906860001486
SectionCumProbs: 2_3 0.16257319244049964
