HitRate: 2092944/3000000 0.697648
CumReqs: 380857,398890,350103,355127,374506,373730,372291,394496
CumProbs: 0.1401973429683083,0.15740026142815955,0.12245538707815073,0.1345925522939555,0.13234118039541842,0.12135600375827953,0.12974421192328156,0.10927210969062116
SectionCumProbs: 0_3 0.07086860604720756,0.07550019943386084,0.05607554115162899,0.05896350327051555,0.052609587075354035,0.062408481832207874,0.05182583530825017,0.05317226357765034
SectionCumProbs: 1_3 0.04748756618107793,0.047093692629470524,0.03638585890736879,0.03163373954803425,0.04114097476878658,0.02935140379463706,0.05505240216254225,0.030798048411487654
SectionCumProbs: 2_3 0.021841170740022814,0.034806369364828116,0.02999398701915298,0.043995309475405704,0.0385906185512778,0.029596118131434566,0.022865974452489137,0.025301797701483126
