HitRate: 28519522/30000000 0.950651
CumReqs: 30000000
CumProbs: 0.8491736111094965
SectionCumProbs: 0_3 0.24264652777810133
SectionCumProbs: 1_3 0.27003472222258756
SectionCumProbs: 2_3 0.33649236111171976
