HitRate: 101033/3000000 0.033678
CumReqs: 187956,186657,186897,187079,188440,187256,188191,187337,188183,187263,186954,188049,187706,188002,186697,187333
CumProbs: 0.006353314253951285,0.006125041488991586,0.006110711957760541,0.00620635324760497,0.006397969072206175,0.006325321681313893,0.006251674555684558,0.0062580062090192064,0.006317323803417494,0.006233012840592962,0.006423295685544769,0.006168363327597076,0.006371642724130531,0.006104380304425893,0.0061317063872385865,0.006277001169023153
SectionCumProbs: 0_3 0.0021181046628961117,0.001947483267772951,0.001999802719011889,0.0019708104116374454,0.0021797549716808477,0.0021037751316650647,0.0021131059892108626,0.002042458067792679,0.0022344071373062344,0.002007800596908287,0.002095110763943967,0.0020474567414779277,0.00212576929588016,0.0020357931695456806,0.0020624527625336744,0.0019971367597130894
SectionCumProbs: 1_3 0.002221410585724588,0.002165425440449801,0.002075449314115321,0.0021301014797407087,0.00221041350361704,0.0021564278278163526,0.0020141322502429354,0.0021114397646491132,0.002089445600434018,0.0021087738053503138,0.002229075218708636,0.002121103867107261,0.002149762929569354,0.002088112620784618,0.002020130658665234,0.0021237698264060605
SectionCumProbs: 2_3 0.0020137990053305855,0.002012132780768836,0.0020354599246333307,0.0021054413562268145,0.002007800596908287,0.0020651187218324735,0.0021244363162307603,0.0021041083765774146,0.0019934710656772407,0.002116438438334362,0.002099109702892166,0.001999802719011889,0.0020961104986810166,0.001980474514095593,0.0020491229660396775,0.0021560945829040027
