HitRate: 303120/3000000 0.101040
CumReqs: 3000000
CumProbs: 0.10385743762597052
SectionCumProbs: 0_3 0.03456289095371026
SectionCumProbs: 1_3 0.034564552024230304
SectionCumProbs: 2_3 0.03472999464803064
