HitRate: 17453417/30000000 0.581781
CumReqs: 938974,938395,937636,937124,938884,939438,936588,936808,936689,936653,938082,938183,936563,938143,936283,936226,939639,936416,937941,935138,937830,936801,935758,937466,937991,938946,937811,937140,937287,938073,937466,937628
CumProbs: 0.0130447916666667,0.013052777777777814,0.013088194444444496,0.01306562500000008,0.013076041666666673,0.013033680555555534,0.013055555555555603,0.013001388888888936,0.013075347222222243,0.012986111111111125,0.013053819444444514,0.013043402777777872,0.013069444444444491,0.013069444444444496,0.013044444444444506,0.013064930555555554,0.013063541666666754,0.013094097222222198,0.01304826388888887,0.013059375000000008,0.013021875000000075,0.01302118055555557,0.01303645833333333,0.013036111111111248,0.013146875000000065,0.01310555555555565,0.013087847222222245,0.013078819444444525,0.013021180555555598,0.013056250000000033,0.013110069444444416,0.013079861111111219
SectionCumProbs: 0_3 0.004109722222222459,0.0040795138888891375,0.0041854166666669,0.004076736111111349,0.004160416666666887,0.004093402777778024,0.004116666666666896,0.0041319444444446705,0.004116666666666912,0.004102083333333571,0.004170833333333565,0.004085416666666901,0.004179166666666884,0.004138888888889122,0.004092361111111353,0.004179513888889108,0.004136111111111337,0.0041510416666669,0.0041781250000002285,0.004098611111111347,0.00411215277777802,0.0040531250000002345,0.004102777777778009,0.004144791666666906,0.004165972222222467,0.004144791666666907,0.004061805555555791,0.004112152777777998,0.004125000000000241,0.004173611111111348,0.00412256944444468,0.00413645833333356
SectionCumProbs: 1_3 0.004301041666666883,0.004362152777777992,0.004300000000000222,0.004382291666666897,0.004296875000000218,0.004317013888889115,0.00433819444444466,0.004332638888889121,0.004360069444444675,0.004288194444444668,0.004304166666666891,0.004375694444444666,0.004265625000000218,0.00433194444444467,0.004342013888889103,0.0043003472222224465,0.004301041666666884,0.004302430555555803,0.004255902777778001,0.004329513888889114,0.0043125000000002285,0.004313194444444664,0.004344444444444663,0.0043010416666668895,0.00436979166666688,0.004312152777777979,0.004367013888889107,0.004357638888889109,0.0043284722222224365,0.004309722222222445,0.004366666666666887,0.004326736111111311
SectionCumProbs: 2_3 0.004634027777778012,0.004611111111111315,0.004602777777778003,0.004606597222222457,0.00461875000000022,0.004623263888889104,0.0046006944444446606,0.004536805555555767,0.004598611111111319,0.0045958333333335506,0.004578819444444654,0.00458229166666688,0.004624652777777992,0.0045986111111113274,0.00461006944444466,0.004585069444444653,0.004626388888889099,0.0046406250000002106,0.004614236111111343,0.004631250000000225,0.00459722222222244,0.004654861111111326,0.004589236111111315,0.004590277777778005,0.00461111111111132,0.004648611111111325,0.004659027777777987,0.004609027777777996,0.004567708333333547,0.00457291666666687,0.004620833333333545,0.004616666666666864
