HitRate: 27965875/30000000 0.932196
CumReqs: 776228,671429,632470,939735,1301537,596591,746454,1463899,986416,832846,701997,720127,718440,716401,765125,694630,891370,1260918,893436,647165,1050577,1109254,643955,977167,746627,735811,1017573,887234,1832689,613778,2810538,617583
CumProbs: 0.024018550044051516,0.020509172484584358,0.019211093673724155,0.029425542438730832,0.04152643786345038,0.017963301198042802,0.023005348344703316,0.046926457534806294,0.03098896882670015,0.025849185371713854,0.021499683287681617,0.02214596019467488,0.022041842071778367,0.022005708001318,0.023617322998381617,0.021250378883311147,0.027844713787880233,0.0401296477448172,0.02792357056143748,0.019690734311382446,0.03313455852158302,0.03508500059962754,0.019581859372995534,0.030701196262280375,0.022991609716114254,0.022626605377219833,0.03203484778028268,0.02769426841847381,0.05918875968636451,0.018557666770777213,0.09178990487342473,0.018702143961743134
SectionCumProbs: 0_3 0.020711322370184946,0.01710338123013304,0.01584740466817399,0.026057569344695223,0.03817518748722606,0.01449271679844042,0.01974302973633219,0.043584248062553295,0.027612545737447224,0.0223963873256822,0.01812275792598591,0.018791637092915744,0.01872096440563729,0.01861708264624306,0.020227959007361,0.01781897173426489,0.024433840718123434,0.036726692852396846,0.024569277005115145,0.016293570324775845,0.029803694497456193,0.031805841091696166,0.016202511285397826,0.027278889108084715,0.01964857297160432,0.019183675507421217,0.028692667853468915,0.024353713490740836,0.05570357984047676,0.015188127768537424,0.08845446130644143,0.015333639049827652
SectionCumProbs: 1_3 0.0020520783841647375,0.002141364697273166,0.002091905634353405,0.0021086578976004244,0.002102157901278837,0.0021795078575057897,0.001987314784451405,0.002053969292185568,0.0020758920070520276,0.0021254987971609214,0.002061887469522776,0.002107328352898271,0.0020515170208460533,0.0021031919916027287,0.002115098803046363,0.002127921523062603,0.0021206828907953685,0.0021280987956895504,0.002052964747299496,0.0021216283448057885,0.0020793192778397703,0.0019986602325763707,0.0021037829003592223,0.002149430601799507,0.002076217006868104,0.0021501987831829693,0.002040939754104546,0.0020746215532255374,0.0021837328551148234,0.0020979624491076145,0.0020753306437333477,0.0021013897198953716
SectionCumProbs: 2_3 0.0012551492896996086,0.0012644265571767946,0.0012717833711953187,0.0012593151964329934,0.0012490924749453964,0.0012910765420953202,0.00127500382391829,0.00128824018006408,0.0013005310821994562,0.0013272992488692894,0.0013150378921717356,0.0012469947488597888,0.001269360645293637,0.001285433363470667,0.001274265187972655,0.0013034856259819985,0.0012901901789605587,0.0012748560967291676,0.0013013288090207424,0.0012755356417991522,0.0012515447462849048,0.001280499275353819,0.001275565187236977,0.0012728765523948584,0.0012668197376406456,0.0012927310866135398,0.0013012401727072703,0.0012659333745058854,0.0013014469907720492,0.0012715765531305426,0.0012601129232542745,0.0012671151920189056
