HitRate: 907904/3000000 0.302635
CumReqs: 375174,375019,373942,373819,375870,376668,374622,374886
CumProbs: 0.11471602402328,0.1145078817645401,0.11274749779702226,0.11371527604325901,0.11306254191985082,0.11423013673447774,0.11174541770654542,0.11258298215571433
SectionCumProbs: 0_3 0.03780995712602499,0.03815364162365615,0.03739333958093137,0.03785358374345685,0.03751755888094727,0.03924730430797862,0.03678756235109504,0.03719285695731318
SectionCumProbs: 1_3 0.038821361989693465,0.03840607655505579,0.03783826447321359,0.03793217826035699,0.038120005834643804,0.03793117917751503,0.03751955704663118,0.03805772967082885
SectionCumProbs: 2_3 0.03808470490756151,0.037948163585828205,0.03751589374287737,0.037929514039445125,0.037424977204259816,0.037051653248984094,0.03743829830881915,0.03733239552757235
