HitRate: 2957366/3000000 0.985789
CumReqs: 3000000
CumProbs: 0.986521499952102
SectionCumProbs: 0_3 0.8280660632008352
SectionCumProbs: 1_3 0.09965035805219426
SectionCumProbs: 2_3 0.05880507869907447
