HitRate: 2898412/3000000 0.966137
CumReqs: 93809,94275,94180,93541,92424,94638,94043,93316,93816,91910,95168,93973,93205,92170,94360,95118,95405,93271,94007,92915,93369,93266,94215,92624,92643,94191,94411,94403,92714,94113,94611,93896
CumProbs: 0.02829642018867321,0.02834889097613262,0.02831434499184257,0.02823938672404341,0.027973447826112472,0.028563988614165006,0.02832216672413469,0.028117823968003896,0.02826024467682231,0.0277492248337393,0.028492289401487573,0.028205166645265567,0.02790891853470275,0.02770620530613282,0.028332921606036277,0.02840103585807988,0.02870640932298346,0.028197019007461282,0.028231564991751338,0.02799756483401307,0.028143570503465356,0.027931406015042494,0.028390280976178264,0.027924561999286918,0.02794150908591977,0.02827360680282129,0.02818137554287712,0.02833618066115801,0.02781049507002732,0.02833129207847545,0.02841179073998152,0.02810706908610229
SectionCumProbs: 0_3 0.00938803418357736,0.009751418829647234,0.009593680561756811,0.00946951056161993,0.009384775128455654,0.009552616467223359,0.00964484772716755,0.00944539355371933,0.009450282136401885,0.009283418514170695,0.009667661113019466,0.009601176388536732,0.00926712323856218,0.009353162293775141,0.009415084341087496,0.009470488278156447,0.009596613711366345,0.009361309931579399,0.009369131663871485,0.009286351663780229,0.009408566230844089,0.009423883789916095,0.009528825364834926,0.00933132662445973,0.009324482608704157,0.00969080040438356,0.009596287805854175,0.009700577569748663,0.009472769616741636,0.009494605286057044,0.009583251585367365,0.009345340561483052
SectionCumProbs: 1_3 0.009424209695428263,0.009442134498597626,0.009402699931625024,0.009419321112745708,0.009336215207142283,0.009464621978937377,0.009346970089043904,0.00935316229377514,0.009400744498552,0.0092505020574415,0.009598569144439368,0.009267449144074354,0.009446045364743673,0.009187602293592629,0.009460059301766991,0.009441808593085459,0.009592702845220298,0.009529803081371432,0.009797371506863247,0.009427794656062138,0.009325786230752841,0.009193468592811699,0.009568585837319704,0.009515137333323771,0.009387382372553021,0.009559786388491108,0.009373042530017524,0.009494279380544873,0.009483198593131086,0.009466251506498227,0.009520025916006324,0.009325460325240665
SectionCumProbs: 2_3 0.009484176309667594,0.009155337647887772,0.009317964498460746,0.00935055504967778,0.009252457490514525,0.009546750168004296,0.009330348907923218,0.00931926812050943,0.009409218041868428,0.009215304262127105,0.009226059144028726,0.009336541112654452,0.009195749931396888,0.009165440718765051,0.009457777963181804,0.009488738986837981,0.009517092766396796,0.009305905994510442,0.009065061821016605,0.009283418514170699,0.009409218041868431,0.009314053632314707,0.00929286977402363,0.009078098041503415,0.009229644104662597,0.009023020009946635,0.009212045207005406,0.009141323710864452,0.008854526860154598,0.009370435285920164,0.009308513238607811,0.009436268199378562
