HitRate: 1147663/3000000 0.382554
CumReqs: 93557,93152,93967,93538,93580,93930,93625,94256,94257,92828,93766,93648,94192,93789,93366,93851,93689,93103,93702,93796,94187,93145,93733,94413,93725,93832,93860,93816,94261,93575,93590,94271
CumProbs: 0.03578903216466573,0.03537323329139259,0.0364490255551862,0.036119809865844635,0.03637801910041094,0.03604531057904406,0.03566372410393185,0.0348253142502058,0.03616617124496313,0.03622290264711327,0.036115319081812126,0.03564222474655871,0.03682265010884946,0.03580907798324575,0.03550140504049507,0.03545191963770178,0.035093199280320404,0.03577083038783818,0.03482388240602151,0.0368625464945298,0.035373493626698845,0.034976221949385995,0.03567825949186323,0.03559119902653688,0.036206588301255956,0.035467800091382035,0.03560200294174558,0.035666284067776506,0.03670070471248775,0.036532267769354455,0.035764495562053154,0.03560495340854958
SectionCumProbs: 0_3 0.011783947469021233,0.012087042849303972,0.012082725622142267,0.011725198468247799,0.012208532658879761,0.012053589762452927,0.012576017638237662,0.011825796369498324,0.01317858539912473,0.013327128385939977,0.012613484227726488,0.01176138507581431,0.012916102326614456,0.01144082553540505,0.012778406644225616,0.012601855917381374,0.011715761313396826,0.012390355175675244,0.011879403747973642,0.012970534100226186,0.012393500893958905,0.011411017142841273,0.013087294485072063,0.012661863205468273,0.012784112326353913,0.011608806891752421,0.01249134357988511,0.01256215478318072,0.0127259490800195,0.012008942257433828,0.012315725721221547,0.012585715128394875
SectionCumProbs: 1_3 0.012010395796226968,0.012423330981131528,0.012266370486081379,0.012558640256546563,0.012100601979836985,0.01247637429977667,0.010799554592324564,0.011634558392460727,0.012488783616040484,0.012088886891056461,0.011695303297248615,0.012258625510720923,0.012223046352202296,0.012647067482230656,0.01119209684490747,0.012454657996314998,0.01168289398098481,0.012376275374529762,0.011888537178300684,0.012446023541991577,0.01153022901848752,0.01238410712832563,0.011427201321045478,0.01181928798684248,0.011530988329797365,0.012422983867389882,0.011422211561009327,0.012042460428111431,0.011821500836945468,0.012049164062246953,0.01205016201425418,0.012284029897687574
SectionCumProbs: 2_3 0.011994688899417528,0.010862859460957094,0.012099929446962551,0.011835971141050295,0.012068884461694167,0.01151534651681448,0.012288151873369606,0.011364959488246739,0.01049880222979793,0.010806887370116815,0.011806531556837021,0.011622214160023469,0.01168350143003269,0.01172118496561003,0.011530901551361954,0.010395405724005397,0.011694543985938766,0.011004199837633209,0.011055941479747184,0.011445988852312019,0.011449763714252405,0.011181097678219098,0.011163763685745693,0.011110047834226115,0.011891487645104665,0.01143600933223972,0.011688447800851128,0.011061668856484323,0.01215325479552278,0.012474161449673683,0.011398607826577466,0.0107352083824671
