HitRate: 1511760/3000000 0.503920
CumReqs: 3000000
CumProbs: 0.6571245434736895
SectionCumProbs: 0_3 0.23568012874914615
SectionCumProbs: 1_3 0.22062313240140574
SectionCumProbs: 2_3 0.20082128232584112
