HitRate: 348552/3000000 0.116184
CumReqs: 3000000
CumProbs: 0.08398697916669152
SectionCumProbs: 0_3 0.02788541666666443
SectionCumProbs: 1_3 0.027874999999997766
SectionCumProbs: 2_3 0.028226562499997734
