HitRate: 2939833/3000000 0.979944
CumReqs: 3000000
CumProbs: 0.979895797097514
SectionCumProbs: 0_3 0.3875237385403923
SectionCumProbs: 1_3 0.3491300449054678
SectionCumProbs: 2_3 0.24324201365164705
