HitRate: 2965604/3000000 0.988535
CumReqs: 3000000
CumProbs: 0.9755143797753955
SectionCumProbs: 0_3 0.4411888281123177
SectionCumProbs: 1_3 0.30498749738972464
SectionCumProbs: 2_3 0.2293380542736858
