HitRate: 2314111/3000000 0.771370
CumReqs: 3000000
CumProbs: 0.33421207577448075
SectionCumProbs: 0_3 0.16964147369771812
SectionCumProbs: 1_3 0.0907703509109317
SectionCumProbs: 2_3 0.07380025116568723
