HitRate: 1500175/3000000 0.500058
CumReqs: 3000000
CumProbs: 0.4999999999979054
SectionCumProbs: 0_3 0.16666666666682922
SectionCumProbs: 1_3 0.16666666666682922
SectionCumProbs: 2_3 0.16666666666682922
