HitRate: 2305606/3000000 0.768535
CumReqs: 3000000
CumProbs: 0.7779115684733323
SectionCumProbs: 0_3 0.6720517066204226
SectionCumProbs: 1_3 0.06508977767995335
SectionCumProbs: 2_3 0.040770084172970546
