HitRate: 697582/3000000 0.232527
CumReqs: 374259,375255,376325,377148,375854,373926,373119,374114
CumProbs: 0.0016438080676781474,0.001661121824923289,0.001770997592055917,0.0016291579653937966,0.0016155067337197432,0.0016687798329355623,0.0015615677207637241,0.0016058509844868757
SectionCumProbs: 0_3 0.0005680244203886804,0.0005307332509376064,0.0005693562478690759,0.0005497117925332424,0.0005730187734401639,0.000529068466587112,0.00047746015172178664,0.0005597004986362088
SectionCumProbs: 1_3 0.0005277366391067169,0.0005673585066484832,0.0005866700051142176,0.0005037637444595979,0.0005210775017047396,0.0005587016280259121,0.0005603664123764066,0.0005050955719399932
SectionCumProbs: 2_3 0.0005480470081827482,0.0005630300673371975,0.000614971339072622,0.0005756824284009548,0.0005214104585748382,0.0005810097383225367,0.0005237411566655303,0.0005410549139106719
