HitRate: 27861776/30000000 0.928726
CumReqs: 1236940,2440395,1588105,1502609,2226575,1648329,1585083,2628513,1520941,1546941,1415497,1351617,2371736,1288874,3800387,1847458
CumProbs: 0.037086625961120084,0.07709961076699011,0.048742274516687785,0.04591212619375705,0.07001070888170144,0.05071482594712049,0.048635094549547675,0.08346619510833539,0.046482757367782956,0.047336393944779113,0.04298680457449253,0.04086866440277082,0.07490122705975324,0.03879072457649621,0.12243255653420518,0.05733006152601712
SectionCumProbs: 0_3 0.030265516838303096,0.07005716401115271,0.041727675693661495,0.03891019409412011,0.0629782886389206,0.043595341625459014,0.041633508191740304,0.07655777045803651,0.03947365898295325,0.040303030769734585,0.03593838591432737,0.03384161887388334,0.06798447317447108,0.031930295178344566,0.11553758438418447,0.050561222281603264
SectionCumProbs: 1_3 0.004198154448972809,0.004408899809581078,0.004379794633753596,0.0043585472267780164,0.0044443540626408875,0.004451206037079758,0.004357981467420688,0.004195074203582859,0.0043803918241863415,0.004313003598512347,0.004416003232623187,0.004388375317339882,0.004296973750054456,0.0042435723529368466,0.004235966032688208,0.0042107897412866835
SectionCumProbs: 2_3 0.0026229546738433113,0.0026335469462556945,0.002634804189271993,0.00264338487285828,0.0025880661801408337,0.002668278284581134,0.0026436048903861285,0.0027133504467157,0.002628706560642912,0.0027203595765316114,0.002632415427541014,0.0026386702115471362,0.0026197801352271406,0.0026168570452142306,0.0026590061173358756,0.0025580495031265337
