HitRate: 2493236/3000000 0.831079
CumReqs: 186809,189367,188766,188889,188055,186997,187301,185536,186523,187947,186840,187600,187575,186128,187935,187732
CumProbs: 0.03886365879513536,0.03969323965940141,0.03975963689173927,0.039744255293514254,0.039454055807003466,0.03947892272413362,0.03897107362273938,0.039095151848421064,0.03916565084028533,0.03942534349031683,0.03943893056874872,0.03926922026833321,0.039021576536911504,0.039263836708954725,0.03949456068232904,0.0392571713497237
SectionCumProbs: 0_3 0.01390932291486423,0.014162862925605698,0.01408903125412588,0.014186448042884032,0.01406544613684762,0.014201316921168135,0.013712694817555125,0.013867023519745583,0.013929575352527089,0.013960338548976997,0.013928806272615862,0.0138129315659878,0.013727820055809638,0.014106463732114227,0.014198496961493565,0.01394957143021958
SectionCumProbs: 1_3 0.012986427021366456,0.013246119671397877,0.01324227427184164,0.013233301672877106,0.013035904495656713,0.01313819212385274,0.013093585489000336,0.013101532648083216,0.013056926013230843,0.013292008106102383,0.013315593223380669,0.013071025811603782,0.012866450555211718,0.013058464173053366,0.012960534664354406,0.013143319323261023
SectionCumProbs: 2_3 0.011967908858903394,0.012284257062396818,0.012428331365770652,0.01232450557775215,0.012352705174497962,0.012139413679111758,0.012164793316182903,0.012126595680590912,0.01217914947452625,0.012172996835236247,0.012194531072751237,0.012385262890740751,0.012427305925889014,0.01209890880378602,0.012335529056480032,0.012164280596242109
