HitRate: 116424/3000000 0.038808
CumReqs: 374814,374111,374544,375847,375726,375332,374118,375508
CumProbs: 0.010041666666666674,0.010083333333333328,0.010437500000000006,0.010687500000000003,0.01068750000000001,0.010437500000000006,0.010395833333333342,0.010125000000000004
SectionCumProbs: 0_3 0.0032083333333333326,0.003520833333333334,0.0035000000000000014,0.0038125000000000017,0.0035833333333333355,0.003291666666666667,0.003541666666666667,0.003354166666666667
SectionCumProbs: 1_3 0.003437500000000003,0.003270833333333334,0.003333333333333334,0.003520833333333335,0.0034166666666666685,0.003645833333333336,0.003458333333333335,0.003229166666666666
SectionCumProbs: 2_3 0.0033958333333333336,0.003291666666666667,0.0036041666666666687,0.003354166666666667,0.003687500000000001,0.003500000000000002,0.0033958333333333345,0.0035416666666666687
