HitRate: 1458735/3000000 0.486245
CumReqs: 3000000
CumProbs: 0.48543357374387636
SectionCumProbs: 0_3 0.3583274544219133
SectionCumProbs: 1_3 0.07621501853315024
SectionCumProbs: 2_3 0.050891100788812746
