HitRate: 1832249/3000000 0.610750
CumReqs: 373115,377456,377294,376586,373433,372823,373843,375450
CumProbs: 0.01557286856738647,0.015567628816012665,0.01537572292194735,0.015462833788536743,0.015387839846999292,0.015464798695301901,0.015513593879970426,0.015231629759167961
SectionCumProbs: 0_3 0.005249903392084049,0.005210605256780564,0.0053206400356303205,0.00532129500455204,0.005156570320738285,0.005200453238493826,0.005173272028242269,0.005144125911225506
SectionCumProbs: 1_3 0.005160827618729495,0.005196523424963491,0.0050694594541489,0.005183424046528991,0.005114324825287038,0.0052528507522318114,0.005161155103190353,0.005051775293262334
SectionCumProbs: 2_3 0.005162137556572938,0.005160500134268634,0.00498562343216815,0.004958114737455714,0.0051169447009739456,0.0050114947045762645,0.0051791667485377915,0.00503572855468008
