HitRate: 116822/30000000 0.003894
CumReqs: 936891,936430,937637,937921,937970,936627,937780,937331,939042,937211,936633,937573,937797,936219,939388,936804,936866,938169,936525,937811,937452,936563,936303,939139,938492,937622,937938,937706,938875,936116,938490,936679
CumProbs: 0.0002505208333333323,0.0002755208333333322,0.0002630208333333322,0.0002494791666666657,0.00027760416666666553,0.00025937499999999886,0.00025364583333333223,0.0002718749999999989,0.0002661458333333322,0.0002526041666666656,0.00025520833333333233,0.0002593749999999989,0.00026145833333333224,0.00025989583333333225,0.00024739583333333227,0.0002593749999999989,0.00025572916666666566,0.0002494791666666656,0.00026249999999999895,0.0002661458333333322,0.0002671874999999988,0.00026458333333333233,0.0002619791666666656,0.0002651041666666656,0.00027552083333333226,0.00026145833333333224,0.00025677083333333227,0.0002572916666666656,0.00026874999999999886,0.00025364583333333223,0.0002515624999999989,0.00026041666666666563
SectionCumProbs: 0_3 7.656249999999985e-05,9.322916666666652e-05,9.322916666666658e-05,8.072916666666652e-05,8.95833333333332e-05,9.218749999999986e-05,8.020833333333321e-05,8.489583333333317e-05,8.385416666666654e-05,8.802083333333321e-05,8.906249999999988e-05,8.593749999999989e-05,8.854166666666652e-05,8.854166666666652e-05,8.385416666666653e-05,8.385416666666654e-05,8.85416666666665e-05,8.281249999999989e-05,8.802083333333318e-05,8.802083333333317e-05,9.010416666666654e-05,8.854166666666654e-05,9.322916666666654e-05,8.281249999999985e-05,9.427083333333317e-05,8.593749999999985e-05,8.020833333333319e-05,8.95833333333332e-05,8.854166666666652e-05,8.281249999999985e-05,8.177083333333318e-05,8.541666666666649e-05
SectionCumProbs: 1_3 8.541666666666654e-05,8.802083333333318e-05,8.333333333333315e-05,8.541666666666649e-05,9.270833333333318e-05,8.437499999999983e-05,8.802083333333318e-05,9.322916666666651e-05,9.270833333333325e-05,8.124999999999987e-05,8.229166666666651e-05,8.645833333333316e-05,8.64583333333332e-05,8.38541666666665e-05,8.541666666666653e-05,9.218749999999986e-05,8.437499999999988e-05,8.489583333333324e-05,8.749999999999982e-05,8.749999999999984e-05,8.697916666666652e-05,8.593749999999986e-05,8.17708333333332e-05,9.583333333333319e-05,9.166666666666656e-05,8.385416666666654e-05,8.906249999999984e-05,8.489583333333319e-05,8.437499999999983e-05,8.333333333333317e-05,7.86458333333332e-05,8.85416666666665e-05
SectionCumProbs: 2_3 8.85416666666665e-05,9.427083333333317e-05,8.645833333333319e-05,8.333333333333317e-05,9.531249999999987e-05,8.281249999999984e-05,8.54166666666665e-05,9.374999999999988e-05,8.958333333333321e-05,8.333333333333318e-05,8.385416666666653e-05,8.697916666666649e-05,8.645833333333316e-05,8.749999999999985e-05,7.812499999999987e-05,8.333333333333321e-05,8.281249999999981e-05,8.177083333333319e-05,8.69791666666665e-05,9.062499999999984e-05,9.010416666666656e-05,9.010416666666651e-05,8.697916666666655e-05,8.64583333333332e-05,8.958333333333317e-05,9.16666666666665e-05,8.749999999999984e-05,8.281249999999986e-05,9.583333333333316e-05,8.749999999999984e-05,9.114583333333316e-05,8.645833333333324e-05
