HitRate: 1882216/3000000 0.627405
CumReqs: 3000000
CumProbs: 0.6279869473270007
SectionCumProbs: 0_3 0.2190478108187645
SectionCumProbs: 1_3 0.2102993909811789
SectionCumProbs: 2_3 0.1986397455270531
