HitRate: 1883270/3000000 0.627757
CumReqs: 3000000
CumProbs: 0.6280987745615967
SectionCumProbs: 0_3 0.21803690494303765
SectionCumProbs: 1_3 0.2105098584286429
SectionCumProbs: 2_3 0.19955201118991803
