HitRate: 2180636/3000000 0.726879
CumReqs: 459873,108541,106124,151316,242175,141245,203591,161728,176561,184772,98345,132629,200405,249939,150336,232420
CumProbs: 0.13664956462403693,0.019398782631645618,0.01880561562380015,0.03401244158680963,0.06230939246303234,0.03005788434669074,0.050319726632568715,0.03653829193100563,0.04148986045820741,0.04363209189347262,0.01648997650541412,0.02710597497226472,0.05080148832200385,0.06645227774141638,0.03281218190631743,0.061776901566106775
SectionCumProbs: 0_3 0.1278283190993145,0.012493310707443665,0.011708831590304293,0.02657381563878683,0.05600206099839057,0.020464095988944348,0.04159430294421708,0.030233612973945095,0.03413777257002123,0.03565135970854245,0.008908446711454254,0.02109373497603129,0.04388175916955296,0.05623879730001254,0.027034025704124706,0.055275937048037585
SectionCumProbs: 1_3 0.005133928423409171,0.004113044568095505,0.004580217465834042,0.004749314824135429,0.0035464026360620352,0.006953548624111154,0.005592149108061172,0.004115697075676705,0.004516225720437636,0.004725773819352294,0.004737710103467687,0.00362664099039328,0.004557339587946206,0.006709849490088569,0.0035928215187330044,0.0035792274173793597
SectionCumProbs: 2_3 0.0036873171013131908,0.0027924273561064365,0.0025165665676618212,0.002689311123887356,0.0027609288285797085,0.0026402397336351877,0.0031332745802904105,0.0021889818813838396,0.002835862167748557,0.003254958365577876,0.0028438196904921526,0.0023855990058401586,0.002362389564504673,0.0035036309513152113,0.002185334683459692,0.0029217371006898503
