HitRate: 1163156/30000000 0.038772
CumReqs: 938239,937416,937162,936791,938685,937191,937593,937531,937188,936831,938102,936913,937535,938808,936413,937602,936485,937564,938641,935364,937624,937079,939339,936917,939026,938031,937514,937666,937615,936285,938261,936589
CumProbs: 0.0026307291666666254,0.0026390624999999552,0.0026343749999999584,0.0025880208333332907,0.002564583333333295,0.002603645833333292,0.0025604166666666236,0.0026223958333332926,0.002584374999999961,0.0026328124999999507,0.002623958333333287,0.0026026041666666233,0.0026197916666666245,0.0025781249999999607,0.002580729166666624,0.0026166666666666218,0.0026036458333332933,0.002622916666666623,0.0025911458333332956,0.002609374999999956,0.0026510416666666228,0.0026119791666666258,0.0026109374999999544,0.0026484374999999533,0.002637499999999955,0.0026302083333332857,0.0025802083333332933,0.0026296874999999563,0.002615624999999956,0.002616666666666629,0.002589583333333293,0.0026416666666666242
SectionCumProbs: 0_3 0.000875520833333345,0.000863541666666677,0.0008682291666666775,0.0008494791666666773,0.0008453125000000109,0.0008739583333333439,0.0008567708333333452,0.0008770833333333456,0.0008578125000000106,0.0008838541666666782,0.0008473958333333453,0.0008708333333333438,0.0008817708333333454,0.0008593750000000115,0.0008666666666666783,0.0008776041666666779,0.0008697916666666766,0.0008796875000000112,0.0008723958333333438,0.0008723958333333435,0.0008822916666666786,0.0008520833333333435,0.000865625000000012,0.0008677083333333454,0.0008651041666666769,0.0008796875000000113,0.0008489583333333447,0.0008671875000000104,0.0008838541666666773,0.0008697916666666773,0.0008697916666666783,0.0008833333333333435
SectionCumProbs: 1_3 0.0008614583333333437,0.000897916666666678,0.0008786458333333437,0.0008494791666666777,0.0008520833333333438,0.0008546875000000115,0.0008505208333333432,0.0008697916666666769,0.0008609375000000118,0.000876562500000011,0.0008703125000000122,0.0008588541666666782,0.000853125000000011,0.0008567708333333436,0.0008520833333333448,0.000870833333333344,0.0008765625000000113,0.0008901041666666777,0.0008687500000000106,0.0008645833333333445,0.0008921875000000108,0.0008744791666666769,0.0008734375000000115,0.0008744791666666776,0.0008854166666666778,0.0008755208333333446,0.0008781250000000114,0.0008692708333333438,0.000882291666666678,0.0008713541666666781,0.0008651041666666768,0.0008802083333333449
SectionCumProbs: 2_3 0.0008937500000000113,0.0008776041666666776,0.0008875000000000113,0.0008890625000000113,0.0008671875000000099,0.0008750000000000102,0.0008531250000000113,0.0008755208333333439,0.0008656250000000103,0.0008723958333333444,0.0009062500000000113,0.0008729166666666776,0.0008848958333333452,0.0008619791666666787,0.0008619791666666783,0.0008682291666666774,0.000857291666666678,0.000853125000000011,0.0008500000000000105,0.000872395833333344,0.0008765625000000106,0.0008854166666666785,0.0008718750000000112,0.0009062500000000122,0.000886979166666677,0.0008750000000000122,0.0008531250000000111,0.0008932291666666787,0.0008494791666666767,0.0008755208333333447,0.0008546875000000097,0.0008781250000000113
