HitRate: 3479943/30000000 0.115998
CumReqs: 3751463,3749792,3751068,3748688,3750023,3750578,3747808,3750580
CumProbs: 0.010504166666666476,0.01052499999999982,0.01048958333333316,0.010558333333333166,0.01043541666666649,0.010529166666666487,0.010406249999999818,0.01049999999999983
SectionCumProbs: 0_3 0.003458333333333378,0.0035083333333333733,0.0034708333333333748,0.003464583333333377,0.003416666666666708,0.0035312500000000435,0.003427083333333379,0.003454166666666706
SectionCumProbs: 1_3 0.003485416666666711,0.0035729166666667147,0.003479166666666711,0.0035000000000000456,0.003514583333333378,0.0035375000000000462,0.003472916666666712,0.0035104166666667064
SectionCumProbs: 2_3 0.0035604166666667113,0.003443750000000043,0.0035395833333333763,0.003593750000000043,0.0035041666666667136,0.0034604166666667123,0.003506250000000044,0.003535416666666715
