HitRate: 2292260/3000000 0.764087
CumReqs: 374913,372439,377984,376264,378124,375010,372559,372707
CumProbs: 0.11624333189116066,0.11798923658072713,0.11362148187734313,0.11625064806319307,0.11537869337823241,0.11035514361811972,0.10885632601128618,0.11448046698460977
SectionCumProbs: 0_3 0.04050698411758816,0.040034425914945514,0.03907201673940161,0.039085318870369735,0.03853693852120874,0.037478754002694355,0.03593171617110132,0.03728520799710813
SectionCumProbs: 1_3 0.03838928486746257,0.038669959830890006,0.03877704198518343,0.03911957185761266,0.03938461681715257,0.03452568092777044,0.03696595685387311,0.03695099195653395
SectionCumProbs: 2_3 0.03734706290610991,0.03928485083489161,0.035772423152758005,0.0380457573352107,0.03745713803987115,0.038350708687655,0.03595865298631177,0.04024426703096769
