HitRate: 363546/3000000 0.121182
CumReqs: 3000000
CumProbs: 0.0791666666666669
SectionCumProbs: 0_3 0.027055555555555704
SectionCumProbs: 1_3 0.025652777777778
SectionCumProbs: 2_3 0.0264583333333335
