HitRate: 2851987/3000000 0.950662
CumReqs: 3000000
CumProbs: 0.8491901041628909
SectionCumProbs: 0_3 0.24216666666665587
SectionCumProbs: 1_3 0.2698315972221538
SectionCumProbs: 2_3 0.33719184027780474
