HitRate: 1044008/3000000 0.348003
CumReqs: 189835,188184,187996,183204,185979,189804,193793,191408,186704,185026,186870,187921,187313,184229,185411,186323
CumProbs: 0.0011316729465184563,0.0014335856937345106,0.0014505807821539576,0.0010150399867771547,0.001084353288566271,0.0016508562358811638,0.0015695464010900845,0.001627529643932903,0.0013969296206729587,0.0016261966958215745,0.0013396128518858047,0.001213982492393032,0.0012029856704745664,0.0007421188609825093,0.001328949266995172,0.0016308620142112264
SectionCumProbs: 0_3 0.00038788790039678535,0.0004072156480110581,0.0004538688319075788,0.0002862506069079369,0.00042321102534700807,0.0006691399518872378,0.00047419629060534835,0.00037055957494950626,0.0004062159369275613,0.0008107656887159612,0.00048052779413416177,0.0004455379062117715,0.0004508696986570881,0.00030224598424388684,0.0004891919568578014,0.0008437561544713578
SectionCumProbs: 1_3 0.0004025503296214061,0.0004612000465198891,0.0005131850228617263,0.0003738919452278291,0.00030457864343871286,0.0006008263611816185,0.00040488298881623215,0.0006021593092929477,0.0005651699992035634,0.00046120004651988917,0.00031490899130151383,0.0004512029356849204,0.000351898301390898,0.00020627372022818737,0.0004568679651580693,0.0005195165263905398
SectionCumProbs: 2_3 0.0003412347165002647,0.0005651699992035634,0.0004835269273846525,0.0003548974346413886,0.0003565636197805501,0.0003808899228123072,0.0006904671216685044,0.0006548107596904494,0.0004255436845418341,0.00035423096058572406,0.0005441760664501293,0.0003172416504963399,0.00040021767042658005,0.00023359915651043514,0.00038288934497930096,0.0002675893333493287
