HitRate: 29401164/30000000 0.980039
CumReqs: 936726,938447,939017,939118,936365,936052,937329,936758,937052,935454,937094,936602,935542,938254,937225,938007,937962,937645,937082,936668,937462,938785,939112,938567,938221,936898,938396,935640,939115,937659,937690,938056
CumProbs: 0.03062943753380931,0.030624855927032922,0.030632058619368296,0.030621814113622112,0.030636112376231713,0.030609095696335898,0.030630265873234468,0.030633728592448298,0.03062685838388286,0.030628978709288098,0.03063327315767359,0.030631875579575824,0.03061076615986575,0.030623496486836908,0.030613621843216067,0.03063923031570683,0.030630938776947884,0.030639090272741535,0.030617652032444563,0.030623059832385408,0.030621607295692018,0.03061365427367022,0.030613959700233184,0.03062614309531979,0.030608898081936082,0.030620732094433903,0.030618066223858473,0.030626492213152202,0.030634509872558842,0.03063176303218439,0.030631896592964877,0.030627584777012294
SectionCumProbs: 0_3 0.012182557721581442,0.012127847200277599,0.012098113855694327,0.012163331336351389,0.012146285428248308,0.01213899755171747,0.012157527680442662,0.012088449395878425,0.01213927085815502,0.012092122904364015,0.012189073975089542,0.012062221589385538,0.012104374628230104,0.012110949542579354,0.012089622920856977,0.012204368927292819,0.01215344079217255,0.012097131773259872,0.012197567125631812,0.012046765379005684,0.012181348914594966,0.012121343722337016,0.012133951846999126,0.012079350973790235,0.01214021255877126,0.011978474190506095,0.012134508010625687,0.012082761128063998,0.012106659063365567,0.012161114418366007,0.012120599974661302,0.0121449391911359
SectionCumProbs: 1_3 0.010891120615832044,0.010905195343983954,0.010986495330806732,0.010926335175925405,0.01090466869198392,0.01084376501295039,0.010939725342414471,0.010873478016885393,0.010933542188993735,0.010969263596461448,0.01095351873029965,0.010906685144015795,0.010952180726668394,0.010959706108967524,0.0109399674618835,0.010877050909365953,0.010933405303570839,0.010949766886555428,0.010939604991228006,0.010984395658548763,0.010884777508484147,0.010902655540722901,0.010942003291024962,0.010948097746806218,0.010944862824189654,0.010958240445144932,0.010922630621529924,0.010940500682873415,0.010971669226964732,0.010876804870638265,0.01094720117842737,0.010917631921873049
SectionCumProbs: 2_3 0.007555759196395858,0.007591813382771569,0.007547449432867346,0.00753214760134531,0.007585158255999414,0.007626333131668109,0.0075330128503775335,0.007671801179684535,0.007554045336734298,0.007567592208462787,0.007490680452284404,0.007662968846174482,0.00755421080496722,0.007552840835290012,0.007584031460475499,0.007557810479048095,0.0075440926812044,0.007592191612926424,0.007480479915584693,0.00759189879483105,0.0075554808726127935,0.007589655010610233,0.0075380045622089635,0.007598694374723333,0.007523822698975238,0.007684017458782914,0.007560927591702944,0.007603230402214881,0.007556181582228647,0.007593843743180142,0.007564095439876316,0.007565013664003369
