HitRate: 10145/3000000 0.003382
CumReqs: 374578,375068,375003,375474,374680,374752,375907,374538
CumProbs: 0.0012911839863855748,0.0013168476846178124,0.0012901841020388641,0.0013198473376579442,0.0012555214446862313,0.0012868511542164954,0.0013041824828928118,0.0012335239890585987
SectionCumProbs: 0_3 0.0004252841421342265,0.00045294760905988546,0.0004299502690855425,0.0004336165116901479,0.000435616280383569,0.0004399491125526481,0.00044294876559277974,0.00039628749607962014
SectionCumProbs: 1_3 0.0004589469151401488,0.0004622798629625173,0.00043761604907699013,0.0004536141986243591,0.0004026200969421204,0.000430950153432253,0.0004146187091026471,0.0004362828699480427
SectionCumProbs: 2_3 0.0004069529291111995,0.0004016202125954098,0.0004226177838763317,0.0004326166273434373,0.00041728506736054194,0.00041595188823159447,0.00044661500819738524,0.00040095362303093615
