HitRate: 1875444/3000000 0.625148
CumReqs: 380535,367530,383559,379536,370600,374594,374055,369591
CumProbs: 0.013670735893513567,0.013725725445498695,0.011878076498798565,0.014328610897262856,0.012831562003219391,0.012951872477562597,0.013673735323621846,0.012543949982836597
SectionCumProbs: 0_3 0.004790089882922245,0.004984053029924314,0.0036876326831235397,0.005411305185348117,0.004080558027308145,0.00441949362954372,0.004624454686942814,0.004445821960494172
SectionCumProbs: 1_3 0.004628453927087187,0.004576463805210344,0.0043545059771976655,0.004975054739599477,0.004092889017753293,0.0042645230739492826,0.0051560203561323344,0.004037899465768171
SectionCumProbs: 2_3 0.004252192083504134,0.004165208610364031,0.003835937838477356,0.00394225097231526,0.00465811495815795,0.004267855774069593,0.0038932602805466965,0.004060228556574251
