HitRate: 1904564/3000000 0.634855
CumReqs: 3000000
CumProbs: 0.22302886854057258
SectionCumProbs: 0_3 0.12083271891616497
SectionCumProbs: 1_3 0.05771318598431992
SectionCumProbs: 2_3 0.04448296364024087
