HitRate: 17455255/30000000 0.581842
CumReqs: 30000000
CumProbs: 0.4182824652756609
SectionCumProbs: 0_3 0.13223237847152908
SectionCumProbs: 1_3 0.13859131944375158
SectionCumProbs: 2_3 0.1474587673604401
