HitRate: 14994434/30000000 0.499814
CumReqs: 30000000
CumProbs: 0.5000000000114982
SectionCumProbs: 0_3 0.1666666666670994
SectionCumProbs: 1_3 0.1666666666670994
SectionCumProbs: 2_3 0.1666666666670994
