HitRate: 39762/3000000 0.013254
CumReqs: 374602,375357,373386,374450,375189,375951,375266,375799
CumProbs: 0.0018503520329043873,0.0015803302310116439,0.0015466295825986005,0.0016117950478002922,0.001845710252032002,0.0017056131813189565,0.0015706994904432102,0.0016170235608846692
SectionCumProbs: 0_3 0.0006298900115614368,0.0005259168974506073,0.0005072629792551522,0.0004944867985443251,0.000624998261936014,0.0006277861078900342,0.00047933938646787426,0.0005608153128052907
SectionCumProbs: 1_3 0.0006192836984985082,0.000562134592335213,0.00047021205519375345,0.0005352837821130562,0.0006150863065204131,0.0005436716224927732,0.0004924870485200217,0.0005088356993263492
SectionCumProbs: 2_3 0.000601178322844442,0.0004922787412258234,0.0005691545481496948,0.0005820244671429112,0.0006056256835755751,0.0005341554509361489,0.0005988730554553146,0.0005473725487530291
