HitRate: 1344132/3000000 0.448044
CumReqs: 3000000
CumProbs: 0.015562937136174135
SectionCumProbs: 0_3 0.0053078891557148695
SectionCumProbs: 1_3 0.005045237578325894
SectionCumProbs: 2_3 0.005209810402132907
