HitRate: 2955056/3000000 0.985019
CumReqs: 3000000
CumProbs: 0.9064141837440787
SectionCumProbs: 0_3 0.3137562771775893
SectionCumProbs: 1_3 0.30099864116058567
SectionCumProbs: 2_3 0.2916592654058977
