HitRate: 1016403/3000000 0.338801
CumReqs: 375001,375341,375124,374671,374915,375368,374933,374647
CumProbs: 0.09787499999999615,0.0974791666666626,0.09677083333332942,0.0980624999999959,0.09799999999999592,0.09843749999999594,0.09918749999999586,0.09872916666666254
SectionCumProbs: 0_3 0.03152083333333342,0.03122916666666675,0.031583333333333394,0.03131250000000011,0.031833333333333436,0.031562500000000084,0.03170833333333339,0.03239583333333345
SectionCumProbs: 1_3 0.032937500000000064,0.032458333333333395,0.032583333333333395,0.03289583333333344,0.032291666666666746,0.03287500000000009,0.03345833333333341,0.0323541666666668
SectionCumProbs: 2_3 0.03341666666666671,0.033791666666666734,0.032604166666666684,0.03385416666666675,0.033875000000000065,0.03400000000000005,0.03402083333333336,0.033979166666666734
