HitRate: 23484804/30000000 0.782827
CumReqs: 776180,671504,632488,939500,1301944,596160,746556,1463991,986670,832979,702415,720775,717484,716291,765080,694538,891198,1260847,894219,647677,1051122,1108382,644208,977921,746586,735619,1017649,887208,1831590,613944,2809924,617351
CumProbs: 0.019227110175275768,0.015709701179837658,0.014422967962283186,0.024521753338305266,0.036757759072785015,0.012926693002406106,0.0182761181049863,0.04204288210320471,0.026235805449337023,0.020861575295354713,0.01674008259126809,0.017304372804440013,0.017289054944012377,0.01715791429377087,0.01872326786293114,0.016305384771477287,0.022983675443196617,0.035343640551416644,0.02312792686429885,0.01498732405872573,0.028335505285156035,0.030374921928324045,0.0147877965735429,0.02581915964570602,0.018124652465747217,0.01774793192413415,0.0272632221135878,0.022798444627746405,0.05413163872776756,0.013695814304048726,0.08698495753164458,0.013954801440998936
SectionCumProbs: 0_3 0.01641893458845356,0.012848720151584244,0.011255563842206948,0.0216179152424899,0.03370854954026658,0.009919352288389542,0.015596414895943957,0.03925990686740846,0.02341698971430369,0.01780133031500106,0.013884998115738494,0.014381329735228345,0.01439592287967873,0.014043743856385009,0.01608635583818015,0.013624265072115843,0.02018719413691591,0.032193036665357694,0.01992945878210817,0.011856419270593156,0.02529647471795369,0.027302389717993154,0.011876546609778677,0.02291963690411866,0.01528551174171651,0.014683799830811774,0.02432897888836468,0.019710166315728413,0.05101516237590865,0.010688901831291418,0.08412338355395453,0.01105488339978762
SectionCumProbs: 1_3 0.0017508479176933471,0.0017423160341433438,0.001997218408312885,0.00179265085292482,0.0019506718775941544,0.0019088360007273515,0.0016376604587056854,0.0018107358107199976,0.0017158968426101385,0.0018743131669034087,0.0018185100366574526,0.0018001615457796482,0.0018470045512163366,0.0019582155120843117,0.0015244729997180213,0.001583833826579418,0.0017431725166618807,0.0019576225626484014,0.002036386012718109,0.001983712337828331,0.0019246150440495574,0.0019874676842557434,0.0017703823074429643,0.0018439080374954872,0.0018062557483153646,0.0019294574644428003,0.0018393620918201981,0.0018432162631535944,0.0018015780360987619,0.001913744304391252,0.0017759494438134278,0.0018451268780026312
SectionCumProbs: 2_3 0.0010573276691289454,0.001118664994110035,0.0011701857117633254,0.0011111872428905371,0.001098537654924511,0.0010985047132891829,0.001042042750336664,0.0009722394250762293,0.0011029188924231612,0.001185931813450201,0.0010365744388721836,0.0011228815234320465,0.0010461275131173598,0.001155954925301549,0.0011124390250330084,0.0010972858727820419,0.001053308789618907,0.0011929813234104346,0.0011620820694725933,0.0011471924503042511,0.001114415523152699,0.0010850645260752842,0.0011408676563212374,0.001055614704091879,0.0010328849757154277,0.001134674628879537,0.001094881133403082,0.001245062048864304,0.0013148983157600701,0.0010931681683660171,0.001085624533875861,0.001054791163208674
