HitRate: 1629389/3000000 0.543130
CumReqs: 369166,382107,378121,371019,383054,377895,358967,379671
CumProbs: 0.006031421697011241,0.004304592785855243,0.0053212554036200475,0.004935555903132521,0.005466350297677484,0.004559507209818534,0.005135227775688618,0.005293634127916451
SectionCumProbs: 0_3 0.0026147031711221233,0.001618007740612926,0.0023528002316193725,0.0020875694275740196,0.002344480570262868,0.0016905551876416423,0.0023265101017328196,0.0020136908347282638
SectionCumProbs: 1_3 0.001709856801988732,0.00134512284811959,0.001466589903924551,0.0015757438609218855,0.0014313145397729732,0.0013521113636590534,0.0015873913868209917,0.0018785795342986355
SectionCumProbs: 2_3 0.0017068617239003902,0.0013414621971227286,0.0015018652680761284,0.0012722426146366146,0.0016905551876416423,0.0015168406585178362,0.0012213262871348083,0.0014013637588895583
