HitRate: 1529858/3000000 0.509953
CumReqs: 3000000
CumProbs: 0.02475058026090172
SectionCumProbs: 0_3 0.008725151724025342
SectionCumProbs: 1_3 0.00859688966164467
SectionCumProbs: 2_3 0.007428538875231653
