HitRate: 29711130/30000000 0.990371
CumReqs: 30000000
CumProbs: 0.9939454834433481
SectionCumProbs: 0_3 0.8865216301440076
SectionCumProbs: 1_3 0.06921143600882135
SectionCumProbs: 2_3 0.038212417290229374
