HitRate: 36125/3000000 0.012042
CumReqs: 3000000
CumProbs: 0.007884114583333173
SectionCumProbs: 0_3 0.002638454861111117
SectionCumProbs: 1_3 0.002624131944444448
SectionCumProbs: 2_3 0.002621527777777776
