HitRate: 1693324/3000000 0.564441
CumReqs: 3000000
CumProbs: 0.5674388601639337
SectionCumProbs: 0_3 0.4693411361784921
SectionCumProbs: 1_3 0.05981878335466924
SectionCumProbs: 2_3 0.03827894063076689
