HitRate: 2851861/3000000 0.950620
CumReqs: 187491,187657,186791,187214,187434,187469,188031,187596,186569,187954,187809,187986,188290,187517,187047,187145
CumProbs: 0.05296527777777729,0.0529930555555552,0.05326388888888832,0.053159722222221706,0.05309722222222176,0.052944444444444,0.0531388888888883,0.053201388888888444,0.05335416666666611,0.05302083333333293,0.05312499999999947,0.05310416666666632,0.05295833333333291,0.053166666666666175,0.05303472222222166,0.05304166666666614
SectionCumProbs: 0_3 0.015048611111111216,0.015291666666666766,0.014979166666666786,0.015201388888888992,0.01488194444444456,0.015159722222222323,0.014979166666666772,0.015083333333333454,0.015229166666666778,0.014965277777777885,0.015145833333333433,0.015006944444444536,0.015131944444444536,0.015152777777777883,0.01524305555555567,0.01505555555555567
SectionCumProbs: 1_3 0.017166666666666806,0.01667361111111124,0.016888888888889002,0.01711111111111121,0.01668750000000012,0.01702083333333344,0.016819444444444543,0.01709722222222234,0.01698611111111122,0.016979166666666785,0.016791666666666774,0.01694444444444455,0.01660416666666676,0.01665972222222234,0.016930555555555674,0.0174375000000001
SectionCumProbs: 2_3 0.020750000000000088,0.02102777777777782,0.021395833333333395,0.02084722222222232,0.02152777777777784,0.020763888888888953,0.021340277777777868,0.021020833333333357,0.02113888888888895,0.02107638888888897,0.021187500000000102,0.021152777777777847,0.021222222222222285,0.02135416666666671,0.020861111111111164,0.020548611111111184
