HitRate: 28138893/30000000 0.937963
CumReqs: 30000000
CumProbs: 0.9598898546205642
SectionCumProbs: 0_3 0.8530058167324543
SectionCumProbs: 1_3 0.06619618527971896
SectionCumProbs: 2_3 0.04068785259505052
