HitRate: 35017/3000000 0.011672
CumReqs: 3000000
CumProbs: 0.00831770833333283
SectionCumProbs: 0_3 0.002808593749999994
SectionCumProbs: 1_3 0.00272135416666666
SectionCumProbs: 2_3 0.002787760416666666
