HitRate: 2125377/3000000 0.708459
CumReqs: 95320,95618,95190,94728,93883,92479,91984,90196,91598,92485,96548,95522,97207,94999,94691,93984,95264,95470,92824,92023,93725,93378,92465,89896,90561,91847,96211,96573,94057,91461,92181,95632
CumProbs: 0.017217948768966908,0.017662317162303234,0.01697752557107971,0.017097239742717325,0.01803406116896744,0.017181802384732835,0.01719473549468814,0.016486067392777894,0.01631329430850309,0.01698846897181113,0.018062580334509915,0.01663496396636596,0.01668769126079915,0.017838074810413877,0.017465999185545682,0.01664325442146552,0.016525529959051787,0.01718478694856867,0.01615942346185528,0.016110675585869875,0.015651715991558332,0.01697719395287572,0.01627615306965707,0.015681893248120724,0.0160934314392628,0.01608281965673537,0.01875068810777326,0.01859051651524981,0.01723253996994214,0.017074689704846536,0.017011019009681928,0.016758325938247377
SectionCumProbs: 0_3 0.005720414018695309,0.006167103739459517,0.005688578671113003,0.006212867051609078,0.0073911065303583195,0.00600759538334401,0.006533210236656015,0.005491929076151478,0.0059077783039453245,0.00644732112182459,0.006068613132876759,0.005304564790901459,0.006012238038199766,0.005957521034542678,0.006786234926294539,0.005790385459735581,0.005451471655265632,0.006031140275826756,0.005275382388951011,0.0052558169149160535,0.005173243982124454,0.0058407914267408975,0.006281512019833422,0.005607663829341312,0.005956526179930733,0.005871963537915236,0.005929996723612143,0.005977749744985601,0.0058086244609546105,0.00575888173035726,0.005933312905651968,0.005380836977817394
SectionCumProbs: 1_3 0.005303238318085529,0.0060825410974440185,0.005575828481759009,0.005305559645513405,0.0053990759790364246,0.0061080756991506585,0.005431242944822709,0.005610980011381137,0.005201431529462951,0.005243547041368707,0.005609653538565206,0.006038767494518351,0.005544987988788653,0.0066963663930153265,0.005245536750592602,0.0053824950688373075,0.005878264283790899,0.005757886875745314,0.005729036091998848,0.005605342501913438,0.005503867331494842,0.005765514094436905,0.0053251251195483625,0.005122174778711173,0.004993506915566025,0.005071105575297891,0.006255977418126782,0.006318984876883425,0.005795028114591334,0.005424278962539082,0.0057054911995161025,0.005622918266724503
SectionCumProbs: 2_3 0.0061942964321860675,0.005412672325399699,0.005713118418207697,0.00557881304559485,0.005243878659572692,0.005066131302238157,0.005230282313209413,0.005383158305245271,0.005204084475094809,0.005297600808617828,0.006384313663067946,0.005291631680946146,0.005130465233810731,0.005184187382855868,0.005434227508658552,0.005470373892892627,0.0051957940199952495,0.005395759796996598,0.005155004980905425,0.00524951616904039,0.004974604677939032,0.005370888431697926,0.004669515930275283,0.004952054640068234,0.005143398343766044,0.0051397505435222335,0.006564713966034337,0.006293781893380765,0.005628887394396182,0.005891529011950195,0.005372214904513854,0.00575457069370549
