HitRate: 300027/3000000 0.100009
CumReqs: 3000000
CumProbs: 0.09999999999999688
SectionCumProbs: 0_3 0.03333333333333368
SectionCumProbs: 1_3 0.03333333333333368
SectionCumProbs: 2_3 0.03333333333333368
