HitRate: 1680110/3000000 0.560037
CumReqs: 3000000
CumProbs: 0.44109375000002704
SectionCumProbs: 0_3 0.14229166666666473
SectionCumProbs: 1_3 0.1459895833333318
SectionCumProbs: 2_3 0.15281249999999819
