HitRate: 1059230/3000000 0.353077
CumReqs: 187886,186589,187925,187316,187260,187857,187635,187521,187854,187237,187188,187603,187600,186986,187881,187662
CumProbs: 0.04743055555555548,0.04729166666666661,0.04694444444444438,0.044374999999999956,0.047499999999999945,0.046874999999999924,0.04743055555555544,0.04805555555555548,0.04749999999999995,0.04576388888888888,0.04958333333333328,0.04798611111111109,0.046597222222222186,0.04513888888888884,0.04465277777777777,0.04645833333333324
SectionCumProbs: 0_3 0.01569444444444446,0.01583333333333333,0.015208333333333336,0.01347222222222223,0.015416666666666672,0.015000000000000003,0.015208333333333341,0.015277777777777786,0.016111111111111118,0.015972222222222228,0.016874999999999998,0.016180555555555556,0.015138888888888894,0.014791666666666668,0.014513888888888896,0.014930555555555567
SectionCumProbs: 1_3 0.014722222222222232,0.0157638888888889,0.015763888888888897,0.01465277777777778,0.016875000000000005,0.015694444444444445,0.014930555555555561,0.015694444444444452,0.015138888888888896,0.014236111111111123,0.016111111111111118,0.015277777777777786,0.015625000000000003,0.014861111111111117,0.015000000000000005,0.01597222222222224
SectionCumProbs: 2_3 0.017013888888888894,0.01569444444444445,0.01597222222222223,0.016250000000000007,0.015208333333333338,0.016180555555555556,0.017291666666666664,0.017083333333333343,0.01625000000000001,0.015555555555555564,0.01659722222222223,0.01652777777777778,0.015833333333333345,0.01548611111111112,0.015138888888888894,0.015555555555555562
