HitRate: 3480156/30000000 0.116005
CumReqs: 936860,937017,937882,938090,937266,937209,936756,939594,935782,937366,937838,937684,938272,937179,937794,935876,937772,938137,936749,936669,937188,936577,938930,938923,938467,936721,938507,937065,937504,937388,938399,936539
CumProbs: 0.0026296874999999563,0.00264270833333329,0.0026218749999999584,0.0026088541666666274,0.002549479166666623,0.002585937499999957,0.002627083333333289,0.00260520833333329,0.0026249999999999538,0.002616666666666626,0.0026614583333332883,0.0025994791666666215,0.0025958333333332907,0.0026213541666666273,0.002627083333333288,0.0026359374999999534,0.002643749999999955,0.002607291666666624,0.002604687499999963,0.002636979166666621,0.0026359374999999547,0.002657291666666621,0.002619270833333294,0.0026249999999999546,0.002644791666666622,0.002616666666666625,0.0026046874999999573,0.0026265624999999558,0.0026666666666666163,0.002608854166666624,0.002621354166666624,0.0026682291666666213
SectionCumProbs: 0_3 0.0008604166666666778,0.0008796875000000113,0.0008682291666666782,0.0008635416666666775,0.0008567708333333431,0.0008687500000000117,0.0008687500000000114,0.0008723958333333452,0.0008583333333333434,0.000866666666666678,0.0008796875000000119,0.0008583333333333445,0.0008645833333333446,0.0008692708333333444,0.0008958333333333443,0.0008885416666666776,0.000885937500000011,0.0008744791666666777,0.0008656250000000098,0.0008619791666666779,0.0008708333333333451,0.0008671875000000112,0.0008557291666666776,0.0008687500000000112,0.0008796875000000108,0.0008619791666666777,0.0008572916666666777,0.0008619791666666776,0.0008854166666666776,0.0008885416666666777,0.0008661458333333448,0.0008776041666666768
SectionCumProbs: 1_3 0.0008697916666666773,0.0008833333333333438,0.0008656250000000104,0.0008546875000000108,0.0008302083333333441,0.0008578125000000097,0.0008822916666666776,0.0008552083333333454,0.0008791666666666779,0.0008729166666666775,0.0008739583333333451,0.0008776041666666779,0.000851041666666678,0.0008760416666666781,0.0008713541666666786,0.0008817708333333427,0.0008843750000000106,0.0008734375000000108,0.0008692708333333448,0.0008791666666666785,0.0008802083333333435,0.000884375000000011,0.0008760416666666777,0.0008619791666666777,0.000886979166666678,0.0008734375000000118,0.000877604166666678,0.0008838541666666771,0.0008958333333333444,0.0008614583333333447,0.0008640625000000109,0.0008958333333333441
SectionCumProbs: 2_3 0.0008994791666666771,0.0008796875000000114,0.0008880208333333433,0.0008906250000000113,0.0008625000000000099,0.0008593750000000111,0.0008760416666666778,0.000877604166666677,0.0008875000000000112,0.0008770833333333446,0.0009078125000000116,0.0008635416666666787,0.0008802083333333448,0.0008760416666666788,0.000859895833333345,0.0008656250000000106,0.0008734375000000114,0.0008593750000000119,0.0008697916666666783,0.0008958333333333443,0.0008848958333333435,0.0009057291666666788,0.0008875000000000098,0.0008942708333333447,0.0008781250000000118,0.0008812500000000117,0.0008697916666666774,0.0008807291666666772,0.000885416666666678,0.0008588541666666771,0.0008911458333333445,0.0008947916666666784
