HitRate: 301999/3000000 0.100666
CumReqs: 3000000
CumProbs: 0.10120096050178055
SectionCumProbs: 0_3 0.033730209647343856
SectionCumProbs: 1_3 0.033263956354159206
SectionCumProbs: 2_3 0.03420679450027745
