HitRate: 1897387/3000000 0.632462
CumReqs: 3000000
CumProbs: 0.6383858999876016
SectionCumProbs: 0_3 0.4951648187573569
SectionCumProbs: 1_3 0.08240704574025465
SectionCumProbs: 2_3 0.060814035489990356
