HitRate: 2962299/3000000 0.987433
CumReqs: 97249,95803,94284,90689,91427,89911,97907,87206,90769,99244,89112,89504,95961,100954,93569,98480,93178,96077,90296,96286,95752,97804,92634,95719,88953,91502,96412,90235,89075,96379,96841,90788
CumProbs: 0.029556612831381314,0.030041813973167665,0.02910112244091053,0.028275476299086166,0.028900965800468213,0.02906292290350475,0.03099702579742126,0.028519193815517506,0.02889292379259334,0.030193048399037605,0.02910067566269528,0.02794910481282928,0.03001299677828267,0.030758222841357916,0.030545109632672682,0.030949667306602296,0.02895390901897818,0.029788937503323235,0.028829704675132226,0.03117171607959287,0.03015596580716996,0.03038739692268129,0.029161660889080065,0.030546449967318503,0.028816301328674108,0.028790164803080567,0.029670317887168264,0.0283565665451582,0.0285216510957015,0.030476752565735954,0.029844561391124756,0.029048626000615956
SectionCumProbs: 0_3 0.01245036852501089,0.012335099745470495,0.01206971348559835,0.011530898957979202,0.011539611133177004,0.012187886323538037,0.012841076074267094,0.012095626622084223,0.012973099036880245,0.012439869236951994,0.01174870333792476,0.011401556664657685,0.01156999205181557,0.012659460729758631,0.012464665427899623,0.012609644958755691,0.012089371727070366,0.012236361759895157,0.011727928150914536,0.012472037268451633,0.013075411248177739,0.012363023383925047,0.011712737691595285,0.012624612028967346,0.011545642639083213,0.012849564860357267,0.011774839863518224,0.011885194082690634,0.012406807649021773,0.01269542637608808,0.011999122527585246,0.012630643534873528
SectionCumProbs: 1_3 0.00969419371499213,0.009496717743841494,0.009261265624392645,0.009232895207722825,0.009281370644079929,0.009447125361946205,0.00988653173666714,0.009763220949251793,0.008615894492430892,0.010131812976851971,0.00949939841313314,0.00893645786188923,0.009709384174311423,0.009459188373758557,0.009190898055487163,0.00940356448595707,0.00931822984683995,0.00918441977136573,0.009488675735966588,0.010257804433558953,0.009277126251034822,0.009761880614605974,0.009017994886176552,0.01034157534892262,0.009661355516169584,0.00837240036510712,0.009582275772066256,0.009129019272671861,0.008732280217509474,0.00976768873140453,0.009774613793741272,0.008810913183397518
SectionCumProbs: 2_3 0.007412050591377946,0.008209996483855425,0.007770143330919196,0.0075116821333838036,0.008079984023210978,0.007427911218020127,0.008269417986486729,0.006660346244181228,0.007303930263281893,0.007621366185233315,0.007852573911637052,0.007611090286282036,0.008733620552155319,0.008639573737840358,0.008889546149285582,0.008936457861889225,0.007546307445067459,0.008368155972062046,0.007613100788250761,0.00844187437758207,0.007803428307957031,0.008262492924149987,0.00843092831130789,0.007580262589428197,0.007609303173420945,0.007568199577615827,0.008313202251583477,0.007342353189795368,0.007382563229169923,0.00801363745824295,0.008070825069797883,0.007607069282344576
