HitRate: 1648137/3000000 0.549379
CumReqs: 94046,94488,94289,93446,92585,94731,93845,93436,93952,91928,95053,94023,93171,92116,94334,95206,95294,93367,93948,93066,93365,93279,93970,92541,92399,93975,94264,94502,92762,93883,94736,94000
CumProbs: 0.003156024022551783,0.0032349579285611513,0.003202318591899049,0.0031926600126827133,0.0032066482998236146,0.003132377156194547,0.0031383721363977897,0.00318899641366962,0.0032662650474003098,0.003132377156194547,0.0032352909830168867,0.0031716775819713625,0.003134375482928961,0.003084750369024338,0.003220636586964515,0.003153692641361633,0.003356189750448957,0.003218305205774365,0.003204983027544935,0.0031520273690829547,0.0031163905423192305,0.0031943252849613926,0.00310939639874878,0.0030970733838865585,0.0031506951512600113,0.003124383849256889,0.0031836675423778486,0.0032506114879807305,0.003231627384003795,0.003242618181043073,0.0032186382602301003,0.00320298470081052
SectionCumProbs: 0_3 0.0010844253078755388,0.0011450412188194418,0.0010141508177152997,0.001106406901954097,0.0010417943375413655,0.0010381307385282723,0.0010621106593412448,0.0011550328524915139,0.0010641089860756595,0.0011117357732458688,0.0010134847088038282,0.0010427935009085726,0.0009945006048268916,0.001060778441518302,0.0011623600505176997,0.0011030763573967397,0.0011650244861635857,0.0010874227979771605,0.0010221441246529572,0.0010814278177739172,0.0010597792781510949,0.0010820939266853887,0.001035799357338122,0.0011743500109241863,0.001131719040590013,0.0011220604613736763,0.000985175080066291,0.0010168152533611855,0.0010977474861049682,0.0010281391048562005,0.0010641089860756593,0.0011207282435507335
SectionCumProbs: 1_3 0.0010487884811118157,0.0010161491444497142,0.0010824269811411246,0.0010624437137969807,0.001136381802970313,0.0010681056395444879,0.0009911700602695344,0.0009885056246236484,0.0010910863969902536,0.0010038261295874922,0.0011403784564391415,0.0010704370207346382,0.0010797625454952388,0.0010071566741448493,0.001044791827642987,0.0010547834613150587,0.0010634428771641878,0.001080761708862446,0.0010937508326361394,0.0010001625305743988,0.0010224771791086929,0.0010760989464821456,0.001019812743462807,0.0010054914018661706,0.001053451243492116,0.0009994964216629276,0.001076432000937881,0.0011343834762358985,0.00104845542665608,0.001083093090052596,0.001111402718790133,0.0010780972732165601
SectionCumProbs: 2_3 0.0010228102335644287,0.0010737675652919957,0.0011057407930426255,0.0010238093969316359,0.0010284721593119361,0.001026140778121786,0.0010850914167870103,0.0010454579365544584,0.0011110696643343975,0.0010168152533611857,0.0010814278177739174,0.0010584470603281519,0.0010601123326068305,0.0010168152533611857,0.0010134847088038284,0.0009958328226498346,0.001127722387121184,0.0010501206989347585,0.0010890880702558391,0.0010704370207346382,0.0010341340850594436,0.0010361324117938578,0.0010537842979478518,0.0009172319710962022,0.0009655248671778829,0.0010028269662202848,0.0011220604613736765,0.0010994127583836468,0.001085424471242746,0.0011313859861342768,0.0010431265553643083,0.0010041591840432278
