HitRate: 133316/30000000 0.004444
CumReqs: 938010,937265,939111,937820,938149,936791,937289,937192,937280,937205,935683,937888,935856,936611,936986,937359,938659,936315,938565,937926,937395,936833,938901,937842,937748,939071,937708,937158,936660,937777,938092,936855
CumProbs: 0.0004202334697556065,0.0004125759502825933,0.0004201425216891245,0.0004391840572363679,0.0004271706811497222,0.0004062810155271951,0.0004104560784349751,0.00041448497860507004,0.00042802279437228336,0.00041454565549878817,0.00041873847442746995,0.0004177402614010544,0.0004213996944097624,0.0004146583743305692,0.0004209059437825954,0.00041815271453922085,0.0004154249561363881,0.00039570209676342236,0.000418406461576122,0.0004096883008863653,0.00043774406607662134,0.00041828704354652553,0.0004152434940298465,0.000415009262990986,0.00041580890024906213,0.00042314560692253213,0.0004287330807811087,0.0004106811884085893,0.00041279546348550316,0.0003993712302626499,0.000418826360437548,0.00041364781976286003
SectionCumProbs: 0_3 0.0001447786816808889,0.00013732215116311853,0.00014500781290929769,0.00015387968839647312,0.0001421063853443208,0.00013672607446683167,0.00013782525722979988,0.00014282889610730637,0.00013924482093602127,0.00013887459422839716,0.0001503979414644399,0.00013889144313407767,0.00014721018015883975,0.00014065197582685367,0.000137543847518928,0.00013740348988462917,0.00013894999112819842,0.00013595134598508207,0.00013752689227677434,0.00013146967596253283,0.00014862924256454446,0.00014212448858635918,0.00013732239638804668,0.00013301413945205335,0.00014356933650176183,0.00014563264168587314,0.00014382813560620853,0.00014285002668363444,0.00014030734582743426,0.00013365095603838897,0.0001452675950835889,0.00012957456469725966
SectionCumProbs: 1_3 0.00013552967195559212,0.00014294215313185012,0.00013918839533110143,0.00014262652911817587,0.00014615687181848615,0.0001377263664798058,0.00013197857628194048,0.00013620444632261514,0.0001456467475445701,0.0001405453073233874,0.00013604835740067123,0.0001405773905564606,0.0001349464077192663,0.00013867914996068873,0.00014200920031816303,0.0001320725430021832,0.00014176458736730126,0.00012832784116271792,0.0001402782530364049,0.00014165525394160735,0.00014284537392039652,0.00013975743001120022,0.00014179903387423926,0.0001403383005918116,0.00013456005258982145,0.00014293926685614755,0.00014362717269255143,0.0001346543101077665,0.0001453891984362172,0.000137687994203886,0.00013881898025288545,0.00013920592131799932
SectionCumProbs: 2_3 0.00013992511611912514,0.0001323116459876247,0.00013594631344872543,0.00014267783972171904,0.00013890742398691526,0.00013182857458055727,0.0001406522449232349,0.00013545163617514848,0.00014313122589169178,0.00013512575394700348,0.00013229217556235868,0.00013827142771051607,0.00013924310653165657,0.00013532724854302682,0.00014135289594550455,0.00014867668165240833,0.0001347103776408886,0.00013142290961562226,0.0001406013162629427,0.0001365633709822248,0.00014626944959168035,0.00013640512494896633,0.0001361220637675609,0.00014165682294712094,0.0001376795111574788,0.0001345736983805116,0.0001412777724823488,0.00013317685161718865,0.00012709891922185163,0.00012803228002037487,0.00013473978510107366,0.00014486733374760095
