HitRate: 1378154/3000000 0.459385
CumReqs: 3000000
CumProbs: 0.018595085214750073
SectionCumProbs: 0_3 0.006377164890142241
SectionCumProbs: 1_3 0.0060545225690294665
SectionCumProbs: 2_3 0.006163397755577811
