HitRate: 30435/3000000 0.010145
CumReqs: 3000000
CumProbs: 0.034930085883106435
SectionCumProbs: 0_3 0.011645636753359884
SectionCumProbs: 1_3 0.011613789660999468
SectionCumProbs: 2_3 0.01167065946878605
