HitRate: 2179659/3000000 0.726553
CumReqs: 3000000
CumProbs: 0.43810308221928024
SectionCumProbs: 0_3 0.29972543353560166
SectionCumProbs: 1_3 0.08251229974136223
SectionCumProbs: 2_3 0.05586534894231868
