HitRate: 1755731/3000000 0.585244
CumReqs: 3000000
CumProbs: 0.34501046046956324
SectionCumProbs: 0_3 0.2595068574189376
SectionCumProbs: 1_3 0.051803946029349235
SectionCumProbs: 2_3 0.033699657021281346
