HitRate: 303302/3000000 0.101101
CumReqs: 3000000
CumProbs: 0.10711530502441896
SectionCumProbs: 0_3 0.03573313467428123
SectionCumProbs: 1_3 0.035630494164389744
SectionCumProbs: 2_3 0.03575167618574545
