HitRate: 10177575/30000000 0.339253
CumReqs: 3749746,3750777,3751870,3747852,3748955,3751078,3749720,3750002
CumProbs: 0.09797291666665688,0.09758958333332358,0.09774999999999022,0.09764166666665691,0.09793124999999021,0.09792083333332355,0.09783124999999024,0.09789166666665687
SectionCumProbs: 0_3 0.031822916666664154,0.03164999999999749,0.031731249999997505,0.031649999999997507,0.031877083333330815,0.03162708333333084,0.03164166666666417,0.031693749999997495
SectionCumProbs: 1_3 0.03258541666666408,0.0325499999999974,0.03239791666666408,0.03249791666666407,0.03239166666666408,0.03249374999999741,0.03248333333333075,0.032591666666664056
SectionCumProbs: 2_3 0.033564583333330636,0.03338958333333065,0.03362083333333061,0.03349374999999732,0.033662499999997285,0.03379999999999729,0.0337062499999973,0.0336062499999973
