HitRate: 18829704/30000000 0.627657
CumReqs: 30000000
CumProbs: 0.6270973301852167
SectionCumProbs: 0_3 0.2188165075291136
SectionCumProbs: 1_3 0.2097015154946071
SectionCumProbs: 2_3 0.19857930716148717
