HitRate: 12290/3000000 0.004097
CumReqs: 93604,93176,93786,93582,94535,93963,93562,93818,93954,93938,93916,93255,94068,94258,93568,94076,93429,93621,93536,93603,93422,94515,93713,93270,93808,94596,93947,93256,93442,93555,93501,93727
CumProbs: 0.00020138888888888892,0.0002673611111111111,0.00023958333333333335,0.00021180555555555558,0.00025,0.00018749999999999998,0.0002256944444444445,0.00023263888888888894,0.00021180555555555552,0.00024999999999999995,0.00023263888888888894,0.0002465277777777778,0.0002118055555555556,0.0002465277777777778,0.00025694444444444446,0.00027430555555555563,0.0002812500000000001,0.0002152777777777778,0.0002291666666666667,0.00020138888888888892,0.0001909722222222222,0.0002638888888888889,0.00025694444444444446,0.00023611111111111112,0.0002395833333333333,0.00019444444444444446,0.00026388888888888886,0.00025,0.0002604166666666666,0.00025,0.00023263888888888884,0.00027083333333333327
SectionCumProbs: 0_3 5.208333333333332e-05,0.00011805555555555556,9.722222222222223e-05,6.944444444444444e-05,5.902777777777778e-05,5.208333333333332e-05,8.333333333333333e-05,5.902777777777777e-05,7.291666666666667e-05,8.333333333333332e-05,6.25e-05,9.722222222222224e-05,5.555555555555555e-05,7.638888888888889e-05,0.00010069444444444443,0.00010763888888888889,0.00011458333333333333,6.59722222222222e-05,5.5555555555555545e-05,7.638888888888889e-05,7.291666666666666e-05,7.63888888888889e-05,9.375000000000002e-05,7.638888888888889e-05,6.249999999999999e-05,5.5555555555555545e-05,8.680555555555556e-05,0.00010069444444444446,7.986111111111112e-05,9.027777777777777e-05,7.986111111111112e-05,9.722222222222223e-05
SectionCumProbs: 1_3 6.25e-05,7.98611111111111e-05,6.249999999999999e-05,6.944444444444443e-05,8.680555555555556e-05,7.98611111111111e-05,6.944444444444444e-05,9.722222222222222e-05,7.638888888888889e-05,8.680555555555555e-05,7.638888888888889e-05,9.027777777777779e-05,7.986111111111112e-05,8.680555555555555e-05,6.597222222222223e-05,8.333333333333333e-05,8.333333333333334e-05,8.333333333333333e-05,0.00010069444444444443,7.638888888888889e-05,5.208333333333332e-05,9.722222222222223e-05,8.333333333333333e-05,9.374999999999999e-05,9.027777777777776e-05,5.5555555555555545e-05,7.291666666666667e-05,6.597222222222223e-05,9.027777777777779e-05,8.333333333333332e-05,8.333333333333334e-05,7.638888888888889e-05
SectionCumProbs: 2_3 8.680555555555556e-05,6.944444444444443e-05,7.986111111111112e-05,7.291666666666666e-05,0.00010416666666666667,5.5555555555555545e-05,7.291666666666666e-05,7.638888888888889e-05,6.25e-05,7.98611111111111e-05,9.375e-05,5.9027777777777766e-05,7.638888888888889e-05,8.333333333333333e-05,9.027777777777779e-05,8.333333333333334e-05,8.333333333333333e-05,6.597222222222223e-05,7.291666666666666e-05,4.86111111111111e-05,6.597222222222222e-05,9.027777777777779e-05,7.98611111111111e-05,6.59722222222222e-05,8.680555555555556e-05,8.333333333333333e-05,0.00010416666666666667,8.333333333333333e-05,9.027777777777777e-05,7.638888888888889e-05,6.944444444444444e-05,9.722222222222222e-05
