HitRate: 1745311/3000000 0.581770
CumReqs: 374939,374793,375684,375130,374831,374857,374383,375383
CumProbs: 0.05315277777777885,0.05206944444444548,0.05161111111111211,0.05276388888888995,0.052902777777778846,0.05254166666666771,0.05312500000000104,0.05269444444444539
SectionCumProbs: 0_3 0.01684722222222227,0.016486111111111184,0.016569444444444498,0.01622222222222227,0.016375000000000067,0.016611111111111167,0.01691666666666672,0.016638888888888967
SectionCumProbs: 1_3 0.017972222222222282,0.017208333333333395,0.0169444444444445,0.017569444444444478,0.018000000000000044,0.0178333333333334,0.017166666666666705,0.017138888888888953
SectionCumProbs: 2_3 0.018333333333333385,0.01837500000000007,0.018097222222222268,0.01897222222222229,0.018527777777777834,0.018097222222222265,0.019041666666666738,0.01891666666666673
