HitRate: 2962535/3000000 0.987512
CumReqs: 3000000
CumProbs: 0.9812434338220996
SectionCumProbs: 0_3 0.608248766734168
SectionCumProbs: 1_3 0.1997737194069895
SectionCumProbs: 2_3 0.17322094768091234
