HitRate: 101373/3000000 0.033791
CumReqs: 375662,374798,373703,374607,375833,375946,374762,374689
CumProbs: 0.013106303611091115,0.012801002029122308,0.012087742874741026,0.0127493407352302,0.01248203520167236,0.01247070304688312,0.012021749738027245,0.012497700239175126
SectionCumProbs: 0_3 0.004861494404581924,0.0041912307786656855,0.004038246689011009,0.004316884377358088,0.004251891136655121,0.004422873354504465,0.004081908814816592,0.004184231506589981
SectionCumProbs: 1_3 0.004183898207919709,0.004403542031628711,0.004008249808686563,0.004205895920157637,0.0041285706286546195,0.003997917549908143,0.003966254176232339,0.004332216116190584
SectionCumProbs: 2_3 0.004060910998589479,0.004206229218827909,0.004041246377043455,0.004226560437714477,0.004101573436362619,0.004049912142470516,0.003973586746978315,0.003981252616394562
