HitRate: 2335664/3000000 0.778555
CumReqs: 186141,187032,186602,187798,186490,186357,188238,191295,192422,187687,184834,185857,187662,188381,186641,186563
CumProbs: 0.060507601623280026,0.05742955015619046,0.05686685993323981,0.058331114514589326,0.05845744626175738,0.05895846271837403,0.05646100676123536,0.06231338297518891,0.05708769180624222,0.0556602425370598,0.0564968173352357,0.05960404778854786,0.05855393586392512,0.05837156720003422,0.05906655759915298,0.05953607401382488
SectionCumProbs: 0_3 0.020792017159896533,0.020072489885999696,0.019012762159099098,0.021171675560178512,0.018717988082373602,0.019616568226272422,0.018350266540091767,0.020544990515171575,0.019312178347269063,0.018282955924146575,0.018928540994320377,0.020909396263564497,0.019464373286770736,0.019664647237661842,0.020925643653620235,0.01897297263243198
SectionCumProbs: 1_3 0.019286646734324328,0.017910923849809128,0.01958440502554986,0.018572093151260884,0.02091934364523128,0.021634891966461407,0.018224597951701484,0.02075753290345171,0.02034935867572497,0.018541256268093873,0.018890740943986618,0.019294273060268867,0.019977658180776414,0.020142784716444918,0.02042529035578137,0.019981968712832022
SectionCumProbs: 2_3 0.020428937729059186,0.019446136420381652,0.01826969274859087,0.01858734580314994,0.018820114534152506,0.017707002525640208,0.019886142269442072,0.021010859556565613,0.017426154783248212,0.018836030344819347,0.018677535396928704,0.01940037846471448,0.019111904396377957,0.01856413524592745,0.017715623589751414,0.020581132668560865
