HitRate: 30217/3000000 0.010072
CumReqs: 3000000
CumProbs: 0.010311831408322586
SectionCumProbs: 0_3 0.0034260558228116846
SectionCumProbs: 1_3 0.0035020496673102814
SectionCumProbs: 2_3 0.003383725918200626
