HitRate: 28519725/30000000 0.950658
CumReqs: 30000000
CumProbs: 0.8494247396049275
SectionCumProbs: 0_3 0.24256475694338225
SectionCumProbs: 1_3 0.27017543402640026
SectionCumProbs: 2_3 0.336684548612224
