HitRate: 2163860/3000000 0.721287
CumReqs: 3000000
CumProbs: 0.4283307961723992
SectionCumProbs: 0_3 0.28641900166316403
SectionCumProbs: 1_3 0.07239280965711457
SectionCumProbs: 2_3 0.0695189848521192
