HitRate: 1679155/3000000 0.559718
CumReqs: 3000000
CumProbs: 0.44197916666666154
SectionCumProbs: 0_3 0.14395833333333347
SectionCumProbs: 1_3 0.1446874999999998
SectionCumProbs: 2_3 0.15333333333333313
