HitRate: 1744250/3000000 0.581417
CumReqs: 3000000
CumProbs: 0.41864843749946545
SectionCumProbs: 0_3 0.13271961805558236
SectionCumProbs: 1_3 0.13852430555557355
SectionCumProbs: 2_3 0.14740451388889628
