HitRate: 366933/30000000 0.012231
CumReqs: 30000000
CumProbs: 0.007778819444443295
SectionCumProbs: 0_3 0.0025689236111111446
SectionCumProbs: 1_3 0.002603559027777809
SectionCumProbs: 2_3 0.002606336805555597
