HitRate: 29879/3000000 0.009960
CumReqs: 93626,93999,93474,94032,93675,93487,93714,93778,93218,93992,93336,94012,94378,93500,93746,92982,93889,93870,93777,94062,93544,94006,94183,93864,93422,93472,93582,93947,93829,93663,93960,93981
CumProbs: 0.0003124999999999999,0.0003124999999999999,0.0003124999999999999,0.0003124999999999999,0.0003124999999999999,0.0003124999999999999,0.0003124999999999999,0.0003124999999999999,0.0003124999999999999,0.0003124999999999999,0.0003124999999999999,0.0003124999999999999,0.0003124999999999999,0.0003124999999999999,0.0003124999999999999,0.0003124999999999999,0.0003124999999999999,0.0003124999999999999,0.0003124999999999999,0.0003124999999999999,0.0003124999999999999,0.0003124999999999999,0.0003124999999999999,0.0003124999999999999,0.0003124999999999999,0.0003124999999999999,0.0003124999999999999,0.0003124999999999999,0.0003124999999999999,0.0003124999999999999,0.0003124999999999999,0.0003124999999999999
SectionCumProbs: 0_3 0.00010416666666666669,0.00010416666666666669,0.00010416666666666669,0.00010416666666666669,0.00010416666666666669,0.00010416666666666669,0.00010416666666666669,0.00010416666666666669,0.00010416666666666669,0.00010416666666666669,0.00010416666666666669,0.00010416666666666669,0.00010416666666666669,0.00010416666666666669,0.00010416666666666669,0.00010416666666666669,0.00010416666666666669,0.00010416666666666669,0.00010416666666666669,0.00010416666666666669,0.00010416666666666669,0.00010416666666666669,0.00010416666666666669,0.00010416666666666669,0.00010416666666666669,0.00010416666666666669,0.00010416666666666669,0.00010416666666666669,0.00010416666666666669,0.00010416666666666669,0.00010416666666666669,0.00010416666666666669
SectionCumProbs: 1_3 0.00010416666666666669,0.00010416666666666669,0.00010416666666666669,0.00010416666666666669,0.00010416666666666669,0.00010416666666666669,0.00010416666666666669,0.00010416666666666669,0.00010416666666666669,0.00010416666666666669,0.00010416666666666669,0.00010416666666666669,0.00010416666666666669,0.00010416666666666669,0.00010416666666666669,0.00010416666666666669,0.00010416666666666669,0.00010416666666666669,0.00010416666666666669,0.00010416666666666669,0.00010416666666666669,0.00010416666666666669,0.00010416666666666669,0.00010416666666666669,0.00010416666666666669,0.00010416666666666669,0.00010416666666666669,0.00010416666666666669,0.00010416666666666669,0.00010416666666666669,0.00010416666666666669,0.00010416666666666669
SectionCumProbs: 2_3 0.00010416666666666669,0.00010416666666666669,0.00010416666666666669,0.00010416666666666669,0.00010416666666666669,0.00010416666666666669,0.00010416666666666669,0.00010416666666666669,0.00010416666666666669,0.00010416666666666669,0.00010416666666666669,0.00010416666666666669,0.00010416666666666669,0.00010416666666666669,0.00010416666666666669,0.00010416666666666669,0.00010416666666666669,0.00010416666666666669,0.00010416666666666669,0.00010416666666666669,0.00010416666666666669,0.00010416666666666669,0.00010416666666666669,0.00010416666666666669,0.00010416666666666669,0.00010416666666666669,0.00010416666666666669,0.00010416666666666669,0.00010416666666666669,0.00010416666666666669,0.00010416666666666669,0.00010416666666666669
