HitRate: 2159375/3000000 0.719792
CumReqs: 190397,186371,185290,179685,193104,196020,191358,185868,181897,187573,191641,184873,186655,181540,188753,188975
CumProbs: 0.009544027123104957,0.009399430701335759,0.008952707352429572,0.008488738558725215,0.008776604829586823,0.009055185091710946,0.0093755523931537,0.009008423404854402,0.008504989074015796,0.008855535903855318,0.00907110396383233,0.009422314080010251,0.009009749977531187,0.009156336258315547,0.009454483467422201,0.008751399948727968
SectionCumProbs: 0_3 0.00395583972216262,0.003488222853597118,0.00329586981546379,0.003110481283883569,0.003148951891510234,0.003823514097653659,0.004028137933047215,0.0031841060674449454,0.0031671922658159804,0.002980477161558977,0.0028474882507116234,0.004185668438415025,0.0037873649922113605,0.0036547077245332044,0.003039509645675753,0.0032176020275336797
SectionCumProbs: 1_3 0.003163875834124028,0.003369162955855975,0.0032796193001732167,0.002734397930015995,0.003043489363706097,0.002986778381773688,0.0023042567395695733,0.0031287216581893165,0.0027582762381980633,0.0028700399862169115,0.0034222258629272363,0.0028773361359392094,0.0024385722230937075,0.002961241857745644,0.0028033797092086358,0.002905857448490013
SectionCumProbs: 2_3 0.0024243115668183056,0.0025420448918826674,0.0023772182367925603,0.002643859344825654,0.0025841635743704848,0.002244892612283598,0.0030431577205369048,0.002695595679220135,0.0025795205700017486,0.003005018756079434,0.0028013898501934656,0.00235930950565601,0.0027838127622261087,0.0025403866760366923,0.0036115941125378034,0.002627940472704275
