HitRate: 2808840/3000000 0.936280
CumReqs: 188407,187225,187928,187915,186820,187378,187787,187137,186919,187236,187036,187260,188049,188635,187252,187016
CumProbs: 0.05437500000000006,0.054166666666666724,0.05416666666666671,0.05395833333333336,0.054270833333333386,0.053958333333333386,0.05385416666666672,0.05375000000000005,0.05406250000000004,0.053854166666666675,0.05458333333333337,0.05406250000000001,0.05427083333333337,0.05395833333333337,0.053958333333333344,0.053958333333333365
SectionCumProbs: 0_3 0.015312500000000008,0.01645833333333334,0.01604166666666667,0.01708333333333334,0.015937500000000007,0.015625,0.015625000000000003,0.0165625,0.015937500000000004,0.016250000000000004,0.015520833333333338,0.016562500000000008,0.01739583333333335,0.015729166666666673,0.015937500000000004,0.016354166666666666
SectionCumProbs: 1_3 0.017395833333333336,0.016770833333333332,0.017083333333333332,0.01697916666666668,0.017812500000000005,0.018437500000000006,0.016979166666666674,0.017708333333333343,0.01750000000000001,0.01604166666666667,0.018125000000000002,0.0171875,0.01697916666666667,0.017291666666666677,0.01770833333333334,0.016875000000000008
SectionCumProbs: 2_3 0.021666666666666685,0.020937500000000015,0.02104166666666668,0.019895833333333352,0.020520833333333342,0.019895833333333345,0.02125000000000002,0.019479166666666672,0.02062500000000001,0.021562500000000012,0.020937500000000008,0.020312500000000018,0.01989583333333334,0.020937500000000008,0.020312500000000004,0.020729166666666677
