HitRate: 3481335/30000000 0.116044
CumReqs: 30000000
CumProbs: 0.08400338541664473
SectionCumProbs: 0_3 0.027841276041733018
SectionCumProbs: 1_3 0.028037630208398962
SectionCumProbs: 2_3 0.028124479166732854
