HitRate: 1512914/3000000 0.504305
CumReqs: 3000000
CumProbs: 0.5945795158580328
SectionCumProbs: 0_3 0.20837922392255775
SectionCumProbs: 1_3 0.1990861239674658
SectionCumProbs: 2_3 0.18711416796896252
