HitRate: 133597/30000000 0.004453
CumReqs: 1877177,1875525,1873401,1871555,1874203,1876201,1875955,1875544,1876584,1875028,1874301,1876461,1874166,1874802,1873988,1875109
CumProbs: 0.000831453457922559,0.0008423042234385142,0.0008027038546217192,0.0008595537510454834,0.0008309777838121931,0.0008257548737470939,0.000829255155689745,0.0007940195078572944,0.0008136041771196084,0.0007916668663113248,0.0008310637381360895,0.0008258619130086522,0.0008348273430857473,0.0008204129540091381,0.0008285080596646569,0.000845437780242645
SectionCumProbs: 0_3 0.0002688648734116517,0.0002971899307547975,0.00027038758090860564,0.00029016927150897866,0.00027777552084502793,0.00027293867607534964,0.0002833097484088354,0.0002539602530239918,0.00026859773966457333,0.00027174708630057397,0.00028945557805290235,0.000273022720688959,0.0002924762275765944,0.00027569414496475645,0.0002678453919361976,0.000287357960954694
SectionCumProbs: 1_3 0.0002844128578338363,0.0002760004711752148,0.0002787845336359114,0.0002850679318646181,0.00027369039012713046,0.00029185715158471355,0.0002712064212769572,0.0002659185463401106,0.00026877972637437696,0.0002566937515646024,0.0002645627822442033,0.00027954174244501656,0.0002585173860002045,0.00027280985743602295,0.0002789294112026477,0.0002733492811479533
SectionCumProbs: 2_3 0.00027817572667707124,0.0002691138215085018,0.00025353174007720154,0.00028431654767188696,0.0002795118728400352,0.0002609590460870301,0.0002747389860039527,0.0002741407084931922,0.000276226711080658,0.0002632260284461484,0.00027704537783898364,0.000273297449874677,0.0002838337295089488,0.00027190895160835864,0.00028173325652581225,0.00028473053813999835
