HitRate: 2332334/3000000 0.777445
CumReqs: 188886,188628,187683,189494,187377,184972,186495,184183,188295,187342,187217,186633,185402,187840,188340,191213
CumProbs: 0.08485744444250355,0.08627596644833356,0.08620460395871807,0.08726631351646504,0.0877542994616477,0.08325153172652992,0.08490288027222405,0.08433044015767427,0.08541268568365751,0.08578207641228365,0.08527663489410052,0.08494959959995872,0.08517061795808722,0.08681067172125172,0.08667641782891623,0.08783978042942635
SectionCumProbs: 0_3 0.03757491777911785,0.03732437896665141,0.03813041571987379,0.038472339590985886,0.0390206499428594,0.035755430993500134,0.03674013067036659,0.03668699385255872,0.037438866989561156,0.038649975716218296,0.03861455117101298,0.038111419949256375,0.03748789661372225,0.03850827753539711,0.03971091517515722,0.038866886880700294
SectionCumProbs: 1_3 0.02510342427002376,0.026831525996996165,0.025943858770039747,0.02590817752523143,0.025816792466585844,0.023570414241283602,0.025328036422593753,0.024688854411280443,0.025704101340896495,0.024532781052694658,0.024224228129964387,0.024866233836909907,0.02599699558784768,0.02554828468191372,0.024772281782234857,0.02628449914313715
SectionCumProbs: 2_3 0.022179102393364732,0.022120061484689278,0.02213032946880664,0.022885796400250572,0.02291685705220598,0.023925686491748626,0.022834713179265907,0.022954591893837573,0.02226971735320147,0.022599319643372678,0.022437855593125222,0.021971945813794504,0.021685725756519638,0.022754109503943933,0.02219322087152624,0.02268839440559196
