HitRate: 19405132/30000000 0.646838
CumReqs: 3160706,3636520,3353731,3406173,4391568,4354006,4356896,3340400
CumProbs: 0.18468987063119202,0.2323322614533676,0.2011026819044886,0.20681995909738551,0.305225100448409,0.30228186076091035,0.30406161088594835,0.20254732121939734
SectionCumProbs: 0_3 0.15293801324966866,0.19803688208351167,0.1678603415967826,0.1721995159207407,0.2729856972590375,0.2651994692786923,0.26896030881427613,0.16839236701876167
SectionCumProbs: 1_3 0.020295179627445134,0.021151902905759745,0.02130653360619487,0.02271211602731909,0.021311856521872525,0.026137146120090125,0.023183127528343398,0.022303648785506936
SectionCumProbs: 2_3 0.01145667775407825,0.013143476464096224,0.0119358067015109,0.01190832714932518,0.010927546667498822,0.010945245362126934,0.011918174543328776,0.011851305415128539
