HitRate: 1387081/3000000 0.462360
CumReqs: 373609,375318,376581,376049,375849,374693,373880,374021
CumProbs: 0.07949567573718358,0.08009290838308197,0.07989921971135139,0.08009477376354834,0.08006399498585745,0.08030649444645183,0.07951992568324205,0.08002233482211475
SectionCumProbs: 0_3 0.02686116781522288,0.02698832458366265,0.0269693598822572,0.02695101697434054,0.026822616618923305,0.027200356163310336,0.026541876858773926,0.02696096567015968
SectionCumProbs: 1_3 0.026549338380638447,0.026917129229206097,0.02652477753783462,0.026881065206861333,0.02698024126830953,0.026768520585406134,0.02679277053146571,0.02715714151584556
SectionCumProbs: 2_3 0.026085169541321587,0.026187454570213327,0.02640508229125933,0.026262691582346304,0.026261137098624505,0.026337617697734992,0.026185278293002778,0.02590422763610898
