HitRate: 13242599/30000000 0.441420
CumReqs: 3162718,3633618,3354619,3407223,4397727,4352434,4354761,3336900
CumProbs: 0.10695366570314567,0.1613472038854306,0.13245660464277173,0.12860700884133203,0.22332321663485025,0.22081506685616453,0.22352098901923312,0.12164338119587223
SectionCumProbs: 0_3 0.08529229035319037,0.13486330192094168,0.10373058241967484,0.09849291377280674,0.17880479955648848,0.18653572006228855,0.19572153741599202,0.09426517077332103
SectionCumProbs: 1_3 0.01623256672593282,0.020457243486901113,0.015024702050770309,0.0214515713122591,0.02769886564839329,0.022233095518762406,0.013901492221636115,0.01356157301902077
SectionCumProbs: 2_3 0.005428808624022467,0.006026658477587914,0.013701320172326602,0.008662523756266166,0.016819551429968656,0.012046251275113617,0.013897959381605006,0.013816637403530542
