HitRate: 3964657/30000000 0.132155
CumReqs: 30000000
CumProbs: 0.13200079713627125
SectionCumProbs: 0_3 0.04423494455583507
SectionCumProbs: 1_3 0.04398786835552064
SectionCumProbs: 2_3 0.04377798422491418
