HitRate: 1343032/3000000 0.447677
CumReqs: 189418,191153,189265,189252,188053,187082,185204,184374,183480,188012,188548,189049,186494,184565,186245,189806
CumProbs: 0.0043111026180011535,0.003996377503967302,0.004606884404157569,0.004329381267707447,0.004735499630272775,0.004482257247069189,0.004793326631161781,0.004330378284964156,0.00395682915278459,0.00481625802806604,0.004138618632590837,0.004916624431907882,0.004276871692187545,0.004709577181598388,0.004438388487774082,0.003953838101014469
SectionCumProbs: 0_3 0.001654051628876943,0.0016786447212090501,0.0017972897747571847,0.0016673451922997035,0.0018421555513090007,0.0016650188187007206,0.0017670469179704052,0.0014931995114615445,0.0014287257288611575,0.0021189940095879822,0.001667012853214135,0.001760732475344594,0.0017481035900929716,0.0018351764305120516,0.001913940793791907,0.0015064930748843047
SectionCumProbs: 1_3 0.0013675753371164604,0.0012090495933000443,0.0012728586977292932,0.0016773153648667746,0.0014473367176530223,0.001620485381234474,0.0015772813001105022,0.0016959263536586381,0.0014868850688357332,0.001208384915128906,0.0011193180401964117,0.0017201871069051748,0.0014094500618981546,0.0015350742362432396,0.001561993702174329,0.0013253682732491962
SectionCumProbs: 2_3 0.0012894756520077434,0.0011086831894582042,0.0015367359316710838,0.0009847207105409645,0.0014460073613107457,0.0011967530471339912,0.0014489984130808663,0.0011412524198439668,0.0010412183550876956,0.001488879103349148,0.0013522877391802853,0.0014357048496581063,0.0011193180401964122,0.0013393265148430946,0.0009624539918078414,0.0011219767528809648
