HitRate: 1745551/3000000 0.581850
CumReqs: 3000000
CumProbs: 0.419583333333333
SectionCumProbs: 0_3 0.13333333333333303
SectionCumProbs: 1_3 0.13277777777777738
SectionCumProbs: 2_3 0.15347222222222198
