HitRate: 1213391/3000000 0.404464
CumReqs: 3000000
CumProbs: 0.011116549185382763
SectionCumProbs: 0_3 0.003798470816476321
SectionCumProbs: 1_3 0.0036875252168020295
SectionCumProbs: 2_3 0.0036305531521044205
