HitRate: 2337176/3000000 0.779059
CumReqs: 3000000
CumProbs: 0.5988489100207002
SectionCumProbs: 0_3 0.45422044883252805
SectionCumProbs: 1_3 0.08174337842979756
SectionCumProbs: 2_3 0.06288508275851151
