HitRate: 2244689/3000000 0.748230
CumReqs: 3000000
CumProbs: 0.21990628513368268
SectionCumProbs: 0_3 0.09566330909004153
SectionCumProbs: 1_3 0.06725167897901578
SectionCumProbs: 2_3 0.05699129706461816
