HitRate: 1883007/3000000 0.627669
CumReqs: 3000000
CumProbs: 0.6240744826085702
SectionCumProbs: 0_3 0.22055362789284247
SectionCumProbs: 1_3 0.20669987449685326
SectionCumProbs: 2_3 0.196820980218875
