HitRate: 2641738/3000000 0.880579
CumReqs: 3000000
CumProbs: 0.4989653117391453
SectionCumProbs: 0_3 0.16739023303528852
SectionCumProbs: 1_3 0.16787438528469978
SectionCumProbs: 2_3 0.16370069341915644
