HitRate: 101071/3000000 0.033690
CumReqs: 374402,374910,375254,375500,375506,374396,375531,374501
CumProbs: 0.012631778073966912,0.01288289494455779,0.012529865922241694,0.012860247799729978,0.012712708312101636,0.01273169194820731,0.012710043942121897,0.012791307226504098
SectionCumProbs: 0_3 0.004217031585440017,0.004311616719720933,0.004151754520936283,0.004241010915257713,0.004207706290510914,0.004249004025196946,0.0042556649501463055,0.004277979048726664
SectionCumProbs: 1_3 0.0042366813140406285,0.004221028140409634,0.00412411168239644,0.004281309511201343,0.004209371521748254,0.004236348267793162,0.004249670117691883,0.004205041920531166
SectionCumProbs: 2_3 0.004178065174486259,0.004350250084427223,0.004253999718908966,0.004337927373270907,0.004295630499842469,0.004246339655217202,0.004204708874283701,0.0043082862572462535
