HitRate: 121049/3000000 0.040350
CumReqs: 374573,374436,375798,374949,374991,376117,374184,374952
CumProbs: 0.009597222222222215,0.009708333333333324,0.009749999999999991,0.009972222222222226,0.009902777777777773,0.01005555555555555,0.00972222222222221,0.010013888888888895
SectionCumProbs: 0_3 0.003541666666666665,0.003263888888888887,0.0033333333333333322,0.00311111111111111,0.003319444444444445,0.0033333333333333335,0.0034583333333333332,0.0035972222222222217
SectionCumProbs: 1_3 0.002930555555555553,0.0033333333333333314,0.0032916666666666654,0.0034166666666666638,0.003152777777777776,0.0034444444444444427,0.003194444444444444,0.0031111111111111096
SectionCumProbs: 2_3 0.0031249999999999984,0.0031111111111111096,0.003124999999999999,0.0034444444444444436,0.0034305555555555547,0.0032777777777777783,0.0030694444444444424,0.003305555555555554
