HitRate: 1712240/3000000 0.570747
CumReqs: 189972,188455,187056,183836,186104,189758,193538,191451,186043,184534,187445,187701,187904,184150,185672,186381
CumProbs: 0.010723214214551958,0.010302122990518142,0.010519310419948831,0.009343044555967937,0.009502780264769407,0.010389794980380083,0.010640523587750361,0.011058625993947982,0.010262272086035449,0.010143051463458052,0.010065342199716784,0.010492743150293693,0.009982319482044515,0.010088588560665027,0.011231645337577012,0.010064013836234037
SectionCumProbs: 0_3 0.00381771664944222,0.004166744154536494,0.004216225694269174,0.003393304516701513,0.0038675302800455884,0.003872511643105926,0.003618130036158053,0.0038037688328732776,0.003647021941908009,0.003515846047985802,0.0033418304317446986,0.0037160968430113464,0.003758604474459553,0.003937601453760996,0.0044002040366309505,0.003841959283002527
SectionCumProbs: 1_3 0.0029021421189522937,0.00375262683878715,0.0032933451646240852,0.0033019795272620053,0.0028380485809092904,0.0032710950762879143,0.0035460663172185124,0.0036941788455458627,0.002962582657417715,0.003757940292718177,0.0034500920555893557,0.003845280191709417,0.003775541108864701,0.0032485128970810555,0.0038110748320284394,0.003450756237330734
SectionCumProbs: 2_3 0.004003355446157444,0.0023827519971944965,0.00300973956105557,0.0026477605120044214,0.002797201403814528,0.003246188260986231,0.003476327234373795,0.0035606783155288334,0.0036526674867097225,0.00286926512275407,0.003273419712382739,0.002931366115572938,0.0024481738987202546,0.002902474209822983,0.0030203664689176244,0.0027712983159007766
