HitRate: 17450737/30000000 0.581691
CumReqs: 30000000
CumProbs: 0.41804687499647625
SectionCumProbs: 0_3 0.13222187500041205
SectionCumProbs: 1_3 0.1384824652781149
SectionCumProbs: 2_3 0.14734253472247605
