HitRate: 11843/3000000 0.003948
CumReqs: 93905,94180,94445,93494,93837,93415,94184,93651,93525,93230,93819,93720,93441,94067,93575,93372,93644,93194,94224,93233,93765,93638,94260,93814,94256,94180,93451,93641,93363,94000,93627,93850
CumProbs: 0.0002656250000000001,0.00025520833333333325,0.00024999999999999995,0.0002604166666666666,0.00025520833333333325,0.0002760416666666666,0.00026041666666666666,0.00025,0.00023437499999999994,0.00023958333333333324,0.00030208333333333335,0.0002552083333333333,0.00020312499999999994,0.0002604166666666666,0.00027604166666666673,0.00023958333333333327,0.00022916666666666658,0.0002760416666666667,0.0002708333333333333,0.0002760416666666667,0.00022395833333333325,0.00028645833333333333,0.0002499999999999999,0.000265625,0.0002604166666666667,0.0002708333333333334,0.00023958333333333324,0.0002760416666666666,0.000265625,0.0002864583333333334,0.00027083333333333327,0.00027083333333333327
SectionCumProbs: 0_3 8.854166666666669e-05,0.00010416666666666669,8.854166666666666e-05,6.770833333333334e-05,9.375000000000002e-05,9.375e-05,7.8125e-05,7.812500000000002e-05,8.854166666666669e-05,8.333333333333332e-05,9.375e-05,7.291666666666669e-05,6.770833333333336e-05,9.895833333333333e-05,7.812499999999999e-05,7.8125e-05,8.333333333333333e-05,9.375e-05,7.812499999999999e-05,9.375000000000002e-05,8.333333333333332e-05,0.00011979166666666667,7.8125e-05,9.374999999999999e-05,7.812500000000003e-05,9.375000000000002e-05,8.854166666666667e-05,9.895833333333334e-05,9.895833333333334e-05,8.333333333333333e-05,0.00010937500000000002,8.333333333333334e-05
SectionCumProbs: 1_3 8.333333333333333e-05,8.333333333333336e-05,8.333333333333334e-05,9.375000000000002e-05,7.812500000000003e-05,9.895833333333334e-05,9.895833333333336e-05,7.812500000000002e-05,7.291666666666667e-05,9.375e-05,9.895833333333334e-05,7.8125e-05,6.770833333333334e-05,7.291666666666667e-05,0.00010416666666666667,9.375000000000002e-05,7.291666666666667e-05,0.00010416666666666666,0.00010937500000000002,6.770833333333336e-05,7.812500000000002e-05,9.375e-05,9.375e-05,7.8125e-05,9.375e-05,9.895833333333333e-05,7.8125e-05,8.854166666666667e-05,7.8125e-05,8.333333333333333e-05,7.291666666666669e-05,9.375e-05
SectionCumProbs: 2_3 9.375000000000002e-05,6.770833333333334e-05,7.8125e-05,9.895833333333334e-05,8.333333333333334e-05,8.333333333333333e-05,8.333333333333333e-05,9.375e-05,7.291666666666669e-05,6.250000000000001e-05,0.000109375,0.00010416666666666667,6.770833333333334e-05,8.854166666666666e-05,9.375000000000002e-05,6.770833333333336e-05,7.291666666666667e-05,7.8125e-05,8.333333333333334e-05,0.00011458333333333334,6.25e-05,7.291666666666667e-05,7.812499999999999e-05,9.375e-05,8.854166666666666e-05,7.812499999999999e-05,7.291666666666666e-05,8.854166666666667e-05,8.854166666666667e-05,0.00011979166666666669,8.854166666666667e-05,9.375000000000002e-05
