HitRate: 1886810/3000000 0.628937
CumReqs: 94634,92434,94335,92591,94204,93930,93460,93513,93383,94618,94461,92335,93698,95082,92908,94878,92693,94120,93674,95208,92961,91667,93973,92525,94290,94631,93060,93970,94872,93700,94992,93200
CumProbs: 0.0061265476196741536,0.0057011660223507945,0.005754416120414563,0.005844198262498819,0.005882278274486271,0.005834291267510214,0.0057590600243154775,0.0057188128571742415,0.005782279543819999,0.005820978742994272,0.0057801123886662515,0.0058027127209840145,0.005603024853244877,0.006045124504611537,0.00580611825051138,0.0059717508229771375,0.005790328977248268,0.005737078879184498,0.0059349091853632616,0.005904259419617246,0.005813858090346223,0.0057321253816901814,0.005800855159423663,0.005633674618990902,0.005929955687868964,0.00579125775802845,0.005855034038267615,0.005915404788979437,0.005749772216513656,0.0059089033235181785,0.0057132401724931505,0.005599309730124164
SectionCumProbs: 0_3 0.002034029908598702,0.002003070549259301,0.0019854237144358434,0.002008333640347,0.0019959498966112387,0.002039602593279791,0.0020030705492593,0.002019788603302573,0.0019495108576021334,0.002024742100796884,0.00196839606679917,0.0019916155863037212,0.001950130044788923,0.002103069279925567,0.0019086445032741248,0.0021043076542991467,0.0019909963991169353,0.0019303160548117062,0.0020978061888378705,0.0020380546253128263,0.0019457957344814062,0.001981089404128327,0.0019727303771066855,0.0019937827414574782,0.0020482712138948263,0.0019111212520212797,0.0020200981968959697,0.002021336571269545,0.002036506657345854,0.0020244325072034867,0.00199594989661124,0.001930006461218313
SectionCumProbs: 1_3 0.0020358874701590667,0.0018287693561784698,0.0019634425693048647,0.0019764455002274145,0.0020033801428526944,0.0019250529637240064,0.0019318640227786756,0.0018414626935076216,0.0019399134562069185,0.00195817947821717,0.0018934744171978182,0.0018838770158026027,0.0018064786174540994,0.0020179310417422136,0.0019411518305804962,0.0019680864732057766,0.001925672150910797,0.0019736591578868694,0.0019296968676249205,0.001972730377106688,0.002011429576280937,0.0019535355743162566,0.0019352695523060087,0.0017984291840258562,0.001954154761503045,0.0019801606233481417,0.0020018321748857255,0.001983256559282083,0.0019018334442194571,0.001965919318052016,0.0019163843431089739,0.0018687069297262959
SectionCumProbs: 2_3 0.002056630240916465,0.0018693261169130855,0.001805549836673917,0.0018594191219244768,0.0018829482350224214,0.0018696357105064789,0.0018241254522775592,0.0018575615603641127,0.001892855230011031,0.0018380571639802885,0.0019182419046693381,0.0019272201188777675,0.0018464161910019313,0.0019241241829438243,0.001956321916656803,0.0018993566954723052,0.001873660427220603,0.0018331036664859855,0.0019074061289005497,0.0018934744171978189,0.0018566327795839323,0.0017975004032456732,0.0018928552300110264,0.0018414626935076247,0.0019275297124711594,0.0018999758826590946,0.0018331036664859868,0.001910811658427882,0.0018114321149484043,0.0019185514982627352,0.0018009059327730105,0.001800596339179612
