HitRate: 17449699/30000000 0.581657
CumReqs: 30000000
CumProbs: 0.41839444444488466
SectionCumProbs: 0_3 0.1324236111110945
SectionCumProbs: 1_3 0.13867222222220976
SectionCumProbs: 2_3 0.14729861111109777
