HitRate: 121682/3000000 0.040561
CumReqs: 375537,375937,375011,373989,374655,374970,374774,375127
CumProbs: 0.009861111111111112,0.010416666666666668,0.01027777777777778,0.010277777777777775,0.010694444444444447,0.010277777777777778,0.01138888888888889,0.009861111111111109
SectionCumProbs: 0_3 0.0026388888888888894,0.003055555555555556,0.0031944444444444446,0.003333333333333334,0.0022222222222222227,0.003194444444444445,0.004027777777777778,0.003055555555555556
SectionCumProbs: 1_3 0.003611111111111112,0.003611111111111112,0.003888888888888889,0.0037500000000000007,0.005000000000000001,0.003055555555555556,0.004166666666666667,0.003888888888888889
SectionCumProbs: 2_3 0.003611111111111112,0.0037500000000000003,0.003194444444444445,0.003194444444444445,0.0034722222222222225,0.004027777777777778,0.003194444444444445,0.0029166666666666672
