HitRate: 2379008/3000000 0.793003
CumReqs: 380200,399422,349708,356008,374112,374573,372145,393832
CumProbs: 0.20430278773193142,0.19768738541825284,0.1585123141506504,0.1901759430364555,0.18251122626823746,0.18406524900604385,0.18004753168391013,0.1877348572553313
SectionCumProbs: 0_3 0.11825700756530451,0.10201657225274777,0.09874295054191304,0.0948834948422005,0.10407829561542158,0.08185749937327072,0.06872244967712637,0.09596339767754392
SectionCumProbs: 1_3 0.05870342503419584,0.06395232468369287,0.03786442564662839,0.056773697184339555,0.04620441416933594,0.05868580346699348,0.059091431995047336,0.058666851970190954
SectionCumProbs: 2_3 0.02734235513243107,0.031718488481812225,0.02190493796210897,0.0385187510099153,0.03222851648347993,0.04352194616577971,0.052233650011736625,0.0331046076075963
