HitRate: 18831631/30000000 0.627721
CumReqs: 1876193,1873870,1871384,1873360,1874923,1873698,1875792,1879107,1875096,1875324,1874674,1875126,1874192,1874456,1875111,1877694
CumProbs: 0.03930932907329647,0.039155183430805436,0.03924145451487426,0.03914883726387161,0.039376793252339094,0.039101076729042075,0.03926493466326203,0.03923061216944441,0.03909653541193942,0.03924429835994746,0.03909480531858574,0.03946599092401963,0.03919131459387407,0.03925294517222426,0.03913280418699524,0.039094776968068734
SectionCumProbs: 0_3 0.013745213753753026,0.013753782085617523,0.013617472303874322,0.013836667531124504,0.013753757719450447,0.013673951221713918,0.01359524094108444,0.013643173323798274,0.013613503630761956,0.013732668389453374,0.01365609966661967,0.013819537021870856,0.013649237851867179,0.013654190051818645,0.013646821070097096,0.013655913574032723
SectionCumProbs: 1_3 0.013202424342372137,0.013114942354413042,0.013191323100991074,0.013071336463755827,0.013262456623419846,0.013071119659555389,0.01318141760734498,0.013262090158696333,0.01317845944006968,0.013120494316241063,0.013115067180021868,0.013230829546783793,0.013125619232126915,0.013195316530893305,0.01314027059888913,0.013132679361612188
SectionCumProbs: 2_3 0.01236169097717134,0.012286458990774676,0.012432659110008761,0.012240833268991327,0.012360578909468976,0.01235600584777287,0.012488276114832515,0.012325348686949863,0.012304572341107706,0.012391135654252917,0.012323638471944237,0.012415624355365008,0.012416457509880012,0.012403438589512253,0.012345712518009066,0.012306184032423503
