HitRate: 1502345/3000000 0.500782
CumReqs: 3000000
CumProbs: 0.5000000000004465
SectionCumProbs: 0_3 0.1666666666667059
SectionCumProbs: 1_3 0.1666666666667059
SectionCumProbs: 2_3 0.1666666666667059
