HitRate: 1882883/3000000 0.627628
CumReqs: 3000000
CumProbs: 0.6275800815607083
SectionCumProbs: 0_3 0.21917221382336874
SectionCumProbs: 1_3 0.2102725068731948
SectionCumProbs: 2_3 0.19813536086414427
