HitRate: 299966/3000000 0.099989
CumReqs: 3000000
CumProbs: 0.10000000000003999
SectionCumProbs: 0_3 0.0333333333333307
SectionCumProbs: 1_3 0.0333333333333307
SectionCumProbs: 2_3 0.0333333333333307
