HitRate: 34856/3000000 0.011619
CumReqs: 3000000
CumProbs: 0.008347656249999582
SectionCumProbs: 0_3 0.002776041666666568
SectionCumProbs: 1_3 0.0028105468749998995
SectionCumProbs: 2_3 0.0027610677083332357
