HitRate: 348808/3000000 0.116269
CumReqs: 187428,187134,187430,187080,187856,188102,187396,187818,187594,187074,187716,187721,187556,187806,187121,187168
CumProbs: 0.005468750000000004,0.005375000000000002,0.005229166666666674,0.005250000000000003,0.005291666666666672,0.004968750000000004,0.005312500000000005,0.005,0.005239583333333337,0.005229166666666668,0.005270833333333338,0.005187499999999996,0.005187500000000001,0.005343749999999999,0.005197916666666669,0.005427083333333335
SectionCumProbs: 0_3 0.0017395833333333345,0.001760416666666667,0.0016458333333333338,0.0016979166666666677,0.0016562500000000006,0.0016666666666666679,0.0018125000000000007,0.0016250000000000008,0.0018020833333333341,0.0018125,0.0017395833333333345,0.0017187500000000013,0.0017083333333333345,0.001770833333333334,0.001677083333333334,0.0018437500000000019
SectionCumProbs: 1_3 0.0017916666666666673,0.0019375000000000004,0.001760416666666667,0.0018229166666666667,0.0019166666666666679,0.0015520833333333337,0.0017604166666666675,0.0017604166666666673,0.0017812500000000011,0.0017395833333333343,0.0017812500000000005,0.001770833333333334,0.0017812500000000007,0.0018333333333333346,0.0017916666666666678,0.0016874999999999998
SectionCumProbs: 2_3 0.0019375000000000009,0.001677083333333334,0.0018229166666666673,0.0017291666666666673,0.00171875,0.0017500000000000003,0.001739583333333334,0.0016145833333333335,0.0016562500000000008,0.0016770833333333338,0.0017500000000000013,0.0016979166666666666,0.0016979166666666677,0.001739583333333333,0.001729166666666668,0.0018958333333333347
