HitRate: 826293/3000000 0.275431
CumReqs: 187064,187555,187108,187581,188746,188308,187989,188829,189234,187431,187866,186842,186032,186393,186489,186533
CumProbs: 0.00621621594602349,0.006379502416139902,0.006274199304799524,0.006033601689648405,0.006111246072377228,0.006083587343765671,0.006268201026305452,0.006309189262681611,0.006322518770446215,0.006362840531434144,0.006168229718070915,0.006369505285316447,0.006177560373506139,0.006371171473787024,0.006014607141083843,0.006316187254258026
SectionCumProbs: 0_3 0.0021507160778189995,0.0021893716503363536,0.002225694558994902,0.0020090900578200723,0.0021057289891134577,0.0020417473518433544,0.002053410671137384,0.002147383700877848,0.0021427183731602363,0.002142385135466121,0.00213905275852497,0.0020920662436547375,0.00215404845476015,0.0021860392733952026,0.002020420139419986,0.0021077284152781484
SectionCumProbs: 1_3 0.002119724972266293,0.0021323880046426676,0.0020080903447377268,0.001984097230761438,0.0019301127243147884,0.001995094074667237,0.0020707390312313697,0.002101396899089961,0.002073071695090176,0.0020967315713723497,0.00202908431946698,0.002090066817490047,0.0020120891970671086,0.0020973980467605797,0.0019271135850677523,0.0021020633744781914
SectionCumProbs: 2_3 0.0019457748959381992,0.00205774276116088,0.002040414401066894,0.0020404144010668936,0.0020754043589489815,0.002046745917255081,0.002144051323936697,0.002060408662713801,0.002106728702195803,0.0021237238245956744,0.002000092640078964,0.002187372224171663,0.0020114227216788782,0.0020877341536312414,0.0020670734165961035,0.002106395464501688
