HitRate: 100191/3000000 0.033397
CumReqs: 375487,375496,374864,375356,375858,374354,373771,374814
CumProbs: 0.012499999999999992,0.012499999999999992,0.012499999999999992,0.012499999999999992,0.012499999999999992,0.012499999999999992,0.012499999999999992,0.012499999999999992
SectionCumProbs: 0_3 0.004166666666666667,0.004166666666666667,0.004166666666666667,0.004166666666666667,0.004166666666666667,0.004166666666666667,0.004166666666666667,0.004166666666666667
SectionCumProbs: 1_3 0.004166666666666667,0.004166666666666667,0.004166666666666667,0.004166666666666667,0.004166666666666667,0.004166666666666667,0.004166666666666667,0.004166666666666667
SectionCumProbs: 2_3 0.004166666666666667,0.004166666666666667,0.004166666666666667,0.004166666666666667,0.004166666666666667,0.004166666666666667,0.004166666666666667,0.004166666666666667
