HitRate: 2939806/3000000 0.979935
CumReqs: 3000000
CumProbs: 0.980039141340763
SectionCumProbs: 0_3 0.38856667369609477
SectionCumProbs: 1_3 0.3495220630929943
SectionCumProbs: 2_3 0.24195040455167877
