HitRate: 2940109/3000000 0.980036
CumReqs: 374526,375531,373320,374634,374796,375833,375393,375967
CumProbs: 0.12234144300593874,0.12266888124168902,0.12238999596442794,0.12271896873057868,0.12258237469419674,0.12249191030811465,0.12231089474124474,0.1225784619888541
SectionCumProbs: 0_3 0.048693229149504795,0.04882162976564862,0.048887364604121096,0.0489178121869565,0.04885400071916706,0.04872182974099826,0.048598119510762115,0.04874711130293742
SectionCumProbs: 1_3 0.04394075725277135,0.043795015054385475,0.04379835144288086,0.04359071767560061,0.0431769916150169,0.043124380136078895,0.043785443334217015,0.04367548138539807
SectionCumProbs: 2_3 0.02970745660366256,0.030052236421654797,0.02970427991742602,0.030210438868021935,0.03055138236001274,0.030645700431037454,0.02992733189626527,0.030155869300518463
