HitRate: 2960565/3000000 0.986855
CumReqs: 191040,186852,185477,178597,195808,194037,193828,186961,185680,190635,190283,180012,185139,182628,186606,186417
CumProbs: 0.058554639123554415,0.05774438368951757,0.05628619354400339,0.05554388631941005,0.06094037625512077,0.05950483551275419,0.05911224585819252,0.057792109217579005,0.05781368007771986,0.058876584211154985,0.05957278372219743,0.05668795081412474,0.05772685736565333,0.05761468889292146,0.058630406769798665,0.05848480346384874
SectionCumProbs: 0_3 0.02325096050995668,0.02348230798496617,0.02304711588162669,0.022023039296444825,0.022816307678120654,0.02326471193329638,0.023294641501741733,0.022760762713258303,0.02211552435929828,0.023687770427806776,0.024601565990519055,0.022487891332477836,0.021621282026323442,0.02192219552528682,0.02261300232129419,0.023468826197378216
SectionCumProbs: 1_3 0.020075999532990857,0.01835626270827003,0.018798195705403524,0.01675489597857153,0.020502293656522327,0.019059472748858275,0.017457566747656254,0.01805076540152673,0.018863177921577535,0.01881653093652316,0.019226916550700808,0.017840988786657987,0.018757750342639653,0.01825002622207686,0.019734371035511802,0.01784260660116854
SectionCumProbs: 2_3 0.0152276790806068,0.015905812996281465,0.014440881956973168,0.016765951044393667,0.017621774920477666,0.01718065083059946,0.01836003760879465,0.016980581102794077,0.016834977796844043,0.01637228284682506,0.015744301180977655,0.016359070694988844,0.01734782499669022,0.017442467145557732,0.016283033412992722,0.017173370665301932
