HitRate: 2963407/3000000 0.987802
CumReqs: 460073,108630,106124,151724,241969,141087,204056,161938,176845,185160,98133,132491,200102,249735,150047,231886
CumProbs: 0.15274564116674577,0.03557240097939458,0.03474266657689767,0.04983941525811739,0.08014148594840129,0.04642840320834068,0.06731918881886188,0.053293271194616645,0.058213133168112344,0.06103071747011244,0.032140100041805404,0.04359698112926279,0.06622600442968414,0.08263574526674614,0.04942587861235698,0.07672222445459659
SectionCumProbs: 0_3 0.14427479270610558,0.02678035642388186,0.026669388096158587,0.04142338568359506,0.07164934859994854,0.03817363695899908,0.05877595813965943,0.04492035161791516,0.049505711941655164,0.052512235122992065,0.0237895337973068,0.035146889334240324,0.057955537625580644,0.07407867681046568,0.040766357383478204,0.06838469765388387
SectionCumProbs: 1_3 0.005418021948311116,0.00573389582123082,0.005065690855012297,0.005308118064978472,0.005465389723694192,0.0052543636232516185,0.005515418610053835,0.005328342508400458,0.0056897213790196395,0.005517547498835089,0.005116251963567256,0.005329939174986405,0.005209923069942773,0.005460599723936347,0.005591260272886289,0.005242388623857024
SectionCumProbs: 2_3 0.0030528265123293333,0.0030581487342824848,0.003007587625727524,0.0031079115095444783,0.003026747624758873,0.0030004026260907635,0.0030278120691495064,0.003044577068301944,0.003017699847438512,0.003000934848286076,0.0032343142809318926,0.003120152620036735,0.0030605437341614024,0.0030964687323451917,0.0030682609559934838,0.0030951381768569083
