HitRate: 1594242/3000000 0.531414
CumReqs: 96163,105116,84422,98947,107857,113300,99589,92523,98408,107216,93924,89260,75571,90040,108603,107022,128752,98971,95212,59151,81177,85513,87330,78623,93351,95406,87988,87801,87099,91609,77570,96486
CumProbs: 0.01646228422936752,0.029960251507305215,0.01640566244490201,0.019508203164291773,0.013878665511138174,0.01540245765190126,0.019967505757103206,0.017875830425083054,0.02153359770155523,0.016927582069945893,0.016313069173834873,0.019381636822545328,0.012091415537950252,0.019952850707006257,0.02142368482582806,0.01560396459073441,0.01593037252471208,0.008890286299726418,0.01398091779249648,0.007883084674881047,0.022279006840577695,0.01534417052083382,0.016411324623348555,0.008930920756813432,0.023099356576686873,0.021306111355732026,0.026248527000930603,0.013580901538713648,0.008663799161864364,0.017046154748003084,0.010484689136411207,0.014178760968805394
SectionCumProbs: 0_3 0.010323816654665068,0.022056183465239885,0.011529527594460125,0.007741197144396874,0.0028570686302657427,0.005595564582474292,0.005161575258012149,0.010866719646893229,0.014644391878704146,0.011121184607667653,0.01216635613503696,0.012310575150763827,0.008456963113905043,0.008580864901088404,0.007116026030033527,0.0023854424726000526,0.0032967201331744376,0.003703397773364979,0.003466252417250593,0.0018428725496922771,0.005346095661505646,0.007250919104789604,0.006189094111401029,0.00346492013996905,0.018337131433816795,0.004124064325011707,0.017942777358480506,0.006544479076252224,0.0032700745875436066,0.005441353487135863,0.008279104096819255,0.011044245594658633
SectionCumProbs: 1_3 0.0013572574805704011,0.0021826032564853594,0.002513008022307651,0.008707098173514461,0.002615260303665961,0.003652771236666403,0.013214525286289733,0.004647982365977902,0.004603351077046262,0.004240305517826203,0.0029576555650221263,0.0040507890745269245,0.0013709133227062015,0.005995913905577513,0.009156741756034717,0.007654932190417063,0.007294551185760086,0.0013705802533858164,0.007845780910997881,0.002640573572015249,0.005769759837035843,0.0069814660245978355,0.006142131337226691,0.0039052377815185163,0.00137824084775468,0.014949150306856764,0.006132472326935516,0.004984382379567129,0.0015297873885300251,0.007440102478768497,0.001261999654940184,0.0025056804972591724
SectionCumProbs: 2_3 0.004781210094132051,0.005721464785579963,0.0023631268281342323,0.003059907846380436,0.008406336577206467,0.006154121832760565,0.0015914052128013195,0.00236112841221192,0.002285854745804825,0.0015660919444520313,0.0011890574737757871,0.0030202725972545757,0.002263539101339005,0.0053760719003403306,0.005150917039759817,0.005563589927717296,0.005339101205777554,0.0038163082729756217,0.0026688844642480066,0.0033996385531735182,0.011163151342036213,0.0011117853914463802,0.004080099174720839,0.001560762835325865,0.0033839842951154052,0.002232896723863551,0.0021732773155145693,0.0020520400828942923,0.0038639371857907296,0.004164698782098723,0.000943585384651766,0.0006288348768875871
