HitRate: 11480461/30000000 0.382682
CumReqs: 937392,937290,939644,938361,936882,937093,937425,937361,937426,936050,936056,938008,934819,937418,937665,938612,936222,936427,938990,937371,935508,939082,937137,939363,937340,937716,938120,936994,937229,938231,938553,938215
CumProbs: 0.03578656648287424,0.03590941974479088,0.03586665761930806,0.03593643229275529,0.035924314492081624,0.03580869839721878,0.035886574060975375,0.03574366852665269,0.035867761504747596,0.03588870133731353,0.03576874663838776,0.035877067973060305,0.03583050544929745,0.03586127127112306,0.0358800171739136,0.03586245580952228,0.03587920353496326,0.03584453826134778,0.03598023501177446,0.03566355153526523,0.03584476252931008,0.03585267093124609,0.03573862492479252,0.03586255791423755,0.03582403811924774,0.03586557212573852,0.03576561032223359,0.03577453258167804,0.035916391506858374,0.03579657343293926,0.03587923084173538,0.03590731319104409
SectionCumProbs: 0_3 0.01231962633621042,0.012369748571071369,0.012370029099708609,0.012332347828573776,0.01240510777698006,0.01237109472571879,0.012345488863896895,0.012301859599196796,0.012375827213099913,0.012371590607415679,0.012361182020150885,0.012351279327572478,0.012368112050577862,0.012354503729388646,0.012384739904431707,0.01238170352503154,0.01237004404106817,0.012311211920231154,0.012417112311948416,0.012274691409357897,0.012328667065336581,0.012406978083635323,0.01234649365676384,0.012368031458381808,0.012309890051532157,0.012290616212023342,0.012377471652405466,0.01230148446148017,0.012414755969485642,0.012260312732503092,0.01236985122049018,0.012410901142122283
SectionCumProbs: 1_3 0.01196068250565371,0.011970316711657937,0.01200236513581207,0.012036591239792912,0.011986932330307015,0.011958423024867397,0.012019598406610864,0.01196980603183017,0.012022926006889154,0.012036465404682763,0.011959063298474177,0.01200250711887529,0.011966121399247416,0.01198217112339759,0.011973059359337141,0.01198962588308754,0.011957729787016386,0.012006329426809098,0.012031910759627775,0.01196547506663181,0.012009654244978003,0.012003056205701027,0.011972599291330379,0.011933582820374976,0.011988535945087392,0.012043128350440826,0.01200531745948535,0.011961068563475086,0.011951294505477335,0.011990894867837236,0.011974921020186137,0.011988918515506403
SectionCumProbs: 2_3 0.011506257641010197,0.011569354462061665,0.011494263383787442,0.011567493224388433,0.011532274384794577,0.011479180646632777,0.011521486790467664,0.011472002895625758,0.011469008284758263,0.011480645325215373,0.0114485013197627,0.011523281526612592,0.011496271999472254,0.01152459641833696,0.011522217910144744,0.011491126401402974,0.011551429706878636,0.011526996914307537,0.011531211940198044,0.011423385059275343,0.011506441218995524,0.011442636641909226,0.011419531976698224,0.011560943635480941,0.011525612122628039,0.011531827563274219,0.01138282121034305,0.011511979556722916,0.011550341031895289,0.011545365832599032,0.011534458601059191,0.01150749353341541
