HitRate: 3480262/30000000 0.116009
CumReqs: 30000000
CumProbs: 0.08398255208340427
SectionCumProbs: 0_3 0.027888802083362866
SectionCumProbs: 1_3 0.027991406250029546
SectionCumProbs: 2_3 0.02810234375002952
