HitRate: 395955/3000000 0.131985
CumReqs: 92889,93901,94001,93770,93778,93618,93473,93920,93928,93962,94016,93723,94023,93116,94226,93628,93495,93347,93924,93403,93246,93660,93845,93555,94053,93896,93899,93836,93795,94568,93336,94170
CumProbs: 0.004092199157818811,0.004013061656924553,0.004124800135558962,0.0040607823878635796,0.004240540225253258,0.004116238988166115,0.0040535593062947795,0.004024769190367149,0.004156764197438976,0.004246075642548045,0.004101730543988704,0.004278070519437313,0.003978677748790255,0.004114217566960969,0.0041428935371501194,0.004159830724873218,0.004132642989426406,0.004174057710832376,0.004024291123709618,0.0041509284423075915,0.004049098725202796,0.004148558290680897,0.004250594815559021,0.004205366411248136,0.004136706230504796,0.004215042541158647,0.004094290455312534,0.004126996247485536,0.004087921296711234,0.004147812654259978,0.004027573790222796,0.004297055603232658
SectionCumProbs: 0_3 0.0013926678503552261,0.001336850801247346,0.001318670379806128,0.0013255633935646187,0.0014941716227847542,0.0013524484040966494,0.0013903167953539827,0.0013988395324888204,0.0013995595620710732,0.0014117540594626049,0.0013383839564609127,0.0014138776910153238,0.001403437262072661,0.0013059136169994011,0.0013665820769996379,0.0014221890632275843,0.0013828435045903855,0.0014436235062438099,0.0013536764473172556,0.0013630038468062193,0.0013759073064175283,0.001373431038315332,0.0014095896305737006,0.001462744436488369,0.001424970877336956,0.0014324092299562675,0.0013552907631889778,0.0013380430382952352,0.0013728620456798085,0.0014006365683449486,0.0013492831384285557,0.0014091447660035921
SectionCumProbs: 1_3 0.0013808049398237544,0.0013447045054701624,0.0014274215386004816,0.001388092689510551,0.0014087211681300062,0.0014320394498453085,0.0013993610005678294,0.001340026483256594,0.0013908886090819017,0.0014029160110007595,0.0014111536007965129,0.0014039938853030655,0.001287630768203504,0.0014084507772742243,0.0013945940054402397,0.0014315160287023333,0.001399642892800303,0.0013560717717684015,0.001339815986362445,0.0014322078473606272,0.0013377229528118654,0.0014202726734624024,0.0013782034586206063,0.0013589497200263377,0.0013427314768499567,0.00138609535609432,0.001404863649789403,0.0013777056443163014,0.0013696531615831336,0.0013661283151381273,0.0013088017645913848,0.0014226669128780116
SectionCumProbs: 2_3 0.0013187263676398293,0.0013315063502070449,0.0013787082171523482,0.0013471263047884078,0.0013376474343385005,0.0013317511342241582,0.0012638815103729651,0.001285903174621735,0.0013663160262860023,0.0014314055720846815,0.0013521929867312754,0.001460198943118922,0.00128760971851409,0.001399853172687344,0.0013817174547102436,0.0013061256329433008,0.0013501565920357186,0.0013743624328201635,0.0013307986900299123,0.0013557167481407443,0.0013354684659734007,0.001354854578903165,0.0014628017263647148,0.0013836722547334302,0.0013690038763178843,0.0013965379551080569,0.0013341360423341506,0.001411247564874004,0.0013454060894482892,0.0013810477707769013,0.001369488887202855,0.0014652439243510527
