HitRate: 2706048/3000000 0.902016
CumReqs: 3000000
CumProbs: 0.9289411393207461
SectionCumProbs: 0_3 0.33223947485075045
SectionCumProbs: 1_3 0.314892304329084
SectionCumProbs: 2_3 0.2818093601414201
