HitRate: 2049315/3000000 0.683105
CumReqs: 3000000
CumProbs: 0.35382120937488887
SectionCumProbs: 0_3 0.18874778882352927
SectionCumProbs: 1_3 0.08242779599122162
SectionCumProbs: 2_3 0.08264562456013785
