HitRate: 1332264/3000000 0.444088
CumReqs: 374116,374876,374487,374666,374838,375836,376241,374940
CumProbs: 0.06423246450806713,0.06373407665708168,0.06370164504393665,0.06357522793963624,0.06428442127606479,0.06415469482348435,0.06439925566138494,0.06487911116200157
SectionCumProbs: 0_3 0.021150044858215946,0.021245685023511273,0.02119803040827761,0.02121027499691404,0.02130260581392925,0.021497526427628012,0.021305253292553335,0.022012791954841928
SectionCumProbs: 1_3 0.021624605401584448,0.02146443294482687,0.021263555504223892,0.021177512448940897,0.021729842676892125,0.021303267683585255,0.021421411417185364,0.021356548190895126
SectionCumProbs: 2_3 0.021457814248266642,0.021023958688743568,0.02124005913143506,0.021187440493781247,0.021251972785243496,0.02135390071227105,0.021672590951646094,0.021509771016264445
