HitRate: 395397/3000000 0.131799
CumReqs: 186981,187193,186657,187600,187927,187652,187096,187050,187008,188057,187670,188317,188118,187172,188096,187406
CumProbs: 0.008131809274428371,0.008229925026899421,0.007848392684399276,0.008051998052259174,0.008492955054743996,0.007796255136003962,0.008741931367380511,0.007419927873210505,0.0077029974579258245,0.008606599295006654,0.0078753723475456,0.007991445625004718,0.008499548155705795,0.009172825215765738,0.008555849767866459,0.008359444760267476
SectionCumProbs: 0_3 0.0027147960723509553,0.0031264311258214377,0.00257876998934954,0.0031890655849585695,0.002558123173179682,0.0027446385293359602,0.002650079581331149,0.0026044483825691947,0.0026957975314215476,0.002634204088225754,0.002587271619537128,0.0022421748349837926,0.0030511309727313685,0.0032422441492952194,0.002680442546286822,0.0024427439063481244
SectionCumProbs: 1_3 0.002370480049753622,0.002750537619670205,0.002464865495101543,0.002410038655524442,0.0031179294956338493,0.002676104979864583,0.002870427955580891,0.0022059995310223187,0.0024967032326407776,0.003183253245952769,0.0029832914338875503,0.0033535461036898724,0.0029037404657036867,0.0031628666837682454,0.0026191093570763625,0.002833732143648749
SectionCumProbs: 2_3 0.003046533152323795,0.0023529562814077767,0.002804757199948192,0.0024528938117761635,0.0028169023859304612,0.0023755116268034194,0.003221423830468472,0.0026094799596189915,0.002510496693863497,0.002789141960828132,0.0023048092941209235,0.002395724686331053,0.002544676717270741,0.002767714382702271,0.0032562978645032737,0.003082968710270603
