HitRate: 1370133/3000000 0.456711
CumReqs: 380263,398873,349690,355485,374391,374726,372877,393695
CumProbs: 0.05178620289947812,0.048545378375595034,0.06064247913077646,0.04366181176221998,0.032296929382087,0.045411203774340755,0.021895229115695504,0.04871268544171899
SectionCumProbs: 0_3 0.020737744174164657,0.028844804698995592,0.039536126161525964,0.005762095351029889,0.012202417553777392,0.017995841319579493,0.00760980526057409,0.01387682133904977
SectionCumProbs: 1_3 0.018548754512208252,0.010337710312814222,0.01726962200267891,0.02708741394267767,0.010595003251156235,0.022068868520975542,0.008756291928833839,0.017479255756846175
SectionCumProbs: 2_3 0.01249970421310521,0.00936286336378522,0.003836730966571582,0.010812302468512443,0.009499508577153388,0.005346493933785729,0.005529131926287573,0.01735660834582304
