HitRate: 1510693/3000000 0.503564
CumReqs: 93948,94117,94467,94295,94058,93372,93860,92878,94446,92523,93191,93499,92999,93852,93940,93264,94077,93241,93569,93909,94368,93878,94211,95209,93663,93493,93584,94015,93125,93202,93541,94206
CumProbs: 0.01587568550168303,0.015694868280970012,0.01597307418857441,0.01573940781695448,0.015850424272318708,0.015657973590714233,0.015683567204675463,0.015712817049202552,0.015851753810706304,0.015558258211644563,0.015772978661241263,0.01564766966821037,0.015700186434520397,0.015781953045357542,0.01589163996233418,0.015777299661000943,0.016022267108915456,0.015616757900698776,0.015551942904303487,0.015676254743543682,0.015996341110357335,0.015833140273279967,0.01587834457845823,0.016021602339721653,0.01580455519794666,0.015604792055210412,0.015934185190737242,0.01575868612357461,0.015562246826807352,0.015888648500962093,0.015815523889644325,0.015807546659318755
SectionCumProbs: 0_3 0.005370670316692721,0.005321809780948579,0.005274611168188934,0.005189520711382811,0.005233063093576566,0.005333443241840041,0.005254668092374996,0.005160935636049502,0.005272284476010641,0.005156282251692916,0.0052965485515842625,0.005177887250491348,0.005183205404041731,0.005217773402119218,0.005376320854840001,0.005190850249770407,0.005272616860607539,0.005159606097661907,0.005148305021367343,0.005271619706816842,0.005376320854840002,0.005366016932336136,0.005271287322219945,0.005305855320297431,0.0051961684033207875,0.005279929321739317,0.005306520089491229,0.005350394856281887,0.005359369240398156,0.005316824011995094,0.005228742093816883,0.005314164935219904
SectionCumProbs: 1_3 0.005278267398754821,0.0051150665616774525,0.005456757927289542,0.005311505858444713,0.005352721548460178,0.0051885235575921135,0.005257659553747088,0.0053949343922663415,0.005347403394909795,0.005082825255778258,0.005311838243041612,0.0053430823951501095,0.005246358477452526,0.0052187705559099155,0.0052692930146385495,0.005345741471925301,0.005356710163622963,0.005235722170351759,0.005221097248088207,0.0051493021751580405,0.005130356253134803,0.005259321476731583,0.0052825883985145065,0.005261980553506773,0.005284250321499001,0.0052649720148788635,0.005226415401638589,0.005237051708739356,0.005120717099824734,0.005325798396111365,0.005404905930173307,0.005240043170111446
SectionCumProbs: 2_3 0.005226747786235489,0.005257991938343987,0.005241705093095942,0.005238381247126949,0.005264639630281964,0.005136006791282083,0.00517123955855337,0.005156947020886715,0.005232065939785871,0.005319150704173386,0.005164591866615392,0.005126700022568916,0.005270622553026147,0.005345409087328402,0.005246026092855627,0.005240707939305242,0.005392940084684949,0.005221429632685105,0.005182540634847934,0.005255332861568796,0.005489664002382533,0.005207801864212252,0.00532446885772377,0.005453766465917449,0.005324136473126869,0.005059890718592232,0.00540124969960742,0.00517123955855337,0.00508216048658446,0.005246026092855624,0.005181875865654135,0.0052533385539874035
