HitRate: 302802/3000000 0.100934
CumReqs: 3000000
CumProbs: 0.10177160119879478
SectionCumProbs: 0_3 0.03385855580813685
SectionCumProbs: 1_3 0.0340211675120476
SectionCumProbs: 2_3 0.03389187787861036
