HitRate: 2970868/3000000 0.990289
CumReqs: 3000000
CumProbs: 0.9977409925282401
SectionCumProbs: 0_3 0.45827848899498447
SectionCumProbs: 1_3 0.31783036553008764
SectionCumProbs: 2_3 0.22163213799755244
