HitRate: 2490165/3000000 0.830055
CumReqs: 3000000
CumProbs: 0.6086251608129108
SectionCumProbs: 0_3 0.21472811722874643
SectionCumProbs: 1_3 0.20224842064987628
SectionCumProbs: 2_3 0.19164862293423474
