HitRate: 2810242/3000000 0.936747
CumReqs: 3000000
CumProbs: 0.8632656250008423
SectionCumProbs: 0_3 0.25774479166639036
SectionCumProbs: 1_3 0.2786067708330514
SectionCumProbs: 2_3 0.32691406249987326
