HitRate: 2895781/3000000 0.965260
CumReqs: 3000000
CumProbs: 0.9007777187554774
SectionCumProbs: 0_3 0.30210000901291406
SectionCumProbs: 1_3 0.2996968953646879
SectionCumProbs: 2_3 0.29898081437787677
