HitRate: 30408/3000000 0.010136
CumReqs: 3000000
CumProbs: 0.013315151841375557
SectionCumProbs: 0_3 0.004469284509116339
SectionCumProbs: 1_3 0.00440715112102586
SectionCumProbs: 2_3 0.004438716211232248
