HitRate: 2110095/3000000 0.703365
CumReqs: 3000000
CumProbs: 0.37786010451842755
SectionCumProbs: 0_3 0.23631860581750266
SectionCumProbs: 1_3 0.0709278298365731
SectionCumProbs: 2_3 0.07061366886435139
