HitRate: 15000357/30000000 0.500012
CumReqs: 30000000
CumProbs: 0.4999999999961982
SectionCumProbs: 0_3 0.1666666666673425
SectionCumProbs: 1_3 0.1666666666673425
SectionCumProbs: 2_3 0.1666666666673425
