HitRate: 303029/3000000 0.101010
CumReqs: 3000000
CumProbs: 0.10377757735188008
SectionCumProbs: 0_3 0.03468705026763313
SectionCumProbs: 1_3 0.03453545648843012
SectionCumProbs: 2_3 0.03455507059582704
