HitRate: 395714/3000000 0.131905
CumReqs: 93749,93430,94266,93502,93244,93942,93937,93781,93947,93265,93765,94252,93480,93881,93388,93715,93617,93521,93507,93681,93686,93886,93947,93937,94078,93914,93798,93590,94203,93611,93705,93775
CumProbs: 0.004051272951784318,0.004462581041024916,0.004241925174382893,0.004088240565269521,0.003773191455508881,0.004681631506611834,0.0039091949584072055,0.0041849334369265375,0.00403105357633349,0.003659815429644047,0.003918935837782121,0.004367276624334482,0.004417825062961553,0.004142173362877631,0.0039081319225734166,0.003592106555414398,0.0035188004721007225,0.003677106032899744,0.004013307386291885,0.004034025737746327,0.0037709135215793347,0.004082469799314672,0.004180204012196623,0.004351070751521427,0.00412084756237531,0.0038476907423094617,0.00435794794252777,0.004086591774996708,0.004332652028605383,0.0039966459266929195,0.004226890810447891,0.004189445915567923
SectionCumProbs: 0_3 0.0013451525273102042,0.0013130662008168847,0.001579909889706561,0.0012866204726252977,0.0013453260841810267,0.001659247074281321,0.0012781161859549927,0.0013195962780815833,0.001505996357345006,0.0012251162565275553,0.001098788549177589,0.0014832387126583987,0.0014724998812762533,0.0014976656275455234,0.0013868712601341755,0.0010898503703302275,0.0010820186165343597,0.0012297155136043528,0.0015208571644091872,0.0013177956255467991,0.0011808375598589512,0.0013351296180202016,0.0013817296378360574,0.0012979233638376168,0.001497340208412731,0.001176194913564448,0.0015036967288066072,0.0012430143088311312,0.0013890624156283101,0.001331615091386045,0.00114235132375405,0.001442279291144276
SectionCumProbs: 1_3 0.0013034337944862328,0.0014222551671731237,0.0014419538720114838,0.0013905593436391547,0.0012202349695356709,0.0014516079729509882,0.0012828673052937601,0.0012079124317072698,0.0012785934673497548,0.001395093516889394,0.0015359566121707492,0.0012739508210552514,0.0014874474667758452,0.0013405532702334066,0.0012654031451672409,0.0013901471460709513,0.001223250520166213,0.00110549218331311,0.0013382536416950076,0.0013430047610337751,0.0014123624255362383,0.0014382657885065042,0.001429175747397173,0.0014509788292942564,0.0012461166378970844,0.0013552405204267652,0.0013601218074186495,0.0015551997302232002,0.0015477150901689774,0.0013764361532759696,0.001519902601619663,0.0013413776653698134
SectionCumProbs: 2_3 0.0014026866299878809,0.0017272596730349094,0.0012200614126648482,0.001411060749005069,0.0012076304017921832,0.0015707764593795243,0.0013482114671584517,0.001657424727137684,0.0012464637516387295,0.001039605656227098,0.0012841906764337822,0.0016100870906208327,0.0014578777149094528,0.0013039544650987002,0.001255857517272,0.00111210903901322,0.0012135313354001498,0.0013418983359822813,0.0011541965801876893,0.0013732253511657526,0.0011777135361841452,0.001309074392787966,0.001369298626963392,0.0016021685583895537,0.0013773907160654936,0.001316255308318249,0.001494129406302514,0.001288377735942376,0.001395874522808096,0.0012885946820309045,0.0015646368850741762,0.001405788959053834
