HitRate: 2774648/3000000 0.924883
CumReqs: 3000000
CumProbs: 0.8402198563867801
SectionCumProbs: 0_3 0.5922041510226238
SectionCumProbs: 1_3 0.14731111145203252
SectionCumProbs: 2_3 0.10070459391282943
