HitRate: 347888/3000000 0.115963
CumReqs: 3000000
CumProbs: 0.08417968750000306
SectionCumProbs: 0_3 0.02825520833333304
SectionCumProbs: 1_3 0.02779947916666629
SectionCumProbs: 2_3 0.028124999999999702
