HitRate: 2326037/3000000 0.775346
CumReqs: 173305,172558,161485,167525,181797,200747,219730,186445,200608,206646,211597,192995,158766,176946,196309,192541
CumProbs: 0.0805675300626571,0.0769703168334679,0.07990577245779192,0.09270050898946898,0.10051618389472641,0.1194161366448446,0.11111111111111201,0.09438957884086853,0.09273712926828873,0.10882704274720888,0.12402931955633172,0.09224388976064696,0.08703279167728104,0.0901111636109806,0.10289326128536623,0.09302361003356847
SectionCumProbs: 0_3 0.05656050674688147,0.056579302996187165,0.05610161900521197,0.06394289569831658,0.07018195417474453,0.08004155915536171,0.07790202746715383,0.06352224860178617,0.06909144764175144,0.08434460395330533,0.08828371447589933,0.06576386336811967,0.06675585162888968,0.0635763688368559,0.07691878918450885,0.06637052851812339
SectionCumProbs: 1_3 0.011494554596946881,0.012112238237922955,0.015101165950788864,0.021503233278953912,0.018267037665739238,0.020181986582070655,0.01846731494282383,0.01795236252650115,0.014241399581686269,0.015117369613983411,0.014298760549394973,0.018550277698379903,0.01277982916153825,0.013893344896267434,0.0180991677150438,0.018536018474768687
SectionCumProbs: 2_3 0.012512468718828272,0.00827877559935732,0.008702987501790533,0.007254380012198133,0.012067192054242124,0.019192590907411707,0.014741768701133834,0.012914967712580765,0.00940428204485047,0.009365069179919675,0.021446844531036867,0.0079297486941468,0.007497110886852434,0.012641449877856809,0.007875304385813119,0.008117063040675748
