HitRate: 2851452/3000000 0.950484
CumReqs: 3000000
CumProbs: 0.8493923611109534
SectionCumProbs: 0_3 0.2429791666666548
SectionCumProbs: 1_3 0.2703993055555662
SectionCumProbs: 2_3 0.3360138888889023
