HitRate: 2851744/3000000 0.950581
CumReqs: 374806,374729,375516,375281,374879,375017,374408,375364
CumProbs: 0.10644444444444363,0.10588888888888795,0.10626388888888794,0.10605555555555443,0.10574999999999904,0.10624999999999898,0.1063333333333325,0.10606944444444348
SectionCumProbs: 0_3 0.03019444444444468,0.029777777777777986,0.02988888888888909,0.03016666666666692,0.03101388888888913,0.029750000000000262,0.030736111111111335,0.030527777777777994
SectionCumProbs: 1_3 0.033986111111111314,0.034111111111111383,0.03440277777777803,0.03393055555555574,0.033569444444444596,0.03391666666666687,0.034305555555555825,0.033583333333333555
SectionCumProbs: 2_3 0.04226388888888903,0.0420000000000001,0.04197222222222251,0.041958333333333514,0.04116666666666688,0.04258333333333346,0.04129166666666675,0.04195833333333343
