HitRate: 303096/3000000 0.101032
CumReqs: 186721,186743,186622,186871,188857,187453,188269,187196,188367,188361,187024,187617,186905,187942,187846,187206
CumProbs: 0.006401021075656353,0.006480543065316501,0.0064342938746773356,0.00633979912545775,0.006519139512180838,0.006390041051979429,0.006452926642129086,0.00650250311267035,0.006379061028302503,0.006462575753845173,0.0064559211940409715,0.006467233945708113,0.006414995651245171,0.006503168568650773,0.0063667500926647465,0.006426973858892721
SectionCumProbs: 0_3 0.00215308282464769,0.0021364464251372,0.002178702879893846,0.002120142753616919,0.002106500906018318,0.0021055027220476885,0.0021863556236686715,0.0021983338313162244,0.0021623992083735655,0.002139773705039298,0.002186355623668672,0.0021407718890099283,0.002141770072980557,0.002153082824647691,0.002122471849548388,0.0021271300414113254
SectionCumProbs: 1_3 0.002115151833763771,0.002161068296412726,0.0021673901282267135,0.0021584064724910475,0.002247244845877067,0.0021367791531274106,0.002141104617000138,0.002142102800970768,0.002157408288520418,0.002155079192588949,0.0021407718890099274,0.002210644766953988,0.0021128227378323042,0.0022113102229344072,0.002116815473714822,0.002131122777293843
SectionCumProbs: 2_3 0.002132786417244893,0.002183028343766574,0.002088200866556778,0.002061249899349783,0.0021653937602854533,0.0021477591768043337,0.002125466401460277,0.0021620664803833557,0.002059253531408525,0.0021677228562169215,0.002128793681362374,0.002115817289744191,0.002160402840432307,0.002138775521068668,0.002127462769401535,0.002168721040187552
