HitRate: 39700/3000000 0.013233
CumReqs: 3000000
CumProbs: 0.013514607582239125
SectionCumProbs: 0_3 0.0044523918605326816
SectionCumProbs: 1_3 0.004556524241057395
SectionCumProbs: 2_3 0.0045056914806490475
