HitRate: 2727422/3000000 0.909141
CumReqs: 317699,276041,250412,551403,370340,428621,348951,456533
CumProbs: 0.09456236801864111,0.08079307143377276,0.07239795175333676,0.17278960481010266,0.11213474321498802,0.13179476443603003,0.1050142513861294,0.1415747131518451
SectionCumProbs: 0_3 0.07759236094496053,0.06298404000790592,0.053911784439982985,0.15600716730295125,0.09464071163308391,0.11456632095785946,0.08722569982627873,0.12490702790983138
SectionCumProbs: 1_3 0.0104990195670491,0.011144622962415869,0.011729761991449131,0.010650180482882703,0.01086343115124151,0.01066480895860855,0.011327966524846283,0.010052038364315341
SectionCumProbs: 2_3 0.0064709875066315805,0.006664408463450918,0.006756405321904485,0.006132257024268976,0.0066306004306623265,0.006563634519561853,0.006460585035004322,0.006615646877698141
