HitRate: 303505/3000000 0.101168
CumReqs: 3000000
CumProbs: 0.11610059400665441
SectionCumProbs: 0_3 0.038813507596285574
SectionCumProbs: 1_3 0.03878564458135662
SectionCumProbs: 2_3 0.03850144182908067
