HitRate: 1909293/3000000 0.636431
CumReqs: 3000000
CumProbs: 0.2535624402011765
SectionCumProbs: 0_3 0.088859343791596
SectionCumProbs: 1_3 0.08371890264986107
SectionCumProbs: 2_3 0.080984193759403
