HitRate: 2706148/3000000 0.902049
CumReqs: 375557,376066,375059,374616,375158,375031,375372,373141
CumProbs: 0.11313126223490592,0.1131914654140923,0.11301118306772542,0.11294410887352306,0.11300038575841469,0.11311522986653554,0.11319735485553394,0.11247884299959755
SectionCumProbs: 0_3 0.03820251629657521,0.03805200834861044,0.0383402637880822,0.038214949561841904,0.03809846949776476,0.038148856941213886,0.03843907552783303,0.03792440378403159
SectionCumProbs: 1_3 0.0378229745147509,0.037707148833056266,0.0373770129211073,0.037892011856100034,0.03759328629850898,0.03786060150174208,0.037481714102300175,0.03748236848468272
SectionCumProbs: 2_3 0.03710577142357944,0.03743230823242484,0.03729390635853548,0.0368371474555813,0.037308629962140655,0.03710577142357945,0.037276565225400383,0.037072070730882985
