HitRate: 778543/3000000 0.259514
CumReqs: 374641,373610,375329,375240,375108,376011,374844,375217
CumProbs: 0.012866066985671448,0.01232446765785454,0.012386126658252157,0.012376461193324962,0.012648760670756602,0.012318468403761797,0.012337466041722145,0.012325134241642619
SectionCumProbs: 0_3 0.004305131395329847,0.004060161853209584,0.004232807054322913,0.004133486069898643,0.0042558041950117535,0.0042008110324949595,0.00416414892415043,0.00422914084348846
SectionCumProbs: 1_3 0.004321462698137865,0.004012501112361696,0.004095490793977949,0.004147151037554331,0.004304798103435806,0.004088158372309043,0.004058495393739378,0.0039561747822687374
SectionCumProbs: 2_3 0.0042394728922037364,0.004251804692283259,0.004057828809951296,0.00409582408587199,0.004088158372309043,0.004029498998957796,0.004114821723832336,0.004139818615885425
