HitRate: 11630/3000000 0.003877
CumReqs: 374921,374705,375454,374875,374817,375937,374400,374891
CumProbs: 0.0011250000000000001,0.0010208333333333332,0.0011666666666666663,0.0008958333333333331,0.001125,0.0009999999999999998,0.0009791666666666666,0.0010416666666666664
SectionCumProbs: 0_3 0.000375,0.0003541666666666667,0.00037500000000000006,0.0002916666666666667,0.0003333333333333334,0.00035416666666666675,0.0003958333333333333,0.0003541666666666667
SectionCumProbs: 1_3 0.0003541666666666667,0.0002708333333333334,0.00043750000000000006,0.0003125,0.000375,0.0003333333333333334,0.00025000000000000006,0.0003541666666666667
SectionCumProbs: 2_3 0.0003958333333333334,0.00039583333333333327,0.0003541666666666667,0.00029166666666666675,0.0004166666666666667,0.00031250000000000006,0.0003333333333333334,0.00033333333333333343
