HitRate: 100052/3000000 0.033351
CumReqs: 187452,187315,187148,187461,188688,187354,188039,187358,187492,187155,186908,187058,188192,187288,187803,187289
CumProbs: 0.006250000000000026,0.006250000000000026,0.006250000000000026,0.006250000000000026,0.006250000000000026,0.006250000000000026,0.006250000000000026,0.006250000000000026,0.006250000000000026,0.006250000000000026,0.006250000000000026,0.006250000000000026,0.006250000000000026,0.006250000000000026,0.006250000000000026,0.006250000000000026
SectionCumProbs: 0_3 0.0020833333333333363,0.0020833333333333363,0.0020833333333333363,0.0020833333333333363,0.0020833333333333363,0.0020833333333333363,0.0020833333333333363,0.0020833333333333363,0.0020833333333333363,0.0020833333333333363,0.0020833333333333363,0.0020833333333333363,0.0020833333333333363,0.0020833333333333363,0.0020833333333333363,0.0020833333333333363
SectionCumProbs: 1_3 0.0020833333333333363,0.0020833333333333363,0.0020833333333333363,0.0020833333333333363,0.0020833333333333363,0.0020833333333333363,0.0020833333333333363,0.0020833333333333363,0.0020833333333333363,0.0020833333333333363,0.0020833333333333363,0.0020833333333333363,0.0020833333333333363,0.0020833333333333363,0.0020833333333333363,0.0020833333333333363
SectionCumProbs: 2_3 0.0020833333333333363,0.0020833333333333363,0.0020833333333333363,0.0020833333333333363,0.0020833333333333363,0.0020833333333333363,0.0020833333333333363,0.0020833333333333363,0.0020833333333333363,0.0020833333333333363,0.0020833333333333363,0.0020833333333333363,0.0020833333333333363,0.0020833333333333363,0.0020833333333333363,0.0020833333333333363
