HitRate: 1500016/3000000 0.500005
CumReqs: 3000000
CumProbs: 0.4999999999999765
SectionCumProbs: 0_3 0.16666666666666882
SectionCumProbs: 1_3 0.16666666666666882
SectionCumProbs: 2_3 0.16666666666666882
