HitRate: 1623097/3000000 0.541032
CumReqs: 3000000
CumProbs: 0.2826401651351708
SectionCumProbs: 0_3 0.18886436276468233
SectionCumProbs: 1_3 0.061615727793314666
SectionCumProbs: 2_3 0.032160074577174035
