HitRate: 2502004/3000000 0.834001
CumReqs: 93312,92531,93267,93115,93708,94579,93838,93985,93733,93864,92968,92833,93599,94700,93667,94937,92996,92932,94289,94729,93832,93266,93642,92964,93391,93526,94040,94298,94653,94789,95292,92725
CumProbs: 0.022270976363706806,0.021654060973735047,0.02215437439321613,0.02195259509676421,0.022053071262825227,0.022079740862458855,0.022198203502691322,0.021985880411035486,0.022051003852000997,0.022260019086337984,0.022107444167504535,0.022023507288037734,0.022123776713016362,0.022199237208103552,0.02213390702605564,0.02223210904020998,0.022054104968237634,0.02192902661336716,0.022257951675513626,0.022276351631849888,0.02202805559185134,0.021887058173633872,0.021952595096764203,0.021841781876581774,0.0221969630561967,0.022025988181026843,0.022261879756079756,0.022188900153981884,0.022306949312049615,0.022176909171200996,0.022215983235780265,0.021753503434384033
SectionCumProbs: 0_3 0.008063522438023246,0.007965940647116239,0.008024861855608816,0.008009563015508996,0.008085230251678406,0.007990129353760535,0.008236771465099713,0.008055873017973336,0.008087504403585142,0.008134227888214343,0.008118102083784811,0.007991990023502404,0.008081715653277087,0.008039126990296486,0.008143324495841257,0.008074479715392043,0.008009356274426557,0.008081095430029816,0.008071585340238017,0.008172681729546364,0.008073032527815013,0.008053805607149012,0.008036439356224886,0.00796428671845677,0.008220645660670147,0.008166686238155888,0.008265508475557494,0.008130506548730598,0.008119962753526687,0.008086677439255452,0.008049050562253138,0.007931414886350375
SectionCumProbs: 1_3 0.007568377545603018,0.0072129896249055764,0.007385825169817184,0.0073920274022900734,0.007482579996394513,0.00740815320671964,0.007377142044355123,0.007397195929350829,0.007346130881990595,0.007545429285453263,0.007402364456411592,0.007454876691348871,0.007495811425670035,0.007430894725786955,0.007353780302040507,0.007462112629233927,0.007450328387535381,0.007358121864771543,0.0075125574533468666,0.007482786737476945,0.00730126806710327,0.007337241015446128,0.007266949047419839,0.007271290610150868,0.007305609629834289,0.007413735215945259,0.007331245524055638,0.007375074633530806,0.007539847276227645,0.007305402888751863,0.007375074633530827,0.007385618428734768
SectionCumProbs: 2_3 0.006639076380079482,0.006475130701712349,0.006743687367789115,0.006551004678964214,0.006485261014751451,0.006681458301977651,0.006584289993235488,0.006532811463710369,0.0066173685664242905,0.006580361912669295,0.006586977627307064,0.006576640573185545,0.0065462496340683435,0.006729215492018993,0.006636802228172741,0.006695516695582883,0.00659442030627455,0.006489809318564874,0.006673808881927724,0.00662088316482561,0.006653754996932018,0.006496011551037783,0.006649206693118551,0.006606204547973056,0.00667070776569128,0.0064455667269248335,0.006665125756465684,0.006683318971719525,0.006647139282294242,0.006784828843192742,0.006791858039995364,0.0064364701192979245
