HitRate: 2939980/3000000 0.979993
CumReqs: 3000000
CumProbs: 0.9804092909245078
SectionCumProbs: 0_3 0.388616439554123
SectionCumProbs: 1_3 0.3491704556481824
SectionCumProbs: 2_3 0.24262239572220495
