HitRate: 2939409/3000000 0.979803
CumReqs: 93701,93472,94308,93478,93309,93992,93879,93829,93924,93340,93723,94371,93353,93762,93317,93739,93590,93518,93562,93723,93756,93884,94015,93902,94095,93852,93841,93512,94212,93595,93701,93745
CumProbs: 0.030678433157207113,0.030688043868928882,0.03066096899708059,0.030764929562703297,0.03066231406282946,0.030485351138417004,0.030736683181976907,0.030495677772230972,0.03049587302371064,0.030565989999522942,0.030509518932679038,0.03068452934229475,0.030637517124910665,0.030580416914410095,0.030723319302923574,0.030596015338175214,0.030557333850590677,0.030733016793080797,0.030643396363909794,0.0306460648007987,0.030736683181976896,0.030741390912097957,0.030608142624523948,0.030585580231317053,0.030808644199541716,0.03052587666775408,0.03056091346105137,0.03073676996041234,0.030648321040119386,0.030614781174832944,0.030752108048871272,0.030672814253514206
SectionCumProbs: 0_3 0.012497982130194077,0.01240057333644492,0.01211515906237723,0.012581202649753494,0.013047311320956313,0.012346011395180075,0.01184994246915151,0.012575149853883558,0.012344167353427587,0.011811174203131528,0.011955790465744425,0.011951191208667616,0.01202421526206621,0.011946526867764264,0.012006035179847545,0.01205508669046377,0.0129164060511384,0.011176107918182951,0.011633343494364963,0.012744541359806365,0.012146854885911188,0.01229166640000377,0.012147375556523666,0.012820776215315176,0.011541879023441481,0.012392676498822492,0.011075900519891775,0.012590292690862821,0.012318806355678641,0.011739516910090671,0.012131712048931929,0.012798322295152507
SectionCumProbs: 1_3 0.010839993343226223,0.010364360738737012,0.011310397546981895,0.011022358225243018,0.01008812328421407,0.01132992269494944,0.011454080941414122,0.011102107607385985,0.010627277703424325,0.010981789306688246,0.011294235063386551,0.010689150727872566,0.011285296884539189,0.010941784447963648,0.011611952610036091,0.01140494265236249,0.010443741312529483,0.011417308579408595,0.01150402193099331,0.01059063550907192,0.010530563137158461,0.010622917087044912,0.010963674308296147,0.010004664123957266,0.010834916804754662,0.010759246009076025,0.011480136166646362,0.010368244073721665,0.010510560707796157,0.010392108143459769,0.011351161717016353,0.010318194611098213
SectionCumProbs: 2_3 0.0073404576837868005,0.007923109793746967,0.0072354123877214505,0.007161368687706779,0.007526879457659076,0.006809417048287494,0.007432659771411281,0.00681842031096141,0.007524427966858707,0.007773026489703167,0.0072594934035480835,0.008044187405754553,0.00732800497830528,0.0076921055986821476,0.007105331513039945,0.00713598599534898,0.007197186486922785,0.008139600295489251,0.00750603093855152,0.007310887931920409,0.00805926515890726,0.007826807425049305,0.007497092759704155,0.007760139892044588,0.008431848371345581,0.0073739541598555535,0.008004876774513243,0.007778233195827842,0.007818953976644583,0.008483156121282497,0.007269234282922996,0.007556297347263499
