HitRate: 2227364/3000000 0.742455
CumReqs: 3000000
CumProbs: 0.7467664262377489
SectionCumProbs: 0_3 0.6371658332274093
SectionCumProbs: 1_3 0.0680895392778541
SectionCumProbs: 2_3 0.04151105373248151
