HitRate: 1142768/3000000 0.380923
CumReqs: 186514,187694,186829,186032,188662,186393,188223,187751,187502,189446,187130,184942,188036,187666,188239,188941
CumProbs: 0.000595781943808566,0.0006544271463311094,0.0006870818613720713,0.0006614245852684583,0.0006261041792037448,0.0006674223900719003,0.0006544271463311095,0.0005954487324305971,0.0006394326343225046,0.0006574260487328306,0.0006790847883008153,0.000591783407272938,0.000605111862391698,0.0006394326343225047,0.0006547603577090785,0.0007250679584605368
SectionCumProbs: 0_3 0.00018926406268639012,0.00021925308670359985,0.0002452435741851816,0.00021025637949843688,0.000203925363317026,0.00017726845307950624,0.0001899304854423281,0.0001626071524488704,0.00021358849327812688,0.00019659471300170802,0.00021658739567984785,0.0001882644285524831,0.00018793121717451417,0.00023458081009017362,0.000202925729183119,0.0002162541843018788
SectionCumProbs: 1_3 0.00021858666394766182,0.00020792389985265392,0.00021425491603406488,0.00019526186748983202,0.00020292572918311898,0.00022158556634938284,0.00021525455016797187,0.00021558776154594086,0.00023891255800377064,0.0002112560136323439,0.00022924942804266972,0.00023791292386986362,0.00019859398126952202,0.00022425125737313479,0.00023324796457829767,0.00023757971249189466
SectionCumProbs: 2_3 0.0001879312171745141,0.00022725015977485575,0.00022758337115282476,0.0002559063382801895,0.00021925308670359982,0.00026856837064301135,0.0002492421107208095,0.00021725381843578582,0.00018693158304060713,0.0002495753220987785,0.00023324796457829767,0.00016560605485059133,0.00021858666394766182,0.0001806005668591962,0.00021858666394766182,0.0002712340616667633
