HitRate: 2700046/3000000 0.900015
CumReqs: 3000000
CumProbs: 0.8999999999996889
SectionCumProbs: 0_3 0.30000000000002147
SectionCumProbs: 1_3 0.30000000000002147
SectionCumProbs: 2_3 0.30000000000002147
