HitRate: 901072/3000000 0.300357
CumReqs: 375877,375164,375167,374531,375651,373976,375166,374468
CumProbs: 0.11249999999999964,0.11249999999999964,0.11249999999999964,0.11249999999999964,0.11249999999999964,0.11249999999999964,0.11249999999999964,0.11249999999999964
SectionCumProbs: 0_3 0.0375,0.0375,0.0375,0.0375,0.0375,0.0375,0.0375,0.0375
SectionCumProbs: 1_3 0.0375,0.0375,0.0375,0.0375,0.0375,0.0375,0.0375,0.0375
SectionCumProbs: 2_3 0.0375,0.0375,0.0375,0.0375,0.0375,0.0375,0.0375,0.0375
