HitRate: 964742/3000000 0.321581
CumReqs: 374111,349887,281435,358800,391533,449415,382880,411939
CumProbs: 0.0918404824959889,0.11195048123615602,0.061253540363645095,0.11441448767796805,0.14716880893801423,0.19954219406892013,0.1141545221667259,0.15621094268160426
SectionCumProbs: 0_3 0.07715309768903993,0.07948378848406111,0.02964373393129845,0.10952646948838121,0.1275470787542186,0.17709817164256209,0.04914214714181252,0.051589155838658744
SectionCumProbs: 1_3 0.010593261294001663,0.027175394730965696,0.01991269158291667,0.0028262917119662124,0.00579223156394585,0.008368223149062225,0.02268865663821933,0.06609823096802492
SectionCumProbs: 2_3 0.004094123512947283,0.005291298021129197,0.011697114849429976,0.0020617264776206356,0.013829498619849768,0.01407579927729588,0.042323718386694034,0.038523555874920595
