HitRate: 2050051/3000000 0.683350
CumReqs: 3000000
CumProbs: 0.6709184897012975
SectionCumProbs: 0_3 0.542530110048229
SectionCumProbs: 1_3 0.0760661754909536
SectionCumProbs: 2_3 0.05232220416211465
