HitRate: 5737058/30000000 0.191235
CumReqs: 3750120,3753016,3749847,3751374,3747821,3751044,3748534,3748244
CumProbs: 0.052924999999995156,0.05312916666666181,0.05341666666666177,0.05308749999999515,0.0534499999999951,0.053312499999995114,0.05348333333332843,0.0532541666666618
SectionCumProbs: 0_3 0.017464583333332385,0.017387499999999077,0.01760416666666572,0.017408333333332398,0.017604166666665706,0.017545833333332386,0.017435416666665725,0.017433333333332385
SectionCumProbs: 1_3 0.01748541666666572,0.01768124999999904,0.017716666666665694,0.017731249999999022,0.017649999999999052,0.01772083333333238,0.017989583333332358,0.017766666666665692
SectionCumProbs: 2_3 0.017974999999999006,0.018060416666665677,0.018095833333332343,0.017947916666665682,0.01819583333333233,0.018045833333332324,0.01805833333333232,0.01805416666666567
