HitRate: 2314687/3000000 0.771562
CumReqs: 3000000
CumProbs: 0.5719851611049854
SectionCumProbs: 0_3 0.4277005788966832
SectionCumProbs: 1_3 0.0854771371895172
SectionCumProbs: 2_3 0.058807445018741224
