HitRate: 2907747/3000000 0.969249
CumReqs: 374072,377035,375277,378132,374093,373741,373782,373868
CumProbs: 0.11664700042595781,0.1179583694024203,0.11758501140470093,0.11768699245640662,0.1165712124022696,0.11690420737320721,0.11663562148755725,0.11732587218489286
SectionCumProbs: 0_3 0.042147587836816984,0.04261734476551684,0.04249926144248915,0.0426873359715298,0.04191743270538807,0.04212246829355438,0.04244172265963174,0.04271481718125273
SectionCumProbs: 1_3 0.03960901108866854,0.03986557394506533,0.03996798439067293,0.040022302719266004,0.03951647670280473,0.03989455803344496,0.03957380078871103,0.03962618684474535
SectionCumProbs: 2_3 0.0348904015004742,0.0354754506918398,0.035117765571540664,0.034977353765612916,0.03513730299407798,0.03488718104620984,0.03462009803921608,0.03498486815889664
