HitRate: 2961860/3000000 0.987287
CumReqs: 3000000
CumProbs: 0.9410893243211004
SectionCumProbs: 0_3 0.3846103939183375
SectionCumProbs: 1_3 0.297866844750744
SectionCumProbs: 2_3 0.25861208565206695
