HitRate: 2108268/3000000 0.702756
CumReqs: 375563,376587,380005,376833,378426,375147,369279,368160
CumProbs: 0.015446182969622123,0.0161914869062969,0.014685913090443859,0.016751878308928315,0.015136886824549597,0.015198080900563953,0.015277234107582518,0.015598503006657853
