HitRate: 132508/3000000 0.044169
CumReqs: 93727,94243,93313,93614,93398,93797,94021,93136,94491,93383,93628,94187,93758,93757,93750,93347,93915,93408,93770,93193,93895,93538,93899,94322,93482,93930,94156,93944,93714,93842,93508,93934
CumProbs: 0.004047628257497045,0.004210923578332215,0.003966381947343237,0.004273338968001776,0.004078586464330017,0.004239018096796616,0.004117333035741152,0.004268175651094804,0.0043004138398500934,0.004077263093189996,0.0038686260398524326,0.004118157430877559,0.00418994489157154,0.00412815864555871,0.004092926600781731,0.0039241425439067975,0.004052856658230573,0.0038276015345117508,0.003672832194955738,0.003948397116604249,0.004067739159903608,0.003911668143816427,0.004211704584250917,0.004095117756275865,0.003968963605796722,0.004251600969931251,0.004524627622343981,0.003998121160094911,0.004214177769660137,0.004152695248171247,0.0037569421934781195,0.004461886813541626
