HitRate: 5484528/30000000 0.182818
CumReqs: 1874198,1875578,1873589,1875733,1874534,1873731,1875987,1874671,1873654,1874036,1875871,1876315,1874432,1876262,1875432,1875977
CumProbs: 0.028230555555554836,0.028180555555554782,0.028187499999999373,0.02824861111111059,0.028197222222221607,0.028195833333332605,0.028233333333332507,0.02831805555555493,0.02819305555555474,0.028293055555554922,0.028081944444443716,0.028288888888888405,0.028252777777777037,0.028180555555554807,0.028151388888888226,0.028330555555554943
