HitRate: 1422406/3000000 0.474135
CumReqs: 3000000
CumProbs: 0.026660379771223975
