HitRate: 2967739/3000000 0.989246
CumReqs: 3000000
CumProbs: 0.9897660949187599
