HitRate: 1355987/3000000 0.451996
CumReqs: 393445,329184,262443,446746,416125,373798,416774,361485
CumProbs: 0.02064529159370519,0.013936613338968055,0.008697051967676762,0.01672286949722741,0.015250753055716458,0.017703724984518946,0.013061075668184888,0.02570387962840141
