HitRate: 347611/3000000 0.115870
CumReqs: 374156,374716,374761,376360,374819,374463,375553,375172
CumProbs: 0.010250000000000007,0.010645833333333335,0.010666666666666675,0.010604166666666673,0.010125000000000007,0.010875,0.010041666666666671,0.010020833333333335
