HitRate: 2770981/3000000 0.923660
CumReqs: 187545,187158,187817,187713,187411,187839,187067,188491,187018,188338,186735,187411,187276,188123,186794,187264
CumProbs: 0.05494444444444676,0.05480555555555785,0.05480555555555786,0.054930555555557876,0.05469444444444674,0.054791666666668966,0.054694444444446745,0.054750000000002304,0.05479166666666896,0.054888888888891194,0.05486111111111342,0.054736111111113414,0.054819444444446766,0.05484722222222456,0.05475000000000229,0.054805555555557876
