HitRate: 1768897/3000000 0.589632
CumReqs: 31803,17863,17634,28024,26884,27129,15256,15085,26379,25190,25585,15552,14950,24917,23556,23930,15282,14860,23459,22710,22820,15464,15048,22545,21750,21816,15216,14759,21788,21239,21497,15536,15015,21180,20237,20432,15138,15734,21350,20545,19949,14952,15258,20732,19809,19520,14937,15356,20207,19870,19202,15228,15244,19846,19112,18698,14882,15275,19596,18972,18589,14890,15332,19148,18391,18207,14939,15232,19075,20298,19739,16821,15450,18638,19797,19300,16631,15114,18579,19585,19091,16572,15136,18287,19427,18809,16190,15260,18130,19185,18685,16353,15040,17650,18604,18473,16283,15114,17660,18907,18105,105148,103255,105786,18257,18023,60027,58400,61388,18435,18154,50413,49590,51582,18209,17452,40269,38714,41453,17967,17778,34195,33130,35355,17395,17133,30385,29589
CumProbs: 0.021607088160304617,0.009078229207699172,0.007678796082649184,0.01813521968644335,0.016997620266791618,0.01822083831254316,0.005213112393030644,0.00657471403212955,0.016955806519161485,0.016572845687691788,0.015183036361699535,0.00600292762604439,0.005490211434865298,0.015526174576378617,0.01398105704490299,0.015420312786743579,0.005039552154851572,0.004963889182949416,0.014162249951300257,0.013653516021800226,0.013443451718229768,0.005009685192258617,0.005955140485895658,0.014160258820460727,0.011454975719818688,0.011893024504515388,0.005212448682750801,0.004994088000682294,0.012952637966285508,0.010610404388717855,0.011701544088780541,0.005210457551911269,0.005965427995233233,0.012242136111713056,0.010699673421356805,0.011317587691891087,0.00478170071113238,0.005866867018676475,0.01266126915343422,0.010718921019472263,0.010318040010446798,0.004463451631947429,0.004244095384459157,0.01064292619243019,0.01023242138434699,0.008555225507182506,0.006228257266051252,0.005895406560709745,0.010982082145430205,0.010562285393429205,0.008791174511666866,0.005075724365103043,0.006168523340865339,0.00999083084248396,0.010154435426465382,0.009152232903901724,0.004978490809105972,0.00578589436453557,0.010548347477552487,0.010155430991885145,0.00932380201124126,0.003694211417608831,0.004856036262474849,0.009146259511383129,0.008206445755124756,0.008498146423115967,0.005272514463076637,0.005478264649828116,0.008910974217178614,0.010473348215930172,0.009328116128060242,0.007512868512688315,0.00457827351036035,0.010069812365785337,0.010172687459161075,0.008993938002159049,0.008011314932850773,0.0034582624131244727,0.010073462772324479,0.010563944669128808,0.00980399639870802,0.006715088756316448,0.004008478235114722,0.008328568446615961,0.009276346726232452,0.009172476067436949,0.007404020026793984,0.003991553622978713,0.009065618712382146,0.00933143467945946,0.009841164174379254,0.007316410269854643,0.004944973439973877,0.007961868517002433,0.008945487151730474,0.008850576581712857,0.00756165121825681,0.0039932128986783205,0.008990619450759832,0.009108759880571974,0.008598366675372332,0.09473535050373952,0.09450736602261328,0.0946845766673315,0.008853563277972154,0.008673034081854726,0.05021698348323783,0.04810903963445493,0.051055581421820075,0.009056326768464334,0.008398589881139446,0.04207856803179704,0.040230466757572865,0.04224383189147806,0.007457116849181463,0.007785321582564067,0.030502133330766984,0.02974915401828455,0.03201141050713108,0.008436421367090522,0.0075115410921286286,0.02511844739581657,0.023465476943866366,0.024705287746614006,0.008941504890051416,0.008197153811206946,0.020888953637513964,0.018485990569340634
