HitRate: 2998473/30000000 0.099949
CumReqs: 234979,234207,235231,234535,235198,234582,235050,235172,234308,234370,234106,234699,233720,234285,232974,234617,234092,233642,233481,235424,234742,235194,234260,233901,234309,234577,234786,234583,233710,235121,235023,234595,234991,235176,233421,234469,234419,234193,234091,234324,234463,232776,234742,233835,235418,234639,234887,234199,234646,234492,234401,233796,235149,235288,233741,234636,233969,234040,234612,234164,234005,234929,234013,233726,234182,234647,234140,235451,233638,233942,233904,234782,234313,234144,234482,233979,233784,234680,233925,234458,233759,233874,234757,233970,234717,234206,234622,233404,234513,234358,233544,233870,234961,234045,234959,234668,234442,235244,234099,234803,235102,234838,233822,234451,233831,234299,234838,234062,233601,233903,234431,234227,235438,234004,234737,234172,234508,234238,234986,233455,233803,233798,235625,234062,234664,234584,234541,233591
CumProbs: 0.0007812499999999903,0.0007812499999999903,0.0007812499999999903,0.0007812499999999903,0.0007812499999999903,0.0007812499999999903,0.0007812499999999903,0.0007812499999999903,0.0007812499999999903,0.0007812499999999903,0.0007812499999999903,0.0007812499999999903,0.0007812499999999903,0.0007812499999999903,0.0007812499999999903,0.0007812499999999903,0.0007812499999999903,0.0007812499999999903,0.0007812499999999903,0.0007812499999999903,0.0007812499999999903,0.0007812499999999903,0.0007812499999999903,0.0007812499999999903,0.0007812499999999903,0.0007812499999999903,0.0007812499999999903,0.0007812499999999903,0.0007812499999999903,0.0007812499999999903,0.0007812499999999903,0.0007812499999999903,0.0007812499999999903,0.0007812499999999903,0.0007812499999999903,0.0007812499999999903,0.0007812499999999903,0.0007812499999999903,0.0007812499999999903,0.0007812499999999903,0.0007812499999999903,0.0007812499999999903,0.0007812499999999903,0.0007812499999999903,0.0007812499999999903,0.0007812499999999903,0.0007812499999999903,0.0007812499999999903,0.0007812499999999903,0.0007812499999999903,0.0007812499999999903,0.0007812499999999903,0.0007812499999999903,0.0007812499999999903,0.0007812499999999903,0.0007812499999999903,0.0007812499999999903,0.0007812499999999903,0.0007812499999999903,0.0007812499999999903,0.0007812499999999903,0.0007812499999999903,0.0007812499999999903,0.0007812499999999903,0.0007812499999999903,0.0007812499999999903,0.0007812499999999903,0.0007812499999999903,0.0007812499999999903,0.0007812499999999903,0.0007812499999999903,0.0007812499999999903,0.0007812499999999903,0.0007812499999999903,0.0007812499999999903,0.0007812499999999903,0.0007812499999999903,0.0007812499999999903,0.0007812499999999903,0.0007812499999999903,0.0007812499999999903,0.0007812499999999903,0.0007812499999999903,0.0007812499999999903,0.0007812499999999903,0.0007812499999999903,0.0007812499999999903,0.0007812499999999903,0.0007812499999999903,0.0007812499999999903,0.0007812499999999903,0.0007812499999999903,0.0007812499999999903,0.0007812499999999903,0.0007812499999999903,0.0007812499999999903,0.0007812499999999903,0.0007812499999999903,0.0007812499999999903,0.0007812499999999903,0.0007812499999999903,0.0007812499999999903,0.0007812499999999903,0.0007812499999999903,0.0007812499999999903,0.0007812499999999903,0.0007812499999999903,0.0007812499999999903,0.0007812499999999903,0.0007812499999999903,0.0007812499999999903,0.0007812499999999903,0.0007812499999999903,0.0007812499999999903,0.0007812499999999903,0.0007812499999999903,0.0007812499999999903,0.0007812499999999903,0.0007812499999999903,0.0007812499999999903,0.0007812499999999903,0.0007812499999999903,0.0007812499999999903,0.0007812499999999903,0.0007812499999999903,0.0007812499999999903,0.0007812499999999903,0.0007812499999999903
