HitRate: 2293666/3000000 0.764555
CumReqs: 45553,46940,46374,47003,48254,47958,47231,45116,44264,46501,48198,49439,45960,46913,49368,50968,48528,46105,44580,45878,48283,49128,48754,45049,45255,44810,47451,47146,48274,47474,46430,47700,45936,46933,44006,45403,45455,46099,46004,44737,45760,46870,47920,47613,46746,46145,46800,47125,48546,47390,48406,48865,47998,46754,44947,46591,45904,47792,47746,47253,46734,46746,45946,45945
CumProbs: 0.01456130375301988,0.01481209880610235,0.01605803194986007,0.016634979714492817,0.01696351527690375,0.01735430281804889,0.016413672440810757,0.01594067654497349,0.016228405786395915,0.01662246974747447,0.016992109487231417,0.01633563407512476,0.015412875079341476,0.0165438356690733,0.016494689370072566,0.01618789732176502,0.014914561393109916,0.014851713701660508,0.015109359450967322,0.016808629970962052,0.01614828242620687,0.018223745525825362,0.017189290395949543,0.015926379439809648,0.015837022532535588,0.01544534142231771,0.015867701737366364,0.015961526490004103,0.01663617113992317,0.015974334313380054,0.016465797303387292,0.01606637192787234,0.015795918355189537,0.01600769422542903,0.01618015305646793,0.01564282018739334,0.01643154382226557,0.015654138728981384,0.015803960476844205,0.014936304907213266,0.015652649447193485,0.016015438490726126,0.01670616738395449,0.016043436988338662,0.016038671286617356,0.01617896163103762,0.015255606922539166,0.01612296463581253,0.016793141440367927,0.01622512936646256,0.017464807526711146,0.016259680703941848,0.015943357252191714,0.015728304962018852,0.015164760733477226,0.015125443694276649,0.014925879934697961,0.015585036054022791,0.015705965735200337,0.015464999941917999,0.016633490432704935,0.015365813774843815,0.015750048476122203,0.01469563697028852
