HitRate: 364317/3000000 0.121439
CumReqs: 3000000
CumProbs: 0.07917187499999387
