HitRate: 1374480/3000000 0.458160
CumReqs: 325919,331480,345569,350355,359312,419861,426348,441156
CumProbs: 0.12220364363280783,0.08465882144346198,0.1451454056985129,0.14272044984997334,0.1504085863967176,0.20289641579127515,0.2397853400820606,0.2628677469207293
