HitRate: 2371279/3000000 0.790426
CumReqs: 95568,95833,95295,94195,94369,92806,91983,90546,91728,92692,96410,95128,97316,94769,94272,94000,95421,95464,93432,91808,93010,93219,92251,89573,90470,92270,96157,96314,93909,91888,92378,95526
CumProbs: 0.030403121304930152,0.03102548355865947,0.030205007049373286,0.030641781406466173,0.030373783253774454,0.03021522592112418,0.030354004792321213,0.02984932438423881,0.027917298341279328,0.030048757203892537,0.03041729586897163,0.029523309411284216,0.030952303251282398,0.030491465099421387,0.03059958735536588,0.030343456279546162,0.030009200280986005,0.02990898940962283,0.028029046648490256,0.027369105317999746,0.02881655905535432,0.028190241109334345,0.02935222571971349,0.02872425956857242,0.02785763331589531,0.02909741320799064,0.032436347142325475,0.032184501399820604,0.031243705916693787,0.02945968869360954,0.030175998639241843,0.029972939768321712
