HitRate: 25137691/30000000 0.837923
CumReqs: 180158,174915,157136,496097,494475,515496,169995,168192,790208,867612,871381,234677,170416,174121,205042,195264,203811,168472,182622,180054,193611,176864,171473,154503,181471,174524,183088,170139,206051,194993,186667,150356,147699,144644,157204,213085,208512,203233,150793,160241,180436,187214,181063,156888,157543,169046,169755,180046,253632,250845,253009,176592,191301,167272,155423,146025,150258,162663,236967,243267,243310,177741,227884,220108,211542,279052,275693,280910,411287,409577,406930,153636,167465,181342,179934,165800,223198,229319,246988,186925,199713,288077,309608,335416,244020,208762,174151,163388,186329,185367,187670,220182,223768,257989,196868,226073,223408,225102,200758,186484,383490,385287,465155,362638,393209,285290,198980,156369,158357,157968,159251,156198,167435,175805,197815,178163,168929,304795,314965,304300,255264,308427,309862,202533,143219,147977,159279,178726
CumProbs: 0.01445778476309855,0.013969832669333323,0.012161590871438867,0.046088715431248754,0.045877389120057,0.048033476178911065,0.013409610359999711,0.013255485155593025,0.07553377961130456,0.08325321248794951,0.08347399543373599,0.019908009754118102,0.013448231358177095,0.013833313719570547,0.01688104096993102,0.015940067386590942,0.016766741267294705,0.013210534106618611,0.014738587866637945,0.014477543747568294,0.015842374456894473,0.014116577085766798,0.013566964659144158,0.011881402833564052,0.014616112916212334,0.013848229061932513,0.014778208346519864,0.013481265509903433,0.017058179881280406,0.015894091228176185,0.015103244922425652,0.011530917915794348,0.011198218646820506,0.010910547310028731,0.01210433850917688,0.01773572596610076,0.017339572422749153,0.01675569571307133,0.011500702815030437,0.012449415974647235,0.01450406845434556,0.01520721664744669,0.01459945488780121,0.01203824457798883,0.012218176912564846,0.013357867960980584,0.013464812503380587,0.014391050138510145,0.021775272228059542,0.021465432899611923,0.02178390877509825,0.014063860832779808,0.015586737790124058,0.0131361367889611,0.011996291974128841,0.01105372947115625,0.011416105658437845,0.012745185676020647,0.020182534062333893,0.020840141768530527,0.02077015242146983,0.014238283204112481,0.01925129901867975,0.018520242221055937,0.017592466921765738,0.024322387283063095,0.024030179836994604,0.024537737148813382,0.03745926727636763,0.03747241430494693,0.037227413148622886,0.011849265652598619,0.013189160574780501,0.014543022613091722,0.014417779867175833,0.013059253580909829,0.018755120421652675,0.019362036466010618,0.02114178022145291,0.015092353134617991,0.01646822939816833,0.02514824107621249,0.027449022332621514,0.029988346555874647,0.02088519532844909,0.01734774767053762,0.01386478457939918,0.012858332130535855,0.015007038401416838,0.015055859238529628,0.015245709506943862,0.018494973273342933,0.018840870826366075,0.022341901471397346,0.016184709754609904,0.018999147724007744,0.01882856951307765,0.01895545243409832,0.016544164379986532,0.015119134118756351,0.03485448981532847,0.034952644044274624,0.04295867189280398,0.03268684464752925,0.03572462833631509,0.02495777574213433,0.016374483139817257,0.012127839143104347,0.012247879458608472,0.012303132857461298,0.012319867769080551,0.012054466934887776,0.01326578750547185,0.014074470715490957,0.016160389033130024,0.014238975152984912,0.013450563482154966,0.026885596556285224,0.027922315361384665,0.026916452350450714,0.022007433888638576,0.027321626856878795,0.027553660378776226,0.01672168770737666,0.010784381965616792,0.011231073404394377,0.012382988882890546,0.014318984944830257
