HitRate: 1929397/3000000 0.643132
CumReqs: 23073,23355,24081,23968,23384,23700,23090,23439,24200,23035,23410,23225,22922,22436,23439,23834,23658,23752,23952,23527,23879,23729,23057,23813,23690,23442,23600,24452,24132,23379,23172,23692,23450,23663,23318,23545,23270,23332,23638,23328,22886,22983,23762,23133,23233,22892,23598,23769,23024,22263,23442,23550,23642,23961,23381,23478,23937,23144,23360,23521,23384,23576,23740,23830,23580,23542,23080,22711,23780,22923,23181,23505,22658,23724,24245,23326,23648,23169,23161,23765,23010,23272,23191,23061,23732,23461,23344,23709,23232,23452,23795,22950,24057,23600,23500,23134,22383,23105,22870,23143,23557,23793,23542,23671,23784,23685,23435,23468,23995,23302,24392,23635,23872,23836,22537,23491,23281,22860,22999,23618,23413,23749,23107,23238,22813,23355,23104,23919
CumProbs: 0.0027131532004500553,0.002835585183311592,0.0028227373826409303,0.0027597579675887056,0.00278545356893002,0.0028290353241461497,0.0027650482384530906,0.0027975456166200426,0.0028486849016424597,0.0027091225178867105,0.0028111491702713194,0.0026766251397197585,0.002731795107305519,0.0027698346739970688,0.0027796594627452114,0.0027778960391237504,0.002757742626307025,0.002812912593892784,0.00280107246386297,0.0027950264400179426,0.0027796594627452127,0.0027197030596154814,0.002716931965353186,0.0027781479567839545,0.002808629993669236,0.0028635480435947845,0.0027174358006736114,0.0029232525290642905,0.002899572269004654,0.0027511927671415998,0.0026826711635647748,0.002812408758572371,0.002700809235099814,0.0028076223230283966,0.002755223449704942,0.002836340936292217,0.002792507263415856,0.002719954977275701,0.0027700865916572793,0.0027285201777227973,0.0028239969709419775,0.0027574907086468214,0.002844402301418898,0.002734818119228025,0.0027066033412846235,0.002658738985844931,0.0028149279351744588,0.0028481810663220364,0.0027035803293621093,0.0027164281300327713,0.002841127371836191,0.002788980416172937,0.0028355851833115875,0.0028660672201968706,0.0028126606762325754,0.0028151798528346685,0.002807370405368194,0.0027267567541013403,0.002742627566694496,0.002777896039123746,0.0027368334605096857,0.002834577512670758,0.0028678306438183324,0.0028829457034308687,0.002763536732491838,0.0028547309254874625,0.0027647963207928805,0.0027129012827898534,0.0027748730272012293,0.002807874240688616,0.0027290240130432137,0.0028406235365157663,0.0027305355190044727,0.0028993203513444465,0.0028335698420299217,0.0027988052049210945,0.002915191163937617,0.002753963861403895,0.002755223449704957,0.0027549715320447335,0.002762780979511214,0.0027552234497049497,0.002800064793222129,0.0027859574042504325,0.002716176212372566,0.0027746211095410287,0.002810393417290695,0.002759757967588693,0.0027305355190044645,0.002865815302536661,0.0027867131572310603,0.002715924294712353,0.0028690902321193723,0.0028053550640865115,0.002807622323028406,0.002761269473549951,0.0026718387041757934,0.00280107246386297,0.0027504370141609676,0.0028315545007482363,0.0027642924854724645,0.0027396045547719936,0.002753963861403896,0.0028751362559643902,0.0027937668517169067,0.0027554753673651538,0.002776132615502283,0.0026887171874097867,0.0028711055734010537,0.0027975456166200413,0.0029303062235501434,0.002822233547320513,0.0027804152157258387,0.0028355851833115897,0.0027265048364411267,0.0026627696684082764,0.002739352637111783,0.0027262529187809244,0.0027970417812996236,0.0027993090402415035,0.0027839420629687576,0.00280434739344568,0.002738848801791367,0.002699297729138561,0.0027035803293621132,0.002810393417290701,0.002720458812596112,0.002948192377424975
