HitRate: 2706188/3000000 0.902063
CumReqs: 23441,23463,23544,23601,23688,23814,23696,23245,23009,23354,23227,23477,23440,23250,23381,23350,23531,23378,23434,23292,23334,23852,23474,23337,23538,23487,23287,23516,23449,23575,23396,23541,23208,23440,23348,23607,23527,23546,23337,23348,23578,23651,23555,23507,23546,23359,23371,23687,23425,23423,23291,23306,23086,23450,23298,23618,23218,23380,23281,23624,23496,23368,23240,23424,23359,23352,23566,23319,23547,23300,23212,23554,23407,23321,23370,23595,23428,23324,23715,23391,23478,23349,23197,23483,23788,23360,23509,23326,23312,23484,23603,23597,23448,23200,23522,23479,23257,23437,23576,23424,23681,23394,23561,23298,23704,23597,23536,23608,23233,23229,23152,23224,23190,23417,23311,23694,23573,23700,23324,23549,23355,23618,23491,23197,23091,23647,23477,23616
CumProbs: 0.00721198935325982,0.007211229956676336,0.007279322516994568,0.007285903954051342,0.007277044327244169,0.007325392576392042,0.007280081913578035,0.007178069639197928,0.00710212998085048,0.007249452918044565,0.007160603517778013,0.007229455474679732,0.007229708606874246,0.007196042025006858,0.007217051997149656,0.007178829035781416,0.007255274958517876,0.0072124956176487995,0.007236036911736523,0.007201610933285668,0.0071978139503682875,0.007329948955892892,0.007219836451289042,0.007180854093337339,0.0072595782058242275,0.007211229956676335,0.007179335300170396,0.0072788162526055775,0.0072479341248776015,0.007266159642881012,0.00721148308887082,0.007226417888345849,0.007155540873888197,0.007219077054705585,0.007206673577175496,0.007229202342485235,0.00722084898006701,0.007256540619490315,0.007157059667055153,0.007201610933285653,0.0072497060502390645,0.007264893981908558,0.007206673577175488,0.007239833894653882,0.007305901397416201,0.007213761278621254,0.007180854093337346,0.007300838753526358,0.007242112084404316,0.007261856395574662,0.007197054553784808,0.0071550346094991875,0.007120861763242836,0.007234011854180587,0.0071957888928123595,0.0072573000160738085,0.007209458031314906,0.0072266710205403095,0.0071641473685009095,0.007241352687820839,0.007229455474679728,0.007210217427898364,0.007220342715678016,0.007216798864955144,0.007208951766925935,0.007241352687820826,0.007274259873104744,0.0072026234620636235,0.0072375557049034625,0.007175538317253028,0.0071714882021411686,0.007245402802932691,0.0071613629143615,0.0071800946967538705,0.007192245042089468,0.007287169615023813,0.007204395387425053,0.007194016967450901,0.007255021826323388,0.007208445502536927,0.007239580762459388,0.0071628817075284415,0.0071684506158072704,0.007253249900961957,0.007311217173500515,0.0072023703298691455,0.007277044327244142,0.007184651076254731,0.00719806708256278,0.007236036911736514,0.007268184700436932,0.007282360103328484,0.007251731107795007,0.007166931822640306,0.007255781222906855,0.007222114641039464,0.007161362914361482,0.007226924152734811,0.007210470560092876,0.007212748749843289,0.007270209757992893,0.007212748749843293,0.007270716022381887,0.007167438087029283,0.007240846423431859,0.007284891425273387,0.007264134585325095,0.0072398338946538816,0.00712288682079879,0.007160603517778019,0.007177057110419989,0.007174272656280552,0.007152250155359792,0.007206673577175487,0.007182119754309793,0.007287169615023817,0.007226164756151345,0.00732387378322508,0.0071750320528640305,0.00722818981370728,0.007191738777700497,0.007227177284929309,0.007243884009765764,0.007164653632889903,0.0071276963324940976,0.007273247344326786,0.007252996768767448,0.007265147114103042
