HitRate: 2643000/3000000 0.881000
CumReqs: 84363,76521,75227,84664,82276,151278,145396,144563,82888,80185,114862,109766,108584,81342,79241,105884,101555,100572,79696,78094,97279,93512,92614,78768,76961,91212,88778,87395,77667,76371,87432,85054
CumProbs: 0.0751402922371545,0.06754700684340159,0.06601759147105357,0.07566402436841886,0.07332403162580065,0.1420225080878537,0.13592784532585783,0.1347331892079508,0.07357356781812568,0.07152885318123645,0.10545133724821402,0.10057381824871493,0.09956941271467983,0.07220373805983131,0.07029816572371825,0.09685773498309659,0.09274377373337703,0.09164762883119448,0.07080388218518092,0.06892795265328643,0.08772302377046237,0.08426989262148447,0.0834022017448256,0.06956718950440192,0.06790374265957613,0.08204106039463543,0.07903589334721962,0.07823732642347997,0.06840485937556119,0.06705751726183101,0.07853784312822792,0.07605819700197851
