HitRate: 36641/3000000 0.012214
CumReqs: 3000000
CumProbs: 0.00780208333333353
