HitRate: 2961017/3000000 0.987006
CumReqs: 318002,276330,250318,551334,370333,428717,348399,456567
CumProbs: 0.10445754136109668,0.09063215106394695,0.08202098482330532,0.1822954900324449,0.12204362911189948,0.14137944845494993,0.11475029112377397,0.15073874899272302
