HitRate: 347751/3000000 0.115917
CumReqs: 23371,23590,23170,23190,23588,23413,23323,23285,23610,23376,23536,23486,23304,23429,23204,23140,23657,23280,23348,23600,23498,23560,23507,23253,23688,23341,23501,23570,23587,23412,23495,23321,23477,23643,23311,23529,23291,23645,23353,23475,23441,23518,23266,23387,23328,23375,23361,23280,23192,23478,23403,23416,23263,23360,23027,23473,23290,23260,23700,23356,23433,23359,23864,23549,23626,23361,23595,23501,23208,23512,23471,23425,23576,23518,23347,23496,23637,23261,23485,23657,23559,23485,23398,23255,23286,23547,23398,23472,23399,23423,23362,23448,23615,23325,23214,23562,23604,23481,23511,23649,23387,23418,23397,23366,23217,23333,23634,23677,23448,23410,23409,23461,23070,23451,23506,23356,23538,23489,23532,23274,23590,23552,23511,23466,23503,23646,23606,23348
CumProbs: 0.0007031249999999995,0.0006510416666666663,0.0006770833333333331,0.0006249999999999998,0.000677083333333333,0.000638020833333333,0.0007421874999999996,0.0007161458333333332,0.0007031249999999999,0.0006640624999999997,0.0006249999999999998,0.0006510416666666663,0.0006770833333333329,0.0006510416666666665,0.0006249999999999997,0.0007031249999999999,0.0007031249999999996,0.0005859374999999995,0.000638020833333333,0.0007161458333333331,0.0006119791666666665,0.0005859374999999998,0.0006249999999999996,0.000638020833333333,0.0007291666666666663,0.0006249999999999998,0.000559895833333333,0.0007031249999999998,0.0006249999999999996,0.0006380208333333331,0.000598958333333333,0.0006901041666666663,0.000677083333333333,0.0005468749999999998,0.0005468749999999997,0.0006510416666666662,0.0005859374999999997,0.0006249999999999996,0.000638020833333333,0.000638020833333333,0.000598958333333333,0.0006380208333333331,0.0007682291666666664,0.0006901041666666662,0.0006510416666666661,0.0007421874999999997,0.0007421874999999998,0.0006119791666666663,0.000677083333333333,0.0006901041666666666,0.0007552083333333329,0.0006640624999999996,0.0007552083333333331,0.0007161458333333332,0.0006901041666666663,0.0006770833333333329,0.0007812499999999998,0.0006770833333333329,0.0006249999999999997,0.0006380208333333331,0.000716145833333333,0.0007291666666666662,0.0005859374999999997,0.0006119791666666664,0.0006640624999999997,0.0006640624999999997,0.0005208333333333331,0.0006249999999999996,0.0006510416666666663,0.0006249999999999997,0.0006119791666666665,0.0006901041666666663,0.0006901041666666664,0.0006770833333333329,0.0006510416666666662,0.0005598958333333329,0.0006901041666666663,0.0007031249999999998,0.0006119791666666665,0.0006380208333333331,0.0005729166666666665,0.0006249999999999996,0.0007031249999999998,0.0006640624999999996,0.0006249999999999998,0.0006770833333333331,0.0007291666666666663,0.0005859374999999997,0.0006640624999999996,0.0007291666666666664,0.0005989583333333329,0.0006510416666666663,0.0007421874999999999,0.0006380208333333332,0.0007031249999999998,0.0006249999999999997,0.000559895833333333,0.0007421874999999995,0.0007421874999999997,0.0006510416666666663,0.0006640624999999999,0.000716145833333333,0.0005989583333333332,0.0005989583333333331,0.0006510416666666665,0.0006249999999999997,0.0007682291666666663,0.0005859374999999997,0.0006510416666666665,0.0006249999999999998,0.0006380208333333329,0.0006249999999999997,0.0006510416666666663,0.0007291666666666664,0.0007031249999999995,0.000716145833333333,0.0006901041666666663,0.0006901041666666662,0.0007031249999999998,0.0007421874999999999,0.0006901041666666664,0.0005468749999999997,0.0006640624999999999,0.0006119791666666664,0.0007682291666666663,0.0006640624999999995,0.0006380208333333331,0.0006119791666666663
