HitRate: 1290359/3000000 0.430120
CumReqs: 33684,42353,40902,45219,42074,48252,48856,46755,41255,49341,46456,46418,39583,48207,63897,63721,55084,57141,61244,66470,59466,51096,51726,44419,52775,44173,45148,36285,41811,47983,48554,50949,42504,50982,47494,43752,38170,38353,48012,44932,45180,38144,47049,48296,49037,45586,43090,45800,47844,48396,55079,57173,61166,51203,41260,32933,39833,43233,45572,36248,35228,41253,43031,42870
CumProbs: 0.007322162853234294,0.013522574616746138,0.010561963686677719,0.009350698790032889,0.008540415816590536,0.008919102479332792,0.011596863090129757,0.007551105229303427,0.0037652368971253423,0.011206529649535142,0.010824515335977926,0.009546697423033932,0.005013438717816208,0.0073680844344807175,0.009121423648882259,0.009468497628882407,0.006328526319887737,0.0050041212955343264,0.00867318908410737,0.004970512022303248,0.01572614498641154,0.008921764599984753,0.009992935397319845,0.01189202571741656,0.010234522846485818,0.009176662652410569,0.004021466009877133,0.003843769456358359,0.005180486788727117,0.012215806141712002,0.0061734577919106805,0.005914566558506923,0.0052001199285353706,0.012118305972833723,0.010433516365220327,0.011277075846812262,0.005771810338545212,0.0038454332817658378,0.005802757491124323,0.004017140063817688,0.004844394056416327,0.004881330980462364,0.012786498256477357,0.011456103460657018,0.01227270897064779,0.008522446502189761,0.0061654714299547815,0.0037832062115261173,0.009147046560157438,0.009759001545028274,0.021324251952415923,0.016446248622768517,0.012737581789497467,0.009936032568384056,0.006239345278046856,0.0038693923676335383,0.0016941070298952822,0.0025466511686876047,0.005265341884508555,0.007020344924317572,0.006517869651258868,0.0027985543353799495,0.004342251548439115,0.005197790572964901
