HitRate: 1892613/3000000 0.630871
CumReqs: 637785,220790,291094,283789,652207,261460,223657,429218
CumProbs: 0.16089407853430365,0.03611752818364927,0.05387352716521212,0.047846551910302876,0.15832765683465994,0.03725260574617186,0.03302589149911553,0.09443305441840438
