HitRate: 1344132/3000000 0.448044
CumReqs: 3000000
CumProbs: 0.015562937136174187
