HitRate: 396414/3000000 0.132138
CumReqs: 3000000
CumProbs: 0.13219813999298205
