HitRate: 2851987/3000000 0.950662
CumReqs: 3000000
CumProbs: 0.8491901041629005
