HitRate: 17453749/30000000 0.581792
CumReqs: 30000000
CumProbs: 0.4178847222211536
