HitRate: 2213227/3000000 0.737742
CumReqs: 3000000
CumProbs: 0.7398994377033752
