HitRate: 826293/3000000 0.275431
CumReqs: 187064,187555,187108,187581,188746,188308,187989,188829,189234,187431,187866,186842,186032,186393,186489,186533
CumProbs: 0.006216215946023492,0.006379502416139902,0.006274199304799522,0.006033601689648404,0.0061112460723772265,0.006083587343765674,0.00626820102630545,0.006309189262681611,0.006322518770446215,0.006362840531434146,0.0061682297180709125,0.006369505285316447,0.006177560373506139,0.006371171473787024,0.0060146071410838425,0.006316187254258028
