HitRate: 395600/3000000 0.131867
CumReqs: 3000000
CumProbs: 0.13134905473660444
