HitRate: 907765/3000000 0.302588
CumReqs: 93410,93420,93961,93710,93869,93979,93887,93682,93002,93625,93965,94127,93450,93442,94169,93718,94063,94298,93760,94380,93686,93839,94032,93200,93249,94077,93554,93966,93576,93418,93662,93824
CumProbs: 0.033375893402377205,0.033349396540150164,0.033318442261847714,0.03340016155656589,0.03356013326683171,0.033527693183170906,0.03329813625528181,0.03335855900652788,0.03335112997973517,0.03333330031543298,0.033300117329093194,0.033386789308339215,0.03336400695950881,0.033357073201169,0.03324638070196007,0.03341625778128279,0.03356087616951084,0.03345513635483031,0.03348138558283087,0.033406352412226295,0.03343037293218863,0.03339496123781124,0.03353289350192582,0.033346920197886085,0.03342888712683038,0.0333838176976221,0.03334592966098053,0.033362025885697366,0.033288973788904344,0.03345067893875505,0.03340808585181127,0.033373912328565514
