HitRate: 99934/3000000 0.033311
CumReqs: 23236,23285,23227,23599,23234,23404,23316,23474,23394,23388,23371,23540,23523,23419,23232,23382,23669,23231,23512,23665,23588,23440,23311,23427,23597,23336,23220,23530,23470,23227,23451,23477,23524,23577,23393,23345,23279,23406,23407,23534,23352,23810,23180,23490,23431,23525,23662,23293,23437,23757,23480,23598,23319,23626,23399,23503,23547,23739,23328,23565,23438,23398,23664,23465,23570,23655,23586,23477,23216,23653,23520,23309,23416,23241,23573,23214,23588,23300,23524,23306,23211,23392,23440,23216,23284,23421,23386,23335,23395,23536,23171,23355,23433,23342,23538,23544,23490,23614,23403,23701,23247,23387,23388,23736,23421,23527,23270,23401,23298,23569,23338,23650,23527,23450,23389,23356,23404,23443,23108,23296,23379,23375,23492,23519,23496,23540,23611,23382
CumProbs: 0.0007812500000000033,0.0007812500000000033,0.0007812500000000033,0.0007812500000000033,0.0007812500000000033,0.0007812500000000033,0.0007812500000000033,0.0007812500000000033,0.0007812500000000033,0.0007812500000000033,0.0007812500000000033,0.0007812500000000033,0.0007812500000000033,0.0007812500000000033,0.0007812500000000033,0.0007812500000000033,0.0007812500000000033,0.0007812500000000033,0.0007812500000000033,0.0007812500000000033,0.0007812500000000033,0.0007812500000000033,0.0007812500000000033,0.0007812500000000033,0.0007812500000000033,0.0007812500000000033,0.0007812500000000033,0.0007812500000000033,0.0007812500000000033,0.0007812500000000033,0.0007812500000000033,0.0007812500000000033,0.0007812500000000033,0.0007812500000000033,0.0007812500000000033,0.0007812500000000033,0.0007812500000000033,0.0007812500000000033,0.0007812500000000033,0.0007812500000000033,0.0007812500000000033,0.0007812500000000033,0.0007812500000000033,0.0007812500000000033,0.0007812500000000033,0.0007812500000000033,0.0007812500000000033,0.0007812500000000033,0.0007812500000000033,0.0007812500000000033,0.0007812500000000033,0.0007812500000000033,0.0007812500000000033,0.0007812500000000033,0.0007812500000000033,0.0007812500000000033,0.0007812500000000033,0.0007812500000000033,0.0007812500000000033,0.0007812500000000033,0.0007812500000000033,0.0007812500000000033,0.0007812500000000033,0.0007812500000000033,0.0007812500000000033,0.0007812500000000033,0.0007812500000000033,0.0007812500000000033,0.0007812500000000033,0.0007812500000000033,0.0007812500000000033,0.0007812500000000033,0.0007812500000000033,0.0007812500000000033,0.0007812500000000033,0.0007812500000000033,0.0007812500000000033,0.0007812500000000033,0.0007812500000000033,0.0007812500000000033,0.0007812500000000033,0.0007812500000000033,0.0007812500000000033,0.0007812500000000033,0.0007812500000000033,0.0007812500000000033,0.0007812500000000033,0.0007812500000000033,0.0007812500000000033,0.0007812500000000033,0.0007812500000000033,0.0007812500000000033,0.0007812500000000033,0.0007812500000000033,0.0007812500000000033,0.0007812500000000033,0.0007812500000000033,0.0007812500000000033,0.0007812500000000033,0.0007812500000000033,0.0007812500000000033,0.0007812500000000033,0.0007812500000000033,0.0007812500000000033,0.0007812500000000033,0.0007812500000000033,0.0007812500000000033,0.0007812500000000033,0.0007812500000000033,0.0007812500000000033,0.0007812500000000033,0.0007812500000000033,0.0007812500000000033,0.0007812500000000033,0.0007812500000000033,0.0007812500000000033,0.0007812500000000033,0.0007812500000000033,0.0007812500000000033,0.0007812500000000033,0.0007812500000000033,0.0007812500000000033,0.0007812500000000033,0.0007812500000000033,0.0007812500000000033,0.0007812500000000033,0.0007812500000000033,0.0007812500000000033
