HitRate: 10177575/30000000 0.339253
CumReqs: 3749746,3750777,3751870,3747852,3748955,3751078,3749720,3750002
CumProbs: 0.09797291666665688,0.09758958333332358,0.09774999999999023,0.09764166666665691,0.09793124999999021,0.09792083333332356,0.09783124999999022,0.09789166666665688
