HitRate: 2973499/3000000 0.991166
CumReqs: 42742,14894,18927,19366,12809,17303,16739,17334,33116,23198,20867,39594,15189,14094,18804,26620,33405,16630,35089,25079,12954,50249,21081,15642,31552,22308,28684,15892,22288,16393,19045,34333,16256,28506,45809,21112,13094,18006,26340,16420,13619,29852,19227,18377,22690,17278,29227,21007,15901,33102,25728,14669,17183,14400,17551,16183,19660,35879,63150,16212,12124,20111,27725,27093,18337,23485,20943,12793,16220,25428,13484,15180,30602,16921,16058,18174,16541,17990,18794,45492,23295,21245,17974,37796,13274,16924,22131,25783,21695,14292,22687,19997,22529,20314,19150,16913,39157,13806,15319,15541,17474,13390,17674,42896,37070,18683,17503,14970,15129,15176,35390,23724,14914,49332,52293,31495,20089,23751,53102,66827,16045,26250,26103,15014,14919,23508,50106,15198
CumProbs: 0.007522712327452208,0.007614624510848127,0.0075486982226400335,0.008148885861957817,0.0070055545512050475,0.007625514067295621,0.006167743809267767,0.00825344243098624,0.00855428746176832,0.006772222366523455,0.007093259952307833,0.007350642912323763,0.007664757336392668,0.008576114652175917,0.00836154471651777,0.006684949663027075,0.006952849578772236,0.007568494138169245,0.008320774986416882,0.007534407182224434,0.006457338702262437,0.0070209393550162615,0.006678783722124751,0.0073813764618122285,0.009194896269224895,0.007632136744561756,0.008208369763569439,0.008250257295822015,0.007503926039672823,0.00827520952450298,0.00792674371817348,0.007539359165951296,0.007805215787440791,0.008468132560423985,0.008129943322265219,0.010232156569323867,0.006054677520631025,0.006925132893155776,0.007349873672132741,0.007834458934060512,0.00739589587040912,0.009412386913731644,0.0075329047599772495,0.006881105911623455,0.010297133326671204,0.0071727080407411,0.007104041334354169,0.008848690105954477,0.007739505848035833,0.007346015451802246,0.007965506212151773,0.007856466415137493,0.00781683852594494,0.008231446969286165,0.008392482595431664,0.007871286308183782,0.0071837177909682606,0.007509454953542738,0.008029569496772953,0.0073366162982231205,0.00655873417488306,0.00915415057787999,0.009692234091186993,0.007924315803822678,0.0074363771354383325,0.008307673864421114,0.007509226585361219,0.007794266134102673,0.009245401695487333,0.007636583914413058,0.007905192973459657,0.00713047194652746,0.007189126511058251,0.008895120963082512,0.007898510199304033,0.0071419744912517786,0.0075048395123995144,0.007972633703292474,0.008882837158789094,0.008608963612188702,0.008340570901946481,0.007268105843750268,0.008318010529482178,0.0087752877646444,0.006687545848670027,0.008290774618984786,0.008014677487458169,0.008156181624390281,0.0061268418660093355,0.0075844799108798384,0.00958430007694678,0.008478168741034867,0.007619901017779815,0.00868588763124666,0.007408792662979678,0.00783544452305427,0.007708579988499417,0.007403299807243407,0.006589852344467235,0.007687642232062775,0.007787006429804267,0.0072804497449332015,0.009073680842319853,0.007691692762441061,0.00833667662348157,0.008097346769189547,0.006268177731649287,0.006667076847973985,0.008044713913025477,0.006243790413732961,0.006861406151118313,0.007728676388478635,0.006668987929072607,0.008363864456467647,0.007541955351594663,0.008453480938668408,0.00790936369761744,0.008148753648799982,0.008491450153700694,0.007334897527171215,0.008962501596025619,0.007164498805581754,0.006654937276217038,0.007478937752857595,0.008019040521664715,0.007978258772186072,0.008300318005098598,0.009755203612412422
