HitRate: 1680110/3000000 0.560037
CumReqs: 3000000
CumProbs: 0.44109375000002743
