HitRate: 2900376/3000000 0.966792
CumReqs: 46824,46786,47009,46915,46981,46775,46789,45911,46192,47804,46385,46661,47021,47069,47637,46022,46139,47539,47251,47852,46956,46496,47263,47938,46672,47404,46810,47319,46196,48023,46199,46937,47186,46741,46853,46245,47063,46954,46754,46907,47147,46560,45765,46970,46701,46398,46551,46613,46113,47052,47047,47429,47121,46280,45962,47117,47614,46694,47170,47511,46020,46993,47469,47225
CumProbs: 0.01418856639430459,0.014066665478424493,0.014157693316392404,0.014158329874699865,0.014286914652808373,0.014121727772020459,0.01416596857438948,0.013942218329314521,0.0139606785202311,0.01438908226115696,0.013943173166775727,0.014078760086266382,0.014281185628041156,0.014169787924234286,0.014267181345276868,0.013929487163165156,0.013826046438201662,0.01420225239791514,0.014168196528465623,0.014436824134217046,0.014236308267364677,0.014065710640963293,0.014193340581610593,0.01436489304547318,0.01402306123436295,0.014197159931455398,0.014112179397408449,0.014201297560453947,0.013926940929935303,0.0145705013787853,0.013855009841191437,0.014218802913909303,0.014319697405642953,0.014074940736421576,0.014051069799891524,0.013847689420655557,0.014237263104825875,0.014120136376251785,0.01415132773331772,0.014008420393291195,0.014231534080058676,0.01410454069771884,0.013784351869062513,0.014165968574389485,0.014004919322600104,0.013955904332925088,0.014174562111540298,0.01409149125241574,0.013911026972248608,0.014179336298846292,0.014196205093994205,0.014253813620820038,0.014175516949001495,0.014094674043953082,0.013842596954195808,0.014152600849932645,0.014432686505218504,0.014022106396901749,0.01435311671678503,0.014325426430410172,0.013842915233349547,0.014190157790073253,0.014334338246714722,0.014224213659522781
