HitRate: 2700284/3000000 0.900095
CumReqs: 3000000
CumProbs: 0.9000000000009354
