HitRate: 2950324/3000000 0.983441
CumReqs: 314367,380193,356701,330400,431746,354986,327397,504210
CumProbs: 0.10197469340981782,0.1119252724099383,0.10364308560087042,0.10310577877291274,0.13145061285012044,0.10776618071276545,0.10655022266695072,0.14646184939887347
