HitRate: 111172/30000000 0.003706
CumReqs: 936916,936404,936599,938066,936720,940206,936206,935987,938219,936990,939375,938463,937381,938918,937115,936766,935903,936904,936640,938346,938461,938858,938099,936541,938051,937572,938491,939053,936796,937529,937046,935379
CumProbs: 0.0002868055555555546,0.0002798611111111102,0.00028472222222222126,0.00028194444444444344,0.00027013888888888796,0.0002868055555555546,0.0002791666666666657,0.0002791666666666657,0.00027638888888888803,0.00027499999999999904,0.00027569444444444354,0.00027430555555555455,0.0002888888888888879,0.0002743055555555546,0.0002888888888888879,0.0002826388888888879,0.00027916666666666574,0.00028194444444444344,0.00026666666666666565,0.00027847222222222124,0.00027708333333333236,0.0002819444444444435,0.00027291666666666567,0.000281249999999999,0.0002763888888888879,0.0002770833333333323,0.0002694444444444434,0.00027916666666666574,0.0002756944444444434,0.0002777777777777768,0.0002743055555555546,0.0002777777777777768
