HitRate: 2797259/3000000 0.932420
CumReqs: 3000000
CumProbs: 0.9483782525638832
