HitRate: 366714/30000000 0.012224
CumReqs: 30000000
CumProbs: 0.007836458333333539
