HitRate: 2699856/3000000 0.899952
CumReqs: 3000000
CumProbs: 0.9000000000098723
