HitRate: 2962299/3000000 0.987433
CumReqs: 97249,95803,94284,90689,91427,89911,97907,87206,90769,99244,89112,89504,95961,100954,93569,98480,93178,96077,90296,96286,95752,97804,92634,95719,88953,91502,96412,90235,89075,96379,96841,90788
CumProbs: 0.029556612831381307,0.03004181397316771,0.029101122440910503,0.02827547629908616,0.028900965800468213,0.029062922903504727,0.030997025797421224,0.028519193815517537,0.02889292379259333,0.030193048399037668,0.029100675662695294,0.027949104812829275,0.030012996778282706,0.030758222841357947,0.030545109632672686,0.030949667306602292,0.02895390901897812,0.029788937503323218,0.028829704675132246,0.031171716079592866,0.030155965807170018,0.03038739692268129,0.029161660889079948,0.0305464499673185,0.028816301328674056,0.02879016480308057,0.0296703178871682,0.028356566545158206,0.028521651095701612,0.030476752565735864,0.029844561391124715,0.029048626000615925
