HitRate: 122320/3000000 0.040773
CumReqs: 187575,186835,187343,187809,187065,187119,188594,187913,186786,187527,187962,186855,187468,187257,187684,188208
CumProbs: 0.004722222222222225,0.00451388888888889,0.005208333333333333,0.005486111111111111,0.004583333333333335,0.004930555555555555,0.004375,0.004861111111111112,0.004236111111111112,0.005347222222222222,0.005069444444444444,0.005416666666666666,0.005000000000000003,0.004583333333333335,0.004583333333333333,0.004791666666666668
