HitRate: 572281/3000000 0.190760
CumReqs: 46797,46541,46901,47072,46827,46980,46305,46850,47283,47213,46766,46924,46992,46997,47022,46711,46586,47069,47191,46806,46897,47150,46848,47159,47369,46305,47098,47078,46997,47047,47215,46752,46879,46774,46775,46890,46776,46853,46777,46803,47050,46365,46894,46953,47140,46747,46899,47047,46816,46918,46351,46788,46905,46986,46777,46716,46891,46746,47015,46767,46538,47057,46516,46843
CumProbs: 0.006726562499999966,0.006653645833333331,0.006718749999999974,0.0065937499999999885,0.006705729166666655,0.0065729166666666575,0.006718749999999991,0.0066458333333333204,0.006703124999999991,0.006687499999999995,0.006744791666666647,0.006760416666666646,0.006648437499999985,0.0066718749999999955,0.006684895833333323,0.006690104166666646,0.0066796874999999895,0.006757812499999996,0.006549479166666663,0.006695312499999983,0.006624999999999984,0.0067656250000000025,0.00666666666666665,0.006622395833333315,0.006687499999999987,0.006664062499999977,0.006763020833333323,0.006703124999999991,0.006588541666666664,0.006677083333333323,0.0065989583333333195,0.006648437499999983,0.00664062499999999,0.006624999999999993,0.006658854166666659,0.006635416666666656,0.006723958333333327,0.006624999999999995,0.006731770833333327,0.006807291666666655,0.006609374999999995,0.006749999999999988,0.006747395833333324,0.006695312499999989,0.006690104166666653,0.006687499999999996,0.006705729166666652,0.006664062499999995,0.006716145833333319,0.006578124999999992,0.00672135416666666,0.006796874999999987,0.006690104166666654,0.006731770833333323,0.006752604166666654,0.006760416666666652,0.006708333333333314,0.006679687499999993,0.00659635416666665,0.0065729166666666505,0.006664062499999986,0.006656249999999986,0.006593749999999993,0.006648437499999982
