HitRate: 2567182/3000000 0.855727
CumReqs: 82137,73339,71887,83329,80786,162076,155145,153149,81094,78422,118618,112665,111798,78886,76640,108292,103357,101876,77271,75317,96770,93236,91883,76195,74036,90562,87463,86325,74721,72580,86958,83187
CumProbs: 0.06923612053753246,0.060517428607537053,0.05876947758644117,0.07032379951601524,0.0674726646789272,0.14923376848293568,0.14162030817766014,0.14025705265325747,0.06793342164264685,0.06508053154093524,0.10537789677171726,0.09985934479482145,0.09870906137809353,0.0660333476874975,0.0633469151809329,0.0951043329292325,0.0901498059847503,0.08881668250305427,0.06391240293386649,0.06198951053860897,0.08419097513141124,0.07986278511348409,0.07895004750916294,0.06263369265550502,0.06118998750251606,0.07771551139049758,0.07427548527216012,0.07318956155830057,0.06157965624897631,0.059905133797971515,0.07333758887489907,0.07014944323006156
