HitRate: 10218/3000000 0.003406
CumReqs: 46729,46927,46467,46735,46899,46928,46428,46718,46688,46760,47013,46932,46887,46632,46542,47066,46933,46765,46658,47071,47137,47040,47486,47120,46578,46991,47101,46880,46897,46853,46826,47005,47332,47233,46766,47043,47124,46698,46866,47328,46932,46800,46547,47183,46502,46900,47390,46787,46630,46670,46631,46780,47000,46789,46671,46932,46671,46766,46838,47113,46891,46848,46460,47187
CumProbs: 0.0002517685833170397,0.0002646713096631166,0.0002474676745350138,0.0002517685833170399,0.00025507697468782857,0.0002477985136720929,0.0002507760659058029,0.0002530919398653554,0.0002537536181395131,0.0002656638270743532,0.00026334795311480093,0.00025706200951030196,0.0002610320791552488,0.00025706200951030206,0.000244490122301304,0.0002643404705260377,0.0002544152964136709,0.00025772368778445966,0.00026202459656648547,0.0002570620095103022,0.00025904704433277523,0.0002686413793080636,0.0002560694920990652,0.00024978354849456634,0.00026533298793727427,0.00026169375742940665,0.00025640033123614414,0.00024746767453501386,0.0002464751571237773,0.00026500214880019544,0.00024118173093051485,0.0002524302615911973,0.0002656638270743532,0.000247467674535014,0.0002468059962608561,0.00025309193986535524,0.0002640096313889588,0.00025706200951030196,0.00025143774417996084,0.00025441529641367076,0.0002709572532676157,0.00025838536605861764,0.00024515180057546186,0.0002504452267687242,0.0002481293528091718,0.0002590470443327754,0.0002520994224541186,0.00024349760489006722,0.0002683105401709845,0.00024945270935748713,0.0002477985136720928,0.00024614431798669823,0.0002487910310833295,0.00025408445727659193,0.00025640033123614425,0.0002577236877844596,0.0002610320791552488,0.0002540844572765917,0.0002745964837754834,0.00025011438763164506,0.00026202459656648536,0.00024085089179343595,0.00026467130966311656,0.0002623554357035643
