HitRate: 1623097/3000000 0.541032
CumReqs: 3000000
CumProbs: 0.28264016513517076
