HitRate: 2412646/3000000 0.804215
CumReqs: 371384,374898,377436,376660,378045,376746,373389,371442
CumProbs: 0.13011972897692767,0.12875540793328824,0.13085391457061785,0.13229700254550072,0.13278872861421073,0.1322597260142539,0.13081177588312157,0.1307333330956281
