HitRate: 2903304/3000000 0.967768
CumReqs: 3000000
CumProbs: 0.9089255972157926
