HitRate: 2378432/3000000 0.792811
CumReqs: 3000000
CumProbs: 0.8323684148747758
