HitRate: 900516/3000000 0.300172
CumReqs: 375464,374295,375314,375226,374875,374649,374628,375549
CumProbs: 0.11249999999999592,0.11249999999999592,0.11249999999999592,0.11249999999999592,0.11249999999999592,0.11249999999999592,0.11249999999999592,0.11249999999999592
