HitRate: 2812881/3000000 0.937627
CumReqs: 3000000
CumProbs: 0.9903857811794354
