HitRate: 364167/3000000 0.121389
CumReqs: 3000000
CumProbs: 0.07883940972223392
