HitRate: 2770219/3000000 0.923406
CumReqs: 3000000
CumProbs: 0.8763888888888877
