HitRate: 1883036/3000000 0.627679
CumReqs: 186991,187162,186661,187592,187929,187654,187094,187054,186991,188093,187664,188346,188087,187185,188074,187423
CumProbs: 0.039231553262583,0.039134391774724844,0.04091643756363753,0.03952459925006949,0.03896409891698772,0.039955666601111564,0.03850128057973485,0.0381623431395011,0.03824319537761163,0.04001014643537492,0.0385810050505756,0.03952511975804015,0.038990991828805645,0.03993588729822618,0.03850518438951486,0.03911261719128522
