HitRate: 2227291/3000000 0.742430
CumReqs: 65952,80622,68924,100777,72721,313116,78958,68171,95063,71806,188742,78193,68075,91062,70712,163045,76064,67142,87851,70241,133672,74997,67160,85012,69917,118006,74407,66704,82716,69318,107903,72951
CumProbs: 0.013990532043235712,0.0188293874718761,0.01485461336977863,0.025758857987904164,0.016413587579919266,0.09650799011385429,0.018189901329827732,0.014764907216794017,0.023897455313473495,0.01594691770317945,0.05495887038846061,0.01756789469553004,0.014770513851355577,0.022413675966864114,0.015428468907253695,0.046261660975382875,0.01712958779363095,0.01429065189329451,0.02119472765277913,0.015424181480824304,0.03673631865736272,0.01702405114306085,0.014091121663310361,0.020480046647199542,0.015561049324532443,0.03154985188590696,0.016477569174327397,0.014182147024427107,0.01949558757860005,0.015032376665582685,0.02764136799244882,0.01621735537026543
