HitRate: 400387/30000000 0.013346
CumReqs: 936300,939259,938613,938127,936485,936483,936858,937650,937521,935258,937083,937063,936253,938259,936918,937704,937263,937709,937711,936893,936610,939123,938905,937690,938227,936840,938313,936305,938601,937445,937477,939054
CumProbs: 0.00041635029395651127,0.00041819132986993627,0.00042717500188274777,0.0004218340875835334,0.0004086657606790277,0.00042132199065953173,0.0004267596429376898,0.00039716098543355856,0.00042512998440190423,0.00042717275796614896,0.00041049220679429614,0.00042252620130609294,0.0004262057948420774,0.0004105351276671128,0.0004110944184540501,0.00040707710895953973,0.0004193696117780805,0.0004023568980157653,0.00043232210385359826,0.00041306223782544365,0.0004261060186781836,0.00040803996836379666,0.0004216530768644699,0.00041544632542724817,0.00042240588484180404,0.00041391323560010146,0.000423264443356724,0.0004108062466115321,0.0004127372323306699,0.00041207153779638345,0.00042155119784256415,0.00040660369030008555
