HitRate: 1680466/3000000 0.560155
CumReqs: 3000000
CumProbs: 0.4403385416663476
