HitRate: 299256/30000000 0.009975
CumReqs: 469287,468474,468944,470309,468286,468796,470104,470014,469594,467469,468068,468142,468520,469193,468625,468614,468185,466499,466806,470063,469187,468127,468675,468644,468903,468789,468732,468201,468324,468827,469459,469579,468902,468881,467848,468695,468027,468360,468413,468741,468289,467687,469813,469706,469005,469659,470008,467734,469776,468820,468111,468187,468089,470108,468402,469301,468444,469071,469548,467871,468815,468826,469148,468276
CumProbs: 0.00015624999999999927,0.00015624999999999927,0.00015624999999999927,0.00015624999999999927,0.00015624999999999927,0.00015624999999999927,0.00015624999999999927,0.00015624999999999927,0.00015624999999999927,0.00015624999999999927,0.00015624999999999927,0.00015624999999999927,0.00015624999999999927,0.00015624999999999927,0.00015624999999999927,0.00015624999999999927,0.00015624999999999927,0.00015624999999999927,0.00015624999999999927,0.00015624999999999927,0.00015624999999999927,0.00015624999999999927,0.00015624999999999927,0.00015624999999999927,0.00015624999999999927,0.00015624999999999927,0.00015624999999999927,0.00015624999999999927,0.00015624999999999927,0.00015624999999999927,0.00015624999999999927,0.00015624999999999927,0.00015624999999999927,0.00015624999999999927,0.00015624999999999927,0.00015624999999999927,0.00015624999999999927,0.00015624999999999927,0.00015624999999999927,0.00015624999999999927,0.00015624999999999927,0.00015624999999999927,0.00015624999999999927,0.00015624999999999927,0.00015624999999999927,0.00015624999999999927,0.00015624999999999927,0.00015624999999999927,0.00015624999999999927,0.00015624999999999927,0.00015624999999999927,0.00015624999999999927,0.00015624999999999927,0.00015624999999999927,0.00015624999999999927,0.00015624999999999927,0.00015624999999999927,0.00015624999999999927,0.00015624999999999927,0.00015624999999999927,0.00015624999999999927,0.00015624999999999927,0.00015624999999999927,0.00015624999999999927
