HitRate: 11480363/30000000 0.382679
CumReqs: 468707,469196,468854,468611,468698,468857,468570,467889,468196,468196,468989,470084,469640,468455,469952,468763,468910,468530,467835,467524,467692,468533,468497,470197,469353,469056,469009,469308,468012,469435,468542,469211,467880,467781,469568,469368,469788,469692,468163,468693,467848,468123,468842,468076,468886,469324,468678,469271,468436,467941,468091,469443,469124,468503,469728,468805,468625,469160,467640,467977,468251,468896,469549,468549
CumProbs: 0.017917845291659965,0.017950027013837133,0.017897117295075895,0.017905070669150685,0.017947589518730666,0.017915531883816383,0.017875015124749608,0.017956492217493975,0.01791945567163059,0.017909492815018847,0.01793816553605991,0.017943777218914728,0.017877703771807304,0.01792588930361377,0.017966882136697865,0.01791966791956292,0.0179039855075433,0.01792889146038131,0.017981504036594143,0.017909658870532037,0.017891560378303,0.01793615351934667,0.017933081895456858,0.017952296590368844,0.017932951436133812,0.017862594093810358,0.017969283582598354,0.017976384282223933,0.0179167089842993,0.017895265190765095,0.017950461858535067,0.01790945283407012,0.01790220450175409,0.017978972951139274,0.017919351118300206,0.01797241114118822,0.017919241518319515,0.017925017261790615,0.017916052656657123,0.01788521543161999,0.017880407998267598,0.01799938120918191,0.01796006358235625,0.017888090603451177,0.017932412265969366,0.017952907519318783,0.017902104097722693,0.01791052492169629,0.017994364693582805,0.017937638723189226,0.0179753790260907,0.01795561745540574,0.01800213755090379,0.017873415264510684,0.017914225052633445,0.017965363326679584,0.01790075875748516,0.017963281544450368,0.01795321801688045,0.01788830559551976,0.017922566657438237,0.017950570281217233,0.01798357678563422,0.017907558882493815
