HitRate: 100691/3000000 0.033564
CumReqs: 23506,23425,23268,23385,23433,23331,23473,23537,23284,23195,23324,23561,23345,23525,23496,23584,23562,23413,23120,23565,23589,23423,23565,23478,23484,23674,23714,23297,23627,23452,23659,23311,23439,23155,23331,23485,23658,23864,23411,23390,23728,23560,23661,23380,23433,23357,23245,23553,23375,23172,23588,23630,23355,23118,23418,23497,23577,23823,23228,23852,23556,23397,23670,23284,23413,22947,23336,23132,23440,23512,23540,23029,23230,23539,23327,23309,23431,23388,23735,23718,23295,23258,23496,23478,23429,23709,23531,23526,23502,23500,23160,23347,23310,23214,23369,23289,23430,23611,23532,23311,23369,23428,23719,23134,23501,23635,23429,23304,23560,23421,23472,23323,23147,23225,23576,23317,23231,23079,23427,23517,23776,23683,23280,23430,23408,23622,23594,23275
CumProbs: 0.0007934984364587414,0.000778859471593255,0.0008011506226384273,0.0007775286566054835,0.0007954946589403984,0.0008038122526139702,0.000822443662442771,0.0007954946589403986,0.0008041449563609131,0.0007725381004013407,0.0007954946589403983,0.0008034795488670273,0.0008038122526139702,0.0008048103638547988,0.0007928330289648553,0.0008197820324672279,0.0007698764704257973,0.0008234417736835995,0.0007948292514465129,0.0007755324341238262,0.0007565683205480831,0.0007931657327117983,0.0008157895875039135,0.0007954946589403984,0.0008364172198143712,0.0007678802479441405,0.0008380807385490855,0.0007848481390382267,0.0007801902865810265,0.0007738689153891119,0.0007928330289648554,0.0007821865090626838,0.0007698764704257976,0.0008241071811774849,0.000844734813487943,0.0008084701050711704,0.0007908368064831984,0.0008157895875039135,0.0007934984364587412,0.0007698764704257978,0.0008197820324672278,0.0008094682163119991,0.0007885078802545982,0.0007562356168011401,0.0008211128474549994,0.0008141260687691991,0.0007851808427851695,0.0008137933650222562,0.0008101336238058848,0.0007921676214709697,0.000832424774851057,0.0007742016191360548,0.0007811883978218549,0.0007781940640993694,0.0007944965476995696,0.0007871770652668269,0.0008420731835123999,0.0008307612561163424,0.0008008179188914843,0.0008187839212263993,0.0008201147362141706,0.0008251052924183138,0.0007775286566054836,0.000819449328720285,0.0007372715032253965,0.0007961600664342843,0.0008094682163119992,0.0007419293556825966,0.0008261034036591424,0.0007901713989893124,0.0008081374013242275,0.0007555702093072545,0.0007595626542705687,0.0008390788497899142,0.0007499142456092255,0.000817120402491685,0.0007728708041482834,0.0007958273626873411,0.0008214455512019423,0.0007951619551934555,0.0008390788497899143,0.0008184512174794562,0.0008054757713486845,0.0008147914762630849,0.0007908368064831984,0.000801816030132313,0.0008221109586958283,0.000789173287748484,0.000784182731544341,0.0007775286566054836,0.0008261034036591424,0.0007908368064831984,0.0008101336238058845,0.0008151241800100278,0.0007502469493561684,0.0007672148404502548,0.0007722053966543977,0.0008314266636102284,0.0008078046975772845,0.0007998198076506559,0.0007971581776751129,0.0008141260687691991,0.0007605607655113973,0.0007994871039037125,0.0007885078802545981,0.0007495815418622827,0.000771207285413569,0.0008350864048265997,0.000778859471593255,0.0008141260687691991,0.0008211128474549993,0.0008054757713486844,0.0008044776601078557,0.000804144956360913,0.0007835173240504552,0.0008088028088181134,0.000814126068769199,0.0007901713989893126,0.0008084701050711704,0.0007855135465321122,0.0007705418779196835,0.0008354191085735424,0.0007768632491115977,0.000809135512565056,0.0008357518123204855,0.000844402109741,0.000834420997332714,0.0008227763661897139
