HitRate: 331575/3000000 0.110525
CumReqs: 3000000
CumProbs: 0.0900217013889007
