HitRate: 133209/3000000 0.044403
CumReqs: 46864,47194,47134,46982,46943,46924,46752,46703,46764,46548,47262,47036,46988,46412,46647,46909,46695,47177,46958,46915,46561,46948,46884,46793,46978,46869,47166,46813,47290,47121,47299,46800,46647,46889,47409,46892,46762,46512,46951,46753,46533,46928,47034,46895,46991,46564,47161,46863,46642,46509,46719,46947,47013,46835,47016,46804,46522,47152,46816,46784,46752,47052,46785,46539
CumProbs: 0.0020541282773981102,0.0021362495528424764,0.0021141011901444837,0.0020866119820780456,0.0020938043067635554,0.002168727778007335,0.0019804912443869976,0.0020550550749828212,0.002058975261125535,0.0021048289283400502,0.0020556502805264515,0.0020506537223132235,0.002064645040156454,0.0020431784159382067,0.0020987300110491573,0.002055807613137566,0.0019838141091337224,0.0021223187809282103,0.0019967970334449645,0.002049684119407765,0.0021035191614788397,0.002094395877381345,0.002093789224533937,0.0021062407443879876,0.0020495647093811916,0.002116823315579878,0.0020590238172244796,0.002039587597478967,0.0020076681743466866,0.0020418187366624376,0.0020585561596011006,0.0020478333453748214,0.002078265378553206,0.0020547733411036767,0.0020801551059705563,0.0020782885444238786,0.002065558871363904,0.0020630376433971166,0.00210533065661163,0.0021296744060135308,0.002117567824346192,0.00200863077866358,0.0020714511404079936,0.002085297712249002,0.0020621759489618343,0.002087352204887024,0.002093033268463849,0.0020321483148466354,0.0021186573798044677,0.0020327873022582548,0.0021376132468124633,0.0020689752133826803,0.00211286119215841,0.0020858485391457727,0.0020491490800247274,0.0020719198288312378,0.002048557780670063,0.002083756612196829,0.002063188791209037,0.002066188527324107,0.0021650831409445715,0.002144760162051246,0.0021232038582446634,0.0020646782427626627
