HitRate: 2968969/3000000 0.989656
CumReqs: 3000000
CumProbs: 0.9949457213743544
