HitRate: 2706818/3000000 0.902273
CumReqs: 23623,23593,23339,23560,23628,23454,23622,23148,23436,23296,23544,23088,23431,23620,23288,23712,23482,23403,23678,23377,23391,23548,23641,23219,23178,23349,23590,23587,23583,23224,23411,23401,23313,23241,23528,23280,23394,23437,23348,23403,23214,23669,23434,23239,23360,23474,23499,23812,23529,23335,23184,23406,23643,23486,23191,23343,23532,23509,23342,23355,23503,23227,23577,23506,23186,23507,23497,23252,23330,23306,23454,23275,23679,23213,23518,23650,23680,23274,23503,23419,23520,23487,23460,23347,23767,23386,23447,23228,23365,23625,23411,23044,23390,23375,23302,23443,23353,23676,23594,23451,23418,23567,23287,23376,23332,23348,23320,23437,23629,23372,23407,23343,23536,23539,23497,23580,23327,23451,23479,23429,23652,23311,23353,23469,23519,23629,23581,23641
CumProbs: 0.007602873128311066,0.007622225806051676,0.007590550269407695,0.007590384861905703,0.007659607901516642,0.007584430191831674,0.007648525598878813,0.007608083464625813,0.007629503736142284,0.007588896194387172,0.007632067552424078,0.007618421433504368,0.007597745495747274,0.0076099856508994755,0.007656713270230686,0.007609572132144354,0.007611391614666932,0.00761858684100645,0.007611887837173138,0.007573017074189646,0.007633804331195703,0.007640172520024899,0.007589227009391312,0.007616353839728711,0.00763719518498786,0.007621977694798639,0.007633142701187515,0.007642488225053701,0.007622639324806841,0.007596339531979731,0.007593610308195788,0.007575250075467476,0.007593941123199903,0.007581122041790529,0.007644307707576325,0.007571362999169155,0.007613624615944805,0.007615195987214303,0.007652247267675099,0.0076209852497863455,0.007609241317140196,0.007648194783874756,0.007631157811162823,0.007597745495747242,0.007579881485525076,0.007593941123199959,0.007595512494469433,0.007653984046446735,0.007604444499580514,0.007537702572500467,0.007560280696531252,0.00761982739727188,0.007627684253619533,0.00761387272719787,0.0075804604117823025,0.007595926013224539,0.0076556381214673095,0.007633142701187512,0.007625947474848012,0.007618504137255443,0.007609572132144361,0.007582941524313157,0.007611639725920008,0.007629338328640181,0.007592617863183484,0.007625037733586671,0.007614286245952973,0.007657788418994075,0.007615609505969439,0.007558792029012786,0.0076349621837101785,0.007608745094634051,0.007637029777485758,0.007609489428393289,0.007583603154321303,0.007656051640222453,0.007651502933915828,0.007630248069901503,0.007641909298796551,0.007597166569490024,0.007645465560090795,0.007628759402382972,0.007648112080123766,0.0076099856508995535,0.007675073502959064,0.0076092413171402005,0.00757020514665471,0.007633556219942626,0.0076290902173871255,0.007614617060957085,0.007601301757041503,0.007559040140265857,0.007572190036679408,0.007581452856794602,0.007598076310751334,0.007624458807329482,0.007624458807329454,0.007663577681566026,0.007639428186265644,0.007622473917304839,0.007603452054568242,0.007644721226331527,0.007623052843561993,0.007641909298796536,0.007608993205887169,0.007615774913471486,0.007614699764708077,0.007621729583545584,0.007617759803496157,0.007620571731031161,0.007601467164543548,0.007589888639399494,0.00765241267517719,0.007636781666232742,0.00760957213214435,0.007571693814173258,0.0075755808904715595,0.007598076310751315,0.0076477812651195316,0.007577648484247305,0.007639180075012591,0.0075612731415435975,0.007587242119366535,0.007640503335029035,0.007602046090800734,0.007587324823117668,0.007610564577156662,0.0076405033350290365
