HitRate: 2940109/3000000 0.980036
CumReqs: 374526,375531,373320,374634,374796,375833,375393,375967
CumProbs: 0.12234144300593895,0.12266888124168891,0.12238999596442797,0.12271896873057893,0.12258237469419664,0.12249191030811472,0.12231089474124454,0.1225784619888539
