HitRate: 27965875/30000000 0.932196
CumReqs: 776228,671429,632470,939735,1301537,596591,746454,1463899,986416,832846,701997,720127,718440,716401,765125,694630,891370,1260918,893436,647165,1050577,1109254,643955,977167,746627,735811,1017573,887234,1832689,613778,2810538,617583
CumProbs: 0.024018550044050825,0.02050917248458431,0.019211093673724564,0.029425542438730523,0.041526437863450165,0.017963301198043055,0.02300534834470401,0.04692645753480449,0.030988968826700818,0.025849185371714514,0.021499683287681835,0.022145960194675237,0.022041842071778405,0.022005708001317438,0.023617322998381214,0.021250378883310796,0.027844713787881222,0.0401296477448163,0.027923570561437194,0.019690734311382286,0.03313455852158233,0.03508500059962777,0.01958185937299569,0.030701196262280284,0.022991609716114778,0.022626605377219708,0.03203484778028316,0.02769426841847435,0.059188759686366874,0.018557666770777137,0.09178990487341857,0.018702143961743592
