HitRate: 1745159/3000000 0.581720
CumReqs: 3000000
CumProbs: 0.4212777777777462
