HitRate: 1511544/3000000 0.503848
CumReqs: 23404,23463,23635,23737,23586,23623,23681,23144,23032,23500,23290,23509,23467,23374,23570,23348,23493,23450,23533,23444,23463,23791,23352,23300,23447,23430,23290,23633,23367,23411,23312,23392,23241,23410,23297,23483,23488,23605,23399,23448,23408,23744,23441,23573,23791,23559,23411,23752,23566,23443,23471,23103,23123,23275,23261,23629,23378,23397,23295,23542,23576,23396,23312,23395,23301,23480,23504,23377,23529,23141,23276,23549,23376,23385,23276,23617,23436,23419,23655,23275,23387,23281,23295,23522,23747,23331,23688,23252,23313,23573,23575,23607,23412,23280,23567,23419,23211,23463,23432,23304,23776,23350,23497,23315,23546,23725,23485,23506,23187,23221,23300,23105,23188,23385,23232,23622,23506,23786,23196,23442,23226,23475,23521,23381,23252,23608,23617,23612
CumProbs: 0.004237279123546198,0.004278600646621069,0.004289538696846779,0.004294703887231126,0.004303515094357399,0.004323568186437853,0.004236671454089206,0.004219352874565172,0.0041698278138210245,0.0042977422345160535,0.004231810098433346,0.004280119820263523,0.00419504609628584,0.0042430519833875375,0.004313541640397625,0.004195046096285841,0.004274346960422191,0.0042132761799953495,0.004308680284741754,0.004220568213479143,0.00426371274492497,0.004324783525351819,0.0041989959477562264,0.004225429569135007,0.004243051983387535,0.004250951686328316,0.0042713086131372655,0.004241836644473562,0.00428771568847582,0.004250951686328325,0.004243963487573014,0.004242140479202058,0.004238494462460157,0.0042105416674389174,0.00426340891019649,0.004261585901825537,0.004219656709293666,0.004284981175919388,0.004216922196737248,0.0042381906277316585,0.00429348854831717,0.004278600646621074,0.004253382364156253,0.004286500349561864,0.004298957573430018,0.004264928083838942,0.004198084443570754,0.004324175855894834,0.004317795326596505,0.004248521008500391,0.004275258464607659,0.0041862348891595815,0.004188969401716002,0.0042485210085003895,0.004193223087914883,0.004264016579653463,0.004250951686328319,0.004239405966645639,0.004230290924790876,0.004286804184290359,0.004213883849452317,0.0042865003495618495,0.004225125734406522,0.004233633106804291,0.004240013636102618,0.0042874118537473355,0.004296526895602088,0.004231810098433341,0.004296223060873589,0.004197476774113776,0.004230898594247856,0.004271916282594254,0.004240013636102622,0.004250647851599835,0.0042312024289763535,0.0043150608140400835,0.004272827786779724,0.004240621305559602,0.004274043125693688,0.004179246690404264,0.004249128677957364,0.004218137535651208,0.004235152280446755,0.004256724546169664,0.004323872021166343,0.004209630163253443,0.0042910578704892345,0.004228164081691441,0.004233936941532781,0.004247305669586425,0.004312022466755166,0.004264016579653466,0.004261282067097037,0.0041838042113316425,0.004297134565059068,0.004277385307707101,0.0042226950565785815,0.004203249633955115,0.004222998891307081,0.004177119847304818,0.004319618334967459,0.004281031324449011,0.004271916282594257,0.004255205372527207,0.00428650034956187,0.004303818929085889,0.0042670549269383795,0.004271916282594255,0.004187450228073544,0.004185627219702593,0.004233329272075801,0.00420112279085567,0.004193526922643384,0.004244874991758489,0.004215403023094793,0.00425095168632832,0.00424153280974508,0.004326302698994281,0.004262193571282521,0.004222695056578586,0.004240013636102624,0.004244874991758486,0.00426887793530934,0.00423454461098976,0.0042448749917584905,0.004277689142435594,0.004245482661215465,0.00429986907761549
