HitRate: 366392/30000000 0.012213
CumReqs: 30000000
CumProbs: 0.007782790798623474
