HitRate: 1679415/3000000 0.559805
CumReqs: 23366,23597,23147,23188,23576,23401,23324,23289,23603,23373,23502,23434,23341,23426,23234,23184,23665,23252,23346,23560,23524,23571,23527,23268,23642,23341,23497,23555,23587,23405,23493,23309,23492,23622,23287,23551,23290,23647,23348,23471,23435,23530,23260,23360,23336,23381,23368,23328,23216,23522,23382,23417,23276,23332,23011,23481,23262,23300,23693,23360,23424,23368,23840,23535,23592,23367,23564,23492,23264,23526,23461,23401,23594,23487,23331,23510,23640,23263,23495,23686,23565,23466,23401,23280,23310,23544,23388,23469,23438,23450,23360,23460,23572,23348,23237,23552,23590,23439,23485,23606,23399,23429,23377,23353,23254,23344,23654,23693,23435,23404,23379,23440,23059,23479,23534,23360,23533,23535,23544,23262,23618,23552,23494,23463,23518,23648,23607,23348
CumProbs: 0.003450520833333336,0.0034635416666666673,0.003476562500000001,0.0034505208333333337,0.0033984375000000004,0.0035156249999999992,0.00346354166666667,0.0033463541666666676,0.0033593750000000004,0.0034244791666666673,0.003307291666666667,0.0033072916666666676,0.0035286458333333346,0.0035286458333333346,0.003372395833333334,0.003320312500000002,0.003424479166666667,0.0033593750000000012,0.003307291666666668,0.0035546875000000023,0.0035546875000000023,0.003528645833333334,0.003567708333333332,0.003476562500000002,0.0034505208333333354,0.003385416666666667,0.0033984375000000013,0.003489583333333337,0.0034375,0.0033984375000000004,0.003385416666666668,0.0034114583333333354,0.003554687500000002,0.003359375000000001,0.0034635416666666673,0.003411458333333333,0.0034895833333333337,0.003385416666666667,0.003372395833333335,0.003411458333333334,0.0035677083333333325,0.0035546875,0.0034505208333333337,0.0034505208333333332,0.0034114583333333327,0.0034895833333333337,0.0034635416666666677,0.0034375000000000013,0.003463541666666665,0.0035026041666666665,0.0035807291666666683,0.0032421874999999994,0.003515625000000002,0.0035546875000000027,0.0034244791666666664,0.003411458333333334,0.0034375,0.0035286458333333337,0.0034635416666666664,0.003372395833333333,0.003658854166666668,0.003515625000000001,0.0035156250000000014,0.0035416666666666682,0.0033723958333333344,0.0033723958333333344,0.0033333333333333327,0.0034374999999999996,0.003489583333333333,0.0035416666666666665,0.003476562500000002,0.0032812500000000016,0.0034244791666666664,0.0035156250000000005,0.0036067708333333355,0.0033593750000000012,0.003489583333333337,0.0034635416666666686,0.003372395833333336,0.0034635416666666677,0.003424479166666667,0.003476562500000002,0.003463541666666667,0.0034765624999999996,0.003606770833333335,0.0035677083333333338,0.003333333333333336,0.003307291666666666,0.003515625000000002,0.0033072916666666676,0.0034375000000000026,0.003307291666666666,0.0034244791666666673,0.0034505208333333337,0.003502604166666668,0.003463541666666667,0.0035677083333333346,0.003411458333333334,0.0033333333333333357,0.0034114583333333323,0.003515625000000003,0.003450520833333334,0.0033333333333333344,0.003541666666666669,0.003424479166666667,0.003593750000000001,0.003502604166666668,0.003463541666666669,0.0033723958333333358,0.003541666666666666,0.0033854166666666668,0.003632812500000002,0.0035286458333333337,0.0034244791666666694,0.0034114583333333336,0.0034635416666666677,0.003333333333333335,0.0033854166666666685,0.0034765625,0.0035156250000000005,0.003463541666666667,0.0034505208333333332,0.0034505208333333345,0.003502604166666669,0.0033203125000000008,0.0033203125,0.003541666666666666,0.0033593750000000004
