HitRate: 1745910/3000000 0.581970
CumReqs: 187385,187343,186711,187387,187301,187170,188095,187496,187002,187918,187966,187832,188446,187681,187221,187046
CumProbs: 0.026097222222222723,0.025930555555556064,0.02579861111111161,0.026444444444444964,0.026097222222222712,0.026118055555556074,0.026340277777778268,0.025881944444444936,0.02640277777777829,0.02550000000000051,0.026750000000000506,0.026034722222222705,0.02593055555555605,0.026291666666667168,0.026284722222222712,0.025923611111111623
