HitRate: 304104/3000000 0.101368
CumReqs: 93156,93353,94085,93844,94105,93588,93496,93540,93631,94032,93590,94193,93993,93943,93491,93963,94138,94147,93775,93609,94030,93797,93661,93488,93223,94557,93571,93301,93748,93751,93790,93411
CumProbs: 0.004100712890190827,0.00401471773297429,0.004130666259558384,0.004114562297532815,0.004060130905886395,0.004054977638038209,0.004111663584368211,0.004072691996266338,0.004013751495252754,0.004069471203861222,0.004061419222848438,0.004088795958291906,0.004081388135760146,0.004069471203861225,0.004061097143607926,0.004150635172470088,0.004084931007405768,0.004112307742849236,0.004102323286393382,0.004001512484113321,0.00415739883652083,0.0040308216949998575,0.004049180211709006,0.004091694671456507,0.0040604529851269045,0.004068182886899178,0.004062385460569971,0.004012463178290709,0.004080421898038611,0.004068182886899175,0.004054011400316677,0.004083320611203212
