HitRate: 2127179/3000000 0.709060
CumReqs: 19930,20720,21331,21160,18884,23385,20885,26153,28084,31692,27224,20364,17641,17484,20705,19413,22186,26058,27756,28538,27667,26048,22360,15044,18367,20103,20357,20470,25641,24758,22205,16859,26450,33405,32738,30176,22569,29168,21750,22948,18325,21177,20690,18172,19833,21424,24745,22636,21225,18541,25648,27057,28692,22459,19991,18709,16907,24501,24740,23789,17718,17631,24079,22854,23950,18397,21815,20263,19091,16170,16227,15946,17155,20351,20138,20295,19048,28106,37844,35815,28615,21931,30346,34215,30444,26649,23947,23743,23262,20786,30768,34050,35313,27204,38525,43078,42542,23250,18911,21692,23468,28546,28164,28290,25563,22336,20665,22669,20572,20682,15522,20728,21735,24370,20824,21025,20009,21276,21799,21344,22764,25282,23951,21393,16311,16774,15923,17914
CumProbs: 0.011047161532598194,0.010998382357605517,0.011454936212217635,0.012557874208359203,0.01173079085700414,0.015333000769893556,0.013670183573095818,0.01744276016120657,0.013375105608115043,0.01662576905295317,0.012423070675497567,0.01289716580978682,0.011156734457705111,0.011150486878642013,0.010785243794952337,0.009760881120104273,0.011573399922914103,0.015265238566209007,0.0167987789347008,0.016161525870263285,0.011277601083426122,0.017020808282944153,0.007777995642073417,0.008280204882146647,0.01100006439812244,0.011567873218358338,0.011696188880654507,0.011805521514259076,0.0166940118396425,0.016189880267549896,0.014101026236948123,0.010463493473202023,0.01758116806660484,0.018486586447751106,0.018041806876758326,0.016089919002539962,0.014345162403414373,0.017962030097952282,0.012263036534880783,0.013581275717197432,0.011951138164730242,0.014171191355657068,0.013810273519011047,0.010955850761675833,0.012205126282795926,0.012761881693920387,0.012894762894762686,0.01157820575296287,0.011450130382168982,0.011608242190766197,0.014275718159213012,0.014534271815825022,0.01658660153805748,0.01477119923721824,0.013396491551830978,0.0120571067173004,0.010210947104150917,0.011535433865530778,0.013246309362813756,0.0101501533540367,0.00964001449438336,0.01056225328069967,0.01102769792090157,0.011240596192052218,0.011410482284268575,0.011293940905591219,0.013694933597845856,0.012982709584651059,0.01190332015574708,0.008823263677632604,0.008680049942185826,0.008599311997370303,0.010766501057762903,0.011855021563759116,0.011569074675870539,0.010145347523988223,0.009550385763977928,0.011866555555875827,0.017764270191454545,0.01695448782827394,0.016501298054695763,0.016065889852297455,0.019531614191807885,0.02220365569880127,0.02173172318803377,0.016478950944970122,0.013712234586020642,0.013085794639192464,0.013863137649545101,0.012109730556332193,0.01947586656324532,0.02341063991549453,0.02492447638078726,0.020060255497148443,0.02509364159849571,0.02840341675293158,0.02660964068731071,0.014896631401485349,0.011675764102948369,0.014638558327878168,0.01564634088905898,0.018927521354705785,0.01585419303865863,0.016217754081831338,0.014043115984862992,0.01335371966439893,0.011747611262174324,0.011123814521872463,0.011301149650663964,0.011187491770015915,0.008537797372748863,0.010762416102221724,0.012175810719499983,0.012843100221740553,0.012393995403703702,0.011678647600977513,0.01245791294334967,0.011441479888081578,0.013056238784393858,0.016694492422647554,0.01088039922991356,0.01710346855977869,0.010993576527557012,0.011584933915030664,0.009382662295283641,0.009919473511706427,0.009610939222589631,0.01101976830132146
