HitRate: 650392/3000000 0.216797
CumReqs: 187048,186876,187174,187092,187504,187445,188108,187709,186608,186912,187834,187980,188382,188261,187578,187489
CumProbs: 0.04170969171093658,0.03925567013189065,0.04010106182758503,0.0421671314658259,0.04023318410080645,0.04020993474478325,0.037811520767270394,0.04254007542681005,0.04040200218595997,0.0409309250354878,0.038529214507494074,0.04155388632504977,0.04020256088186545,0.0429636821636059,0.04188649091830705,0.03987828441613882
