HitRate: 2702471/3000000 0.900824
CumReqs: 121347,55017,72008,97484,143221,43513,75189,75502,102057,50482,58700,55969,80915,180157,60412,52275,369505,64832,53622,58509,153666,72494,121788,92302,64258,58572,91622,76783,60172,43871,74854,218902
CumProbs: 0.03736554695746834,0.015597658354889042,0.02064563858533801,0.02934612850142169,0.04435147907008665,0.011355810671373456,0.021973463951224192,0.022267802973682062,0.030409972681247,0.01392500756471086,0.016521922482584658,0.015948093379384853,0.024043406426423993,0.057042374589962974,0.017214213143029292,0.01459947949509638,0.12051797068422933,0.018462514176614608,0.014834422750690563,0.016507073540868743,0.048022797415228205,0.0208984005709913,0.03729361208426678,0.02794339847399076,0.018244069745149263,0.016450317585865654,0.027533237706148694,0.022607018797770276,0.016665462252505266,0.011542907336994094,0.02161741932652459,0.06980652488897116
