HitRate: 110715/3000000 0.036905
CumReqs: 187463,187320,187459,187570,187258,187796,187678,187519,187921,187858,187473,187142,187011,188019,186758,187755
CumProbs: 0.005624999999999976,0.005791666666666643,0.005749999999999978,0.005680555555555532,0.005652777777777756,0.005749999999999976,0.00569444444444442,0.005430555555555535,0.005583333333333311,0.005569444444444422,0.0054027777777777555,0.00570833333333331,0.005527777777777755,0.005430555555555534,0.00570833333333331,0.0056111111111110884
