HitRate: 2406016/3000000 0.802005
CumReqs: 3000000
CumProbs: 0.5011566796295048
