HitRate: 2531106/3000000 0.843702
CumReqs: 31872,17867,17462,28115,26917,27277,15340,14992,26342,25149,25537,15601,15153,24702,23788,23927,15288,14862,23689,22499,22863,15420,14944,22750,21493,21974,15131,14827,22302,21108,21318,15300,15025,21017,20341,20520,15027,15568,21437,20506,20029,15025,15376,20643,19870,19426,14976,15104,20274,19795,19401,15033,15510,19959,19046,18589,14897,14950,19880,19078,18312,15020,15283,19190,18404,18382,14724,15285,18981,20172,20004,16679,15185,18750,19851,19348,16618,15246,18442,19506,19411,16474,14879,18370,19488,18837,16021,15055,18172,19333,18625,16449,14888,17906,18533,18475,16123,14978,17780,18701,18372,104575,103042,106425,18255,18174,59642,58792,61390,18590,18113,50405,49597,51539,18011,17644,40253,38712,41376,17966,17648,34281,33257,35372,17675,16919,30352,29632
CumProbs: 0.028294000122308816,0.014125406881699002,0.013690706232516626,0.024570201160168448,0.023315274920578083,0.02352490213718888,0.011630370160684777,0.011352023044493302,0.022629652069257048,0.021642039934457596,0.02217257016837636,0.01195789298483307,0.011463929302984776,0.021237601259402505,0.02011065795205872,0.020233281993053617,0.011696253000191038,0.011234127436955801,0.01991237897574564,0.019038879701717814,0.019371130959323492,0.011663469194886485,0.011332163623972272,0.01905810866444451,0.018024157881762686,0.018085627516708717,0.011363371284791035,0.011245790906150677,0.01839455183592463,0.017451702204521777,0.017751169656822913,0.011871835495908641,0.011367784489351251,0.017640839542817227,0.01665196649242915,0.016957108064879156,0.011239171099310349,0.011822029330157503,0.017612784170970074,0.016977913172091658,0.016388750363301303,0.011497658794980796,0.011885390338486485,0.017110939766692788,0.016381500098666655,0.015835523648787084,0.011286455433884205,0.011721156083066609,0.01682786421704393,0.016254147624214385,0.015792652518773466,0.011404666270318864,0.011809104945373985,0.016105044355858113,0.01536993056768311,0.015096942342743336,0.011363686513688189,0.011533910118154102,0.015974539592434275,0.015328635582155274,0.014939958351958122,0.01119283245142796,0.011652120954588764,0.015558752677081402,0.014906228859962086,0.01451566025638197,0.011249888881813748,0.01158749903067114,0.015149900797466066,0.01649813479061552,0.016082032646365513,0.013201786213022863,0.011281096542632508,0.015045560032506402,0.016191417073679708,0.01590172171719051,0.012789782044435925,0.011420427715176821,0.01503105950323709,0.015803685530174024,0.01558239484436835,0.013033138753042751,0.011218996449892174,0.01477225657866947,0.015640081732548463,0.01526653548941493,0.012838012065701279,0.011526659853519436,0.014639545212965488,0.015618961396438796,0.01524762175558539,0.012745965227730815,0.011327750419412046,0.014261900994168889,0.015426041311377432,0.015041777285740505,0.012476129291762627,0.011170135970832504,0.01416449526494674,0.015374028543346177,0.014530791243445605,0.10123071666028853,0.0996794752573686,0.10234662695623177,0.01480693175735697,0.014206735937166069,0.05600987044722784,0.055138577775480056,0.057622266256196576,0.014970220326085387,0.014566096879927427,0.04701639001127887,0.045740028206681674,0.04814617037869709,0.014439059634372305,0.013786220588355824,0.036691697942627055,0.035404933584423606,0.03771524617170255,0.01431139193102288,0.014142744471042766,0.03093183553373612,0.02985690499442361,0.031882565887567924,0.013933432483329126,0.013696380352665476,0.02662770017192584,0.02600701447341957
