HitRate: 504801/3000000 0.168267
CumReqs: 187631,186628,186794,187314,187807,188184,188846,187134,186945,186949,187743,187807,187636,187543,186721,188318
CumProbs: 0.03180060707041244,0.031225901315763173,0.031111359728509806,0.03132246253757563,0.031873527441367365,0.031551878681812785,0.031565530440758695,0.031750994580584675,0.031628461719801965,0.031551212742352015,0.03148262097789214,0.032064319096879554,0.03176830900656482,0.031205590162209522,0.031420355638309624,0.03171170415239891
