HitRate: 2500024/3000000 0.833341
CumReqs: 49531,39217,35690,44348,46157,47410,38482,36019,42420,44604,45723,37970,35425,41505,43391,44392,37633,35428,40355,42813,43651,37512,35560,40381,42112,42885,37183,34969,39092,41153,41888,37207,34896,38731,40192,40789,36786,101067,104923,105881,40560,36757,67827,71021,72520,40169,36631,61269,63682,64737,39659,36339,53150,55819,57043,39146,36002,49014,51528,52394,38887,36061,46268,48146
CumProbs: 0.04301078065214595,0.032170176677210456,0.02938707060874432,0.03767014067873591,0.03979856734300772,0.04085100931224265,0.03177816291730809,0.029137408214170223,0.03614068475934239,0.03818274247022696,0.0392625597020265,0.03151371788095036,0.02903379284536933,0.035170505454112745,0.03699616171443563,0.03790940047353946,0.03112868481300206,0.029041184166261252,0.03441713822837942,0.03612425960180559,0.037036677103030984,0.031179465925056327,0.028947697644607986,0.03367663737604948,0.03539594074131974,0.03620720664737127,0.03077472266806237,0.0286738081426661,0.03291670008730217,0.03443411089116704,0.03536062665261243,0.030611429226874435,0.028584701663023123,0.03220206885809569,0.03373084039592632,0.034625874605423136,0.030357660542915547,0.09466571108748668,0.09799823867558556,0.09946130958326999,0.034145712500066615,0.03020942349613662,0.06139545948419043,0.06452034570576137,0.06587268367637941,0.03381419807042769,0.030069262151813873,0.05453891434635246,0.057291496997073275,0.05853447079374446,0.033127352732724435,0.029854776969632842,0.0467642029021539,0.049406052615802505,0.05062603119191228,0.032895484258816866,0.02966629828688643,0.042558951943542714,0.045012322974438974,0.04615209203124431,0.03256246418973834,0.02956870547585023,0.039695225726832435,0.041907283818234164
