HitRate: 1510698/3000000 0.503566
CumReqs: 3000000
CumProbs: 0.5049670784917827
