HitRate: 547749/3000000 0.182583
CumReqs: 46457,46971,46748,46889,47034,46631,46494,46700,46716,46905,47215,47228,46658,46777,46997,47042,46758,47209,46952,46699,46673,46718,47108,46637,46759,47265,46550,46783,46863,46676,46893,47088,46854,46797,47010,47023,46814,46629,47095,47080,46794,47241,47307,46954,46784,47036,47001,46822,47124,46768,46846,47085,46913,46948,46840,46755,47078,46772,46758,46511,46782,46979,46792,46715
CumProbs: 0.007125000000000221,0.007006944444444658,0.007083333333333547,0.0069687500000002135,0.007052083333333547,0.006965277777777989,0.007013888888889102,0.007069444444444659,0.007111111111111332,0.007079861111111326,0.007142361111111332,0.0071493055555557775,0.007093750000000219,0.00702777777777799,0.007010416666666879,0.0070868055555557705,0.0070138888888891015,0.0070694444444446575,0.007104166666666881,0.0070451388888891015,0.007086805555555771,0.006954861111111327,0.007090277777777994,0.007059027777777992,0.007062500000000215,0.007100694444444662,0.007083333333333552,0.007000000000000216,0.007149305555555775,0.007100694444444657,0.007072916666666885,0.00708333333333355,0.007086805555555768,0.007079861111111331,0.007072916666666879,0.007048611111111327,0.007013888888889101,0.007059027777777998,0.007072916666666884,0.007163194444444663,0.0071284722222224395,0.007090277777777993,0.006975694444444656,0.007024305555555769,0.007017361111111323,0.0071006944444446584,0.0071076388888891,0.007083333333333556,0.007024305555555771,0.007142361111111329,0.007083333333333545,0.007055555555555768,0.007072916666666878,0.007086805555555776,0.007100694444444664,0.0070138888888891,0.007031250000000216,0.007072916666666884,0.007104166666666883,0.007052083333333544,0.007076388888889104,0.007107638888889103,0.007072916666666881,0.00706944444444466
