HitRate: 2727422/3000000 0.909141
CumReqs: 317699,276041,250412,551403,370340,428621,348951,456533
CumProbs: 0.09456236801864125,0.08079307143377276,0.07239795175333663,0.17278960481010283,0.11213474321498793,0.13179476443602994,0.10501425138612926,0.141574713151845
