HitRate: 2743682/3000000 0.914561
CumReqs: 139654,145867,153809,169597,207759,401914,144046,151335,163526,189162,267154,141359,148220,159291,177934,239373
CumProbs: 0.041651908261755084,0.04348395339717401,0.046220477919317854,0.05145886832551139,0.06424618284398674,0.1287580169763824,0.0429646683786416,0.04539664267371699,0.049420310938508044,0.057892373278010424,0.08393031081200751,0.04223950361159266,0.04429830109676033,0.048126525913650714,0.054191914080783374,0.07480835157050514
