HitRate: 2909927/3000000 0.969976
CumReqs: 92438,92886,94040,93360,94987,94115,94092,94512,94490,93614,93684,92650,93860,94705,93284,95597,93549,94543,91982,93035,94742,93749,94272,92635,93998,93497,93624,94064,93036,94582,92738,93640
CumProbs: 0.03031547978108149,0.029972513186694437,0.030288414101665807,0.030129251748086835,0.030527157632034202,0.03053089431165498,0.030287606170936728,0.030473531229908583,0.030386274711194962,0.030400615481631636,0.03032638684592071,0.030139350882197154,0.030397282767375074,0.03061401018538314,0.03029962414052803,0.030701266704096584,0.03029073690251111,0.030374559715626876,0.030149551007648597,0.030388294538017224,0.030386375702536148,0.030185402933740273,0.030391223286908835,0.029996145160512362,0.030375266655014638,0.030455251797168494,0.030276800097438775,0.0304794897190334,0.03049635527299772,0.03055240546731013,0.030279526863648668,0.03015954915041782
