HitRate: 1512803/3000000 0.504268
CumReqs: 93141,93221,94157,94034,94000,93551,93653,93620,93588,94160,93309,94080,93619,93770,93593,94337,94227,94116,93829,93413,94080,93958,93709,93740,93132,94332,93432,93600,93816,93690,93610,93483
CumProbs: 0.018518719992688157,0.01844582663784223,0.018653627097179274,0.018630779926257394,0.018610924646765715,0.018509200338137584,0.018564686324662023,0.018639483610418162,0.018454258331873096,0.018718904728384486,0.01840448413807908,0.01865607500834949,0.018572846028562708,0.01860847673559559,0.018523887805158675,0.018612284597415943,0.018600045041564938,0.018576109910123026,0.018601133002085032,0.01855679861089149,0.018685177952261798,0.01858970941662407,0.018586717525193842,0.01856414234440195,0.01848118535474507,0.018717000797474508,0.018446914598362472,0.01852388780515877,0.018641387541328294,0.018534767410359497,0.0185834536436335,0.018525247755808844
