HitRate: 17134604/30000000 0.571153
CumReqs: 30000000
CumProbs: 0.5694591619335169
