HitRate: 2324851/3000000 0.774950
CumReqs: 3000000
CumProbs: 0.3589803827316065
