HitRate: 332685/3000000 0.110895
CumReqs: 3000000
CumProbs: 0.08840277777777615
