HitRate: 1693324/3000000 0.564441
CumReqs: 3000000
CumProbs: 0.5674388601639361
