HitRate: 1595075/3000000 0.531692
CumReqs: 138187,131817,82401,75284,103936,94674,87331,64859,84322,76027,70536,55079,65488,105325,107124,97827,160050,162441,163056,59010,88239,95114,115770,95655,93120,71474,71450,75498,76516,60507,59559,112324
CumProbs: 0.0900816411081663,0.08561126256971331,0.03836406059439415,0.02697480295765014,0.053987905366385876,0.05306838550162623,0.04356712428405003,0.02436477862584234,0.039433447876445295,0.02695915013851079,0.028273320868804734,0.01480556867358011,0.02604062938986643,0.06513171347747691,0.06137137345828056,0.05075576473346579,0.11564102956917446,0.12040947774868499,0.11877059428092615,0.018956230055144553,0.042844763332705,0.05055993797487158,0.06617179335347996,0.05061522239991689,0.05021957241826731,0.02622513283248752,0.025331256948019982,0.024612559422430954,0.024365444703252526,0.020868538299784127,0.021071358871185303,0.06956512471966467
