HitRate: 1108597/30000000 0.036953
CumReqs: 3750798,3753465,3747899,3750422,3750066,3748726,3750446,3748178
CumProbs: 0.011150000000000453,0.01120000000000046,0.010941666666667125,0.011219444444444907,0.011227777777778239,0.011138888888889354,0.011113888888889343,0.011169444444444914
