HitRate: 2009364/3000000 0.669788
CumReqs: 374700,372764,377317,377551,377555,374092,372570,373451
CumProbs: 0.06430464328083939,0.06382517533044167,0.06450408862965062,0.06600575561318787,0.06468422207490422,0.06201718160081692,0.06212439596194759,0.06266945779167052
