HitRate: 3315843/30000000 0.110528
CumReqs: 30000000
CumProbs: 0.08939991319387791
