HitRate: 2424289/3000000 0.808096
CumReqs: 3000000
CumProbs: 0.5038769535654319
