HitRate: 1851178/3000000 0.617059
CumReqs: 22725,23540,24110,22963,23782,23465,23336,22998,23550,23446,23707,23341,23023,24020,23452,23475,23587,23391,23890,23511,23052,24050,23298,23666,23331,24624,23650,22751,23047,23485,23833,23856,23349,22937,23872,23801,23104,24076,23094,23099,23586,23306,22882,24211,22814,23532,23538,23383,23385,23293,23668,23859,23609,24012,23474,23992,23343,24053,23175,23685,23540,23611,24006,22861,23034,23417,23071,23384,23654,23512,22948,23122,22978,23571,23060,23546,23057,22718,23404,23728,23416,23174,23721,23887,23612,23312,22940,23580,23577,23345,23985,23433,23627,23134,23293,23558,23356,23393,22540,23982,23999,22574,22935,23693,23693,23285,23513,23364,23271,22854,23666,23491,23350,22820,24073,23742,23275,22450,23663,23540,23206,23843,23238,23564,23888,23170,23389,23277
CumProbs: 0.0010154332945886615,0.0010515949890223435,0.001134896035128504,0.0010696758362391846,0.0010612811571742234,0.00103932584269663,0.0011361875242154207,0.0009582849024925748,0.0010419088208704647,0.0011106806147488056,0.0010586981790003886,0.0010047785096215947,0.0011022859356838441,0.0010971199793361759,0.001168151879116623,0.0010874338111842967,0.001131344440139481,0.0010054242541650527,0.001027379568642645,0.00115523698824745,0.0010189848895776838,0.0011071290197597844,0.0011019630634121142,0.0010483662663050507,0.0010331912695337737,0.0011516853932584284,0.001050949244478885,0.001019307761849413,0.000983146067415731,0.001138447630117527,0.0010554694562830951,0.0010525636058375317,0.0010435231822291105,0.0010435231822291107,0.001096151362520987,0.0010567609453700111,0.001061281157174223,0.001101963063412114,0.001068384347152267,0.001100994446596927,0.0010764561539454993,0.0010893710448146726,0.0009563476688621987,0.0010716130698695593,0.0010193077618494129,0.0010499806276636962,0.0010825907271083568,0.0010612811571742218,0.0010499806276636965,0.0011184295492703104,0.001203344956735116,0.0010971199793361765,0.0010709673253261017,0.0010871109389125667,0.00104416892677257,0.0010377114813379833,0.0010215678677515175,0.0010076843600671577,0.001072581686684749,0.001080653493477981,0.0010993800852382813,0.001068061474880538,0.0011281157174221892,0.0010273795686426457,0.0010296396745447505,0.0010771018984889586,0.0010409402040552768,0.0010435231822291105,0.0010289939300012919,0.0010312540359033976,0.001105191786129408,0.001050303499935427,0.0010945370011623415,0.0011110034870205365,0.0009670024538292665,0.0010018726591760304,0.0010209221232080593,0.0011319901846829398,0.0010703215807826428,0.0010990572129665516,0.0010816221102931674,0.0011826811313444404,0.0010835593439235442,0.0010470747772181332,0.001088725300271213,0.0011048689138576776,0.0011084205088467015,0.0010783933875758757,0.0010774247707606881,0.0010599896680873056,0.001078716259847605,0.0009831460674157306,0.001063864135348057,0.0010483662663050507,0.0010696758362391846,0.0010402944595118181,0.0010247965904688116,0.0010222136122949766,0.0010616040294459505,0.0011336045460415862,0.0011610486891385765,0.0010141418055017446,0.0010315769081751262,0.0010945370011623413,0.0010574066899134715,0.001098734340694822,0.0010580524344569301,0.001045137543587757,0.001045137543587757,0.0010719359421412895,0.001014141805501744,0.001067415730337078,0.001101640191140386,0.0010225364845667065,0.0010280253131861046,0.001024150845925353,0.0010515949890223437,0.0010060699987085124,0.0009938008523827982,0.001075164664858583,0.001038034353609712,0.0010638641353480575,0.0010409402040552768,0.0010780705153041461,0.0010764561539454997,0.0010877566834560242,0.0010464290326746748,0.0011064832752163253
