HitRate: 1692858/3000000 0.564286
CumReqs: 3000000
CumProbs: 0.5654593479202009
