HitRate: 1608977/3000000 0.536326
CumReqs: 374463,374542,374810,373639,375232,375691,376036,375587
CumProbs: 0.11533990443251965,0.11478707542946126,0.11478116281980268,0.11483536174167082,0.11533267790960362,0.11519307462600291,0.11655855897877451,0.11497430806864313
