HitRate: 16807985/30000000 0.560266
CumReqs: 30000000
CumProbs: 0.439701041666618
