HitRate: 303747/3000000 0.101249
CumReqs: 3000000
CumProbs: 0.11293981831696204
