HitRate: 17742096/30000000 0.591403
CumReqs: 776257,671401,632582,939756,1302084,595877,746505,1464208,986704,833044,702139,720822,717408,716367,765234,694597,891171,1260716,894170,647607,1051007,1108348,644188,977921,746543,735656,1017781,887304,1831449,613828,2810013,617313
CumProbs: 0.013346624367444354,0.009664943968252331,0.007973188243097095,0.018608013983297693,0.030374029830950645,0.00720201915535652,0.012342102771229244,0.03653042590629853,0.020751186572191875,0.014599153782400686,0.010874240217921804,0.011199621413366776,0.01138514431833439,0.010524844298153363,0.012664552904620882,0.01065650893789071,0.017155372968153646,0.028630480907011834,0.016357424631652934,0.008646233367097179,0.022229141305069363,0.02449142159740416,0.009235543377436834,0.01981884237904049,0.012594640413143855,0.011609104105228854,0.021347391239861534,0.016279318489435868,0.04773570959863201,0.007249981988956755,0.08108473410620776,0.008370646919035779
