HitRate: 1376549/3000000 0.458850
CumReqs: 19920,21862,18291,22091,19892,25922,30104,34114,26501,23680,25389,31734,29636,23447,19976,16759,20087,17516,20537,20552,21090,20449,17665,17466,21152,22543,26656,25801,26095,22495,17352,19299,22498,23137,18093,19702,21543,30840,39803,38493,30765,17714,17321,18179,18483,20736,18259,30691,32709,34919,28561,26213,25651,23976,27152,25788,18712,12350,15105,18395,20005,24015,33926,32912,29467,19858,22604,19698,20681,23972,23543,31201,25514,31304,24179,23985,18255,19445,32072,32294,27284,19467,22576,24137,19833,20834,29842,30018,26504,16441,16233,22841,25005,28703,27868,25066,23879,19436,21269,21520,22906,21340,20369,21802,24282,22480,18434,16135,19132,18562,18290,24544,28087,28381,20106,16636,25127,25457,25575,22655,29216,31475,24706,16052,15831,18891,20474,23508
CumProbs: 0.0018110471885419044,0.004901653029002999,0.0051494595592033385,0.004535922479739491,0.003378274010908138,0.001918673617208005,0.005406234958459189,0.007151178260258643,0.0070442161922633206,0.008796467461441339,0.012409925149805026,0.011079875086906681,0.008856924282482173,0.004281140162495976,0.003511478325399207,0.0012536485857588312,0.0016021057575820994,0.0022305909521384607,0.0037944959711508027,0.0029474361159083492,0.004437264920128899,0.0035071599810391463,0.0025072971715176615,0.002187075328202476,0.003140765071104862,0.004095119174678026,0.0029982597072228953,0.004940185947908143,0.004008420107141445,0.0033563501087724504,0.0018382859760438185,0.001915019633518723,0.006568201771650603,0.006417391899383906,0.005700214555278629,0.008077297035323724,0.007539497072328614,0.010979224445283754,0.013107503854122344,0.01008732024476376,0.002154521655334335,0.0018123759098834615,0.00218109608216547,0.005509543042765229,0.004984033752179517,0.006456256998624441,0.004267852949080408,0.0023412070038230635,0.005413210745502362,0.005059106507977479,0.009910600306336706,0.008909408775473665,0.010990518576686986,0.006952202239360514,0.004504365347877516,0.002353497676232464,0.0012137869455121275,0.0013054687180795459,0.0038200738569757705,0.004485431068760331,0.006580160263724611,0.005471010123860082,0.013086908673328212,0.012210284768236117,0.010911459656864356,0.002764072570773511,0.002087089047250327,0.003042439691829659,0.007245849655844562,0.01099251165869932,0.011768152741833099,0.008016175853612112,0.0025026466468222133,0.004016392435190786,0.005798207754218441,0.004784061190275222,0.0037669250033134987,0.007064147012386672,0.008784176789031936,0.008893796299710372,0.004266192047403463,0.0023511724138847397,0.001740624957439395,0.0032002253511395277,0.002456805760538503,0.004922912570467907,0.0026581070437843575,0.005126206935726093,0.002544169188745863,0.0014924862469036645,0.0015615797566646175,0.0018070610245172342,0.0007879317555431762,0.001641635217493414,0.008263650203477068,0.008258335318110838,0.00905689684438647,0.005019577048066161,0.007908217244610624,0.007906888523269068,0.006933600140578718,0.005327508218971946,0.002914882443040207,0.003331436583618261,0.005556380470055106,0.005589266323258635,0.00445752792058764,0.0015519465269383304,0.002409303972577849,0.002773705800499798,0.0023644596273003074,0.0054002557124221825,0.008696813360824578,0.009258862488303097,0.004625278989959185,0.0026478094533872927,0.002631200436617833,0.0033171528291965264,0.004584752989041704,0.0039423162203989955,0.002212321033692055,0.003396211749019155,0.003885845563382832,0.0038496379068254094,0.0027026192087265103,0.0036961705918756,0.0035921981468987818,0.00202796094755105
