HitRate: 36779/3000000 0.012260
CumReqs: 3000000
CumProbs: 0.007862630208332567
