HitRate: 396082/3000000 0.132027
CumReqs: 3000000
CumProbs: 0.13209914473045165
