HitRate: 2095520/3000000 0.698507
CumReqs: 325551,331577,345516,349428,358528,420901,426656,441843
CumProbs: 0.21182001262676708,0.2194863116786939,0.23570098536733505,0.23778746540292436,0.24173133223048907,0.30242072974189727,0.3136429688353274,0.3323523613919277
