HitRate: 1646384/3000000 0.548795
CumReqs: 3000000
CumProbs: 0.2840068561538997
