HitRate: 1325049/3000000 0.441683
CumReqs: 342562,347357,355820,358279,364885,404238,408080,418779
CumProbs: 0.1353209085195679,0.13433192547774775,0.145006018449477,0.15075084151771445,0.15662482157694038,0.19184773056520138,0.19691514518843575,0.21226651877969244
