HitRate: 27708272/30000000 0.923609
CumReqs: 30000000
CumProbs: 0.8763750000024845
