HitRate: 1886810/3000000 0.628937
CumReqs: 94634,92434,94335,92591,94204,93930,93460,93513,93383,94618,94461,92335,93698,95082,92908,94878,92693,94120,93674,95208,92961,91667,93973,92525,94290,94631,93060,93970,94872,93700,94992,93200
CumProbs: 0.006126547619674149,0.005701166022350781,0.005754416120414558,0.0058441982624988205,0.005882278274486286,0.005834291267510213,0.005759060024315467,0.005718812857174251,0.005782279543820012,0.005820978742994248,0.005780112388666255,0.005802712720984016,0.005603024853244895,0.0060451245046115225,0.005806118250511375,0.005971750822977148,0.005790328977248252,0.005737078879184492,0.0059349091853632616,0.0059042594196172605,0.00581385809034621,0.0057321253816902,0.0058008551594236615,0.005633674618990881,0.005929955687868967,0.005791257758028451,0.005855034038267598,0.005915404788979452,0.005749772216513653,0.0059089033235181655,0.00571324017249316,0.005599309730124166
