HitRate: 2706262/3000000 0.902087
CumReqs: 3000000
CumProbs: 0.9055762449720955
