HitRate: 1617248/3000000 0.539083
CumReqs: 3000000
CumProbs: 0.46321180555561875
