HitRate: 1617880/3000000 0.539293
CumReqs: 94141,94358,93508,93867,93398,93587,93066,93689,93584,94031,93183,93933,94092,93754,93604,93800,94074,93705,93765,94301,93691,93816,94211,94011,93513,93894,93437,93779,93363,93603,93591,93651
CumProbs: 0.014534722222222662,0.014409722222222669,0.014395833333333774,0.014500000000000448,0.014375000000000443,0.014465277777778224,0.014298611111111548,0.01452083333333377,0.01452777777777822,0.014402777777778222,0.01431944444444488,0.01454166666666711,0.01435416666666711,0.014388888888889327,0.0144166666666671,0.014361111111111545,0.014277777777778214,0.014680555555555998,0.014395833333333767,0.014381944444444886,0.01456250000000044,0.01425000000000043,0.014361111111111545,0.01434027777777821,0.014493055555555993,0.014416666666667105,0.01438888888888933,0.01446527777777823,0.014590277777778226,0.014395833333333777,0.01445138888888933,0.014347222222222651
