HitRate: 2385737/3000000 0.795246
CumReqs: 374086,375353,375674,374535,375106,375969,375130,374147
CumProbs: 0.06248435319434528,0.06254028220179192,0.06259854158454868,0.06255559609668794,0.06241344320276127,0.06248202281903507,0.0624074508091063,0.06241677231034742
