HitRate: 1000163/30000000 0.033339
CumReqs: 937310,938154,935695,937764,936861,937754,936246,939188,938348,937255,936979,936542,939633,938233,939207,937753,935988,936304,937861,937920,938294,936034,937167,937885,938467,936786,938634,937721,938204,936026,935893,937894
CumProbs: 0.003124999999999961,0.003124999999999961,0.003124999999999961,0.003124999999999961,0.003124999999999961,0.003124999999999961,0.003124999999999961,0.003124999999999961,0.003124999999999961,0.003124999999999961,0.003124999999999961,0.003124999999999961,0.003124999999999961,0.003124999999999961,0.003124999999999961,0.003124999999999961,0.003124999999999961,0.003124999999999961,0.003124999999999961,0.003124999999999961,0.003124999999999961,0.003124999999999961,0.003124999999999961,0.003124999999999961,0.003124999999999961,0.003124999999999961,0.003124999999999961,0.003124999999999961,0.003124999999999961,0.003124999999999961,0.003124999999999961,0.003124999999999961
