HitRate: 573315/3000000 0.191105
CumReqs: 23479,23454,23412,23480,23301,23417,23436,23203,23469,23754,23220,23394,23232,23371,23434,23399,23281,23315,23506,23253,23625,23550,23459,23439,23387,23460,23484,23711,23421,23362,23709,23246,23480,23534,23540,23404,23409,23526,23305,23416,23431,23602,23283,23541,23286,23386,23312,23297,23254,23378,23231,23555,23447,23231,23395,23027,23152,23624,23312,23512,23616,23277,23521,23666,23592,23413,23463,23477,23461,23406,23563,23444,23548,23653,23459,23194,23590,23469,23431,23449,23456,23669,23502,23359,23431,23323,23432,23549,23508,23271,23282,23582,23601,23339,23449,23294,23614,23525,23549,23464,23461,23220,23583,23401,23358,23414,23351,23409,23765,23336,23428,23317,23413,23372,23450,23305,23323,23726,23629,23397,23449,23300,23774,23352,23482,23628,23652,23281
CumProbs: 0.003281250000000003,0.003307291666666666,0.0034375,0.003385416666666668,0.0033463541666666667,0.0033463541666666667,0.003424479166666667,0.0034635416666666677,0.003398437500000001,0.003333333333333335,0.0032552083333333335,0.0034114583333333345,0.0031510416666666666,0.003476562500000002,0.0034244791666666664,0.0032291666666666692,0.0032942708333333352,0.003372395833333334,0.0034114583333333336,0.003216145833333334,0.0032812500000000003,0.0034244791666666655,0.0035416666666666687,0.0033333333333333335,0.003424479166666668,0.0033072916666666684,0.0032421875000000007,0.003125000000000001,0.0033333333333333322,0.003255208333333334,0.0031770833333333343,0.0033072916666666663,0.0035807291666666683,0.0031380208333333342,0.0034375000000000013,0.0033333333333333335,0.003255208333333332,0.003307291666666668,0.0033723958333333344,0.0032682291666666675,0.003294270833333337,0.0033593750000000004,0.0033854166666666663,0.003476562500000001,0.0033072916666666663,0.0032421875,0.0034635416666666664,0.003359375,0.0032421875000000024,0.0032942708333333352,0.0033984375000000013,0.0032812500000000025,0.0033854166666666676,0.0032812500000000003,0.0032682291666666684,0.0033854166666666663,0.003216145833333336,0.003424479166666667,0.0033593750000000012,0.0031640624999999993,0.0034895833333333346,0.0034375000000000005,0.003307291666666667,0.003359375000000002,0.003385416666666667,0.0034114583333333336,0.0033854166666666676,0.0033203125000000008,0.0033463541666666663,0.0033593750000000026,0.003346354166666668,0.003268229166666668,0.0033333333333333335,0.0031250000000000015,0.003307291666666669,0.003385416666666665,0.003229166666666668,0.0033984375,0.0034375,0.0031770833333333304,0.003294270833333334,0.003424479166666664,0.0034895833333333346,0.0032552083333333343,0.0034244791666666673,0.0034114583333333327,0.0032421875000000003,0.0032682291666666675,0.0032812500000000016,0.003229166666666669,0.0033203125000000003,0.0033593749999999986,0.0033984375000000013,0.003346354166666666,0.003307291666666667,0.0033203125,0.0034375000000000026,0.003385416666666669,0.0033072916666666684,0.0031380208333333325,0.0035546875,0.003359375000000001,0.0033333333333333344,0.0033333333333333335,0.0034635416666666673,0.003385416666666669,0.003281250000000001,0.0032812500000000007,0.0033984374999999982,0.003372395833333333,0.0032552083333333335,0.0034374999999999996,0.0033723958333333327,0.003437500000000001,0.0034635416666666673,0.003307291666666668,0.0032682291666666662,0.003294270833333334,0.0032942708333333335,0.0033984375,0.003502604166666667,0.0033463541666666676,0.0033333333333333357,0.003320312499999998,0.003190104166666667,0.0033723958333333323,0.003372395833333333,0.003346354166666667
