HitRate: 30435/3000000 0.010145
CumReqs: 3000000
CumProbs: 0.034930085883106435
