HitRate: 1545725/3000000 0.515242
CumReqs: 65952,80661,68924,100827,72731,313252,79002,68107,95101,71813,188708,78253,68106,91059,70743,162995,76081,67141,87819,70196,133570,75033,67179,85004,69897,117963,74382,66657,82708,69301,107876,72959
CumProbs: 0.007763088742805263,0.012258945919823936,0.008571070779359622,0.01845036638954592,0.010022507595230976,0.08889234521948403,0.010180706881036136,0.008095140717432097,0.01597179989488906,0.009398702832466624,0.04730158645574316,0.011608497066818718,0.008440181686051353,0.01568837338495182,0.007729783630004177,0.03921310676087128,0.011601169942002477,0.0065334639781891475,0.014500713062465071,0.008018205906861586,0.030271017024907563,0.01010510427497767,0.007328457020751082,0.012866431177315755,0.008393887579257837,0.024094250804818054,0.009444330837004113,0.006309986671293856,0.013391319755060877,0.007925617693274566,0.02050562490050097,0.008628022522249484
