HitRate: 1478600/3000000 0.492867
CumReqs: 45813,46351,45128,46551,46395,46767,46408,45526,45605,47761,48468,47504,46245,46287,47513,46700,45807,44382,44498,46880,47342,47074,45412,43720,44891,44212,44574,46249,46416,47504,45719,46249,47059,48695,49589,47940,47739,47422,47429,47747,47724,48199,49548,48849,48821,46837,47019,47119,47912,49114,49498,48307,48141,47510,47190,46267,45908,46090,46985,46071,46511,46286,47530,46993
CumProbs: 0.0023111971132249625,0.0027870608503349275,0.0028160207458160333,0.002795946272812085,0.002873611447056863,0.00277652997925089,0.0029565420568436625,0.002390507736076624,0.0027821245045142854,0.002847284269346771,0.003144452287749466,0.0031210869175317584,0.003213561129238467,0.00321158659091021,0.003328413441998756,0.0027992371700258445,0.0026086942213490345,0.002295400806598907,0.0025487998920585685,0.0024609329364511266,0.0027248628929948276,0.0026162632849406862,0.0024764001533558073,0.002404658594095798,0.00223122831093055,0.0023809641341567146,0.0024645529233862633,0.002806806233617497,0.0027334192257506074,0.002408278581030937,0.002877560523713379,0.0025382690209745326,0.0025603180323067348,0.0024339475792982818,0.002604416054971143,0.0025451799051234296,0.0024283530540348836,0.002373065980843686,0.0029627947615498106,0.003083899779016247,0.002873282357335489,0.002938771211889349,0.0025063473180010416,0.0027383555715712513,0.0027890353886631833,0.0027409882893422604,0.002918367649164025,0.0030118291300348637,0.002522143624627099,0.0029236330847060435,0.0029331766866259558,0.003129972340008912,0.0029088240472441153,0.0027146611116321676,0.002953580249351277,0.002760404582903456,0.0030572435115847757,0.002576114338932794,0.0026014542474787597,0.0027775172484150175,0.0029680601970918327,0.0024997655235735185,0.002636337757944633,0.0025359653929248977
