HitRate: 28102970/30000000 0.936766
CumReqs: 1874299,1874724,1875393,1873726,1876926,1874644,1877312,1874300,1876342,1872433,1874855,1875182,1873290,1876388,1874921,1875265
CumProbs: 0.05390624999999457,0.05396562499999456,0.05391874999999457,0.0539458333333279,0.05391874999999458,0.05391874999999458,0.05390312499999457,0.0539083333333279,0.05396666666666123,0.05390312499999458,0.0539083333333279,0.05396354166666124,0.0539364583333279,0.053948958333327905,0.05401666666666123,0.0539770833333279
