HitRate: 18831287/30000000 0.627710
CumReqs: 30000000
CumProbs: 0.6273569748901896
