HitRate: 1413883/3000000 0.471294
CumReqs: 93881,92971,93361,92641,93426,93549,94400,93671,93696,93574,93863,94111,93498,94122,93749,94194,93385,93972,93676,94171,94290,93141,93631,93013,93251,93774,93147,93282,94214,94251,95535,94560
CumProbs: 0.029924015678624714,0.02939895202522714,0.029648799298073816,0.02955321670035926,0.029658280681761122,0.02966981209435403,0.029694924948445455,0.02980024518346073,0.02979486385758395,0.02976488218484245,0.029919146859974353,0.029871483687923438,0.029803320226818798,0.0296218926686902,0.029715937744725692,0.029863283572301974,0.029629324023472348,0.029583454626713745,0.03000883562458591,0.029913765534097556,0.030304039786964634,0.029719269041697183,0.02976103838064481,0.029922990664171874,0.029553985461198484,0.02962445520482202,0.02974335688133559,0.029881733832450654,0.029923759425011524,0.0302048696386656,0.030121843467996352,0.029972447611515043
