HitRate: 29401038/30000000 0.980035
CumReqs: 30000000
CumProbs: 0.9800330528655321
