HitRate: 1792482/3000000 0.597494
CumReqs: 177801,175669,163329,166651,181541,201277,220723,186834,198966,204602,207560,189675,156368,178362,196815,193827
CumProbs: 0.04372830462866689,0.04289112439515308,0.04547539118500022,0.05286422902541392,0.05901639126503215,0.07129414913630296,0.06945507569988901,0.059719078045720526,0.05482584094106896,0.06912531767851678,0.056947184587116714,0.05296684254868084,0.05270881436881559,0.05220305256967175,0.053882394275692976,0.05184075045354185
