HitRate: 101118/3000000 0.033706
CumReqs: 93486,94269,94115,93459,94531,93789,93944,93533,93033,93977,93595,94005,93800,93876,93723,94285,92928,93956,93859,93773,93068,93513,93774,94139,93884,93647,93513,94066,93451,93782,93747,93480
CumProbs: 0.00325508769343065,0.003261065206028254,0.0032437968363018314,0.0032760089875222757,0.00331120989504152,0.0032175621976789975,0.003264718130393459,0.003273684399289872,0.0032620614581278587,0.0032291851388410145,0.0032630577102274586,0.0032912848530494954,0.003197969239720173,0.003289956516916695,0.003288628180783893,0.0032245359623762084,0.003188670886790563,0.0032092600968489896,0.0032145734413801964,0.003308885306809117,0.003224203878343007,0.003233834315305822,0.0032404759959698292,0.003250770600999044,0.0032212151220442045,0.003280658163987081,0.003291949021115896,0.0032467855926006364,0.0032155696934797976,0.0032408080800030293,0.0032690352228250674,0.0032168980296125946
