HitRate: 2809388/3000000 0.936463
CumReqs: 3000000
CumProbs: 0.8669791666667163
