HitRate: 1882583/3000000 0.627528
CumReqs: 93741,93413,94283,93525,93225,93934,93926,93792,93954,93304,93766,94281,93456,93898,93360,93698,93615,93511,93494,93704,93700,93891,93952,93913,94082,93911,93824,93603,94174,93607,93689,93774
CumProbs: 0.019177838974412532,0.019791622848076496,0.02029955872514754,0.019905107346985605,0.019312649273823947,0.0196677900207446,0.019120977404609295,0.01932143559040935,0.019251926063644915,0.01976953773626432,0.02004412640051445,0.019683475222945203,0.019156448090083652,0.01983564120943887,0.019147206186712354,0.019383308614857587,0.019235156131001675,0.01985931002769728,0.0195715093466558,0.01922083768915882,0.018879104210509225,0.019516470123996182,0.01960242416427106,0.01972855662014136,0.019868725487939415,0.019291041443406546,0.019414657324649906,0.01928546592893138,0.020389352711189374,0.019679049522739214,0.019692109677268615,0.020400395267095462
