HitRate: 14997042/30000000 0.499901
CumReqs: 30000000
CumProbs: 0.5000000000153232
