HitRate: 2958346/3000000 0.986115
CumReqs: 3000000
CumProbs: 0.9182183026245392
