HitRate: 1950493/3000000 0.650164
CumReqs: 3000000
CumProbs: 0.4993731068572744
