HitRate: 2681643/3000000 0.893881
CumReqs: 3000000
CumProbs: 0.8930322266613965
