HitRate: 2940191/3000000 0.980064
CumReqs: 3000000
CumProbs: 0.9799253078619137
