HitRate: 17455599/30000000 0.581853
CumReqs: 30000000
CumProbs: 0.41837361111253957
