HitRate: 1883950/3000000 0.627983
CumReqs: 3000000
CumProbs: 0.6274696664204281
