HitRate: 1193673/3000000 0.397891
CumReqs: 76526,88642,95154,93859,95963,100173,108626,100244,96244,104486,107974,104793,95492,88649,105859,104664,101285,97724,90896,97146,92509,84910,94282,84621,90709,78564,85406,76743,76281,94333,95303,91940
CumProbs: 0.010622829590026731,0.006918330127164164,0.006107544074416434,0.004937333966239454,0.016227379851933278,0.009868671979747003,0.015366627526419666,0.011956929072875808,0.021969837026673666,0.019522155878115604,0.025122708838200888,0.020570781389228934,0.023364895362297116,0.017108784903523452,0.020554792181943855,0.005921003322757138,0.003973318010343019,0.007990606340720015,0.004641866739950533,0.011482915698570129,0.010665134367635179,0.009826367202138555,0.008129845687494273,0.005431333849651486,0.007522255810661136,0.0075199240512653955,0.009367343709662643,0.017021177371940605,0.012654458240687536,0.02041821770305044,0.010929955613294361,0.02147916822811269
