HitRate: 39764/3000000 0.013255
CumReqs: 3000000
CumProbs: 0.013262234535744712
