HitRate: 17450737/30000000 0.581691
CumReqs: 30000000
CumProbs: 0.4180468749964783
