HitRate: 5735109/30000000 0.191170
CumReqs: 937948,937585,936894,938264,937032,936275,937255,937729,938053,937157,938271,936469,938246,937929,936703,937488,936702,938038,937420,936453,936358,938061,937954,937428,939976,937140,936902,937167,937114,938756,937598,937635
CumProbs: 0.013360416666665445,0.013315624999998782,0.013316145833332115,0.013324479166665444,0.013256249999998788,0.01326822916666545,0.013301562499998781,0.013221874999998794,0.013360416666665443,0.013374999999998777,0.013346874999998775,0.01336614583333211,0.013242708333332125,0.013327083333332112,0.013294270833332114,0.013333854166665446,0.013371874999998775,0.013314062499998783,0.013305729166665451,0.013324999999998777,0.013270312499998781,0.013382812499998772,0.013349999999998778,0.013348437499998778,0.013263541666665452,0.013344791666665445,0.013335416666665446,0.013258333333332114,0.013358333333332107,0.013311458333332117,0.01333645833333211,0.013359374999998777
