HitRate: 2758647/3000000 0.919549
CumReqs: 3000000
CumProbs: 0.9269906152591012
