HitRate: 302507/3000000 0.100836
CumReqs: 3000000
CumProbs: 0.10218545109798478
