HitRate: 1089573/3000000 0.363191
CumReqs: 23227,23514,23390,23716,23707,23669,23364,23454,23484,23296,23561,23289,23340,22918,23088,23235,23583,23807,23618,23343,23398,23540,23520,23554,23170,23547,23525,23685,24098,23964,23597,23361,23546,23663,23655,23493,23556,23549,23373,23692,23104,22772,23262,22900,23624,23182,23301,23096,23558,22907,22780,23090,23325,23642,23653,23378,23725,23544,23758,23509,23688,23244,23697,23588,23668,23646,23515,22960,23126,22943,23335,23349,23153,23365,23303,23859,23793,23470,23578,23456,23613,23013,23097,23116,23246,23328,23474,23572,23319,23706,23307,23384,23378,23597,23346,23493,23087,22966,22842,22961,23433,23827,23708,23775,23573,23812,23562,23543,23704,23868,23934,24019,24170,23804,23426,23286,23243,23570,22801,23256,23621,23577,23394,23586,22974,23441,22861,23452
CumProbs: 0.0037962944942080577,0.003878530637486442,0.0038502962282942026,0.003792182687044138,0.003780943747462758,0.0038804494808296216,0.0038936072637541508,0.003787522638925026,0.003916359263394498,0.0038239806624451125,0.0037491457720617806,0.0036756814840664203,0.0036998040860947512,0.003690483989856533,0.0038648246136067073,0.003902379119037177,0.0039125215767081886,0.0038793529989192277,0.003777928422209219,0.003781491988417951,0.0037951980122976846,0.0038053404699686837,0.0038563268788012837,0.003744485723942672,0.0037261196519438396,0.0038988155528284444,0.003669650833559341,0.0039193745886480415,0.003935821817303723,0.004035327550670583,0.003785603795581868,0.0037949238918200848,0.0038212394576691644,0.003797939217073627,0.0038716776255465764,0.003834671361071301,0.003780943747462753,0.0037124136280641037,0.0036559448096796132,0.003821787698624359,0.003787522638925024,0.0037784766631644047,0.0038947037456645286,0.0037782025426868135,0.0038201429757587927,0.003695418158453247,0.0037058347366018375,0.003890866058978204,0.0038807236013072006,0.003840976132055973,0.0037195407604815604,0.0038533115535477414,0.003809726397610189,0.003894977866142112,0.003851666830682172,0.0038999120347388257,0.0038396055296680055,0.0038437173368319234,0.0038209653371915763,0.0037510646154049507,0.0037039158932586722,0.003866195215994693,0.0039703609974806485,0.0039004602756940085,0.003931161769184606,0.0038530374330701463,0.003873322348412135,0.00383165603581776,0.0037318761819733213,0.003764496518807084,0.0038039698675807177,0.0037787507836420015,0.003798213337551212,0.003973924563689367,0.003909780371932234,0.003825625385310685,0.003880175360352009,0.0037795731450747886,0.00386208340883077,0.003661975460186693,0.003766415362150253,0.0036817121345735114,0.0038407020115783868,0.00379081208465616,0.0038187723733708284,0.003712413628064106,0.00377189777170214,0.003933628853482956,0.0038420726139663562,0.0038053404699686794,0.003856052758323686,0.003838509047757623,0.0038239806624451034,0.0038777082760536557,0.0038968967094852778,0.0037921826870441393,0.003767785964538218,0.003771897771702134,0.0037337950253164796,0.0038031475061479267,0.003939659503990049,0.0038195947348035986,0.0038919625408885797,0.0037949238918200748,0.00393527357634853,0.0038272701081762533,0.0038119193614309494,0.0037680600850158227,0.0038598904450100175,0.0038648246136067173,0.003979132852763667,0.00404547000834158,0.003949801961661045,0.003936370058258925,0.003888673095157449,0.0037768319402988466,0.003757369386389623,0.0037598364706879685,0.0037708012897917508,0.0036518330025156914,0.003871403505068984,0.003873322348412152,0.0037705271693141604,0.0036921287127220917,0.003659508375888338,0.003712687748541697,0.0037650447597622856,0.00388949545659023
