HitRate: 2702984/3000000 0.900995
CumReqs: 3000000
CumProbs: 0.9026743082713937
