HitRate: 33657/3000000 0.011219
CumReqs: 3000000
CumProbs: 0.008927083333333651
