HitRate: 1510590/3000000 0.503530
CumReqs: 3000000
CumProbs: 0.514942753630255
