HitRate: 2954491/3000000 0.984830
CumReqs: 3000000
CumProbs: 0.985588794287209
