HitRate: 30345/3000000 0.010115
CumReqs: 93195,93436,93959,93860,94051,93595,93582,93627,93550,94016,93473,94247,94001,93872,93463,94022,94180,94101,93696,93601,93991,93836,93741,93514,93183,94508,93563,93365,93712,93824,93703,93533
CumProbs: 0.0004107385723696807,0.0004130628811866472,0.0004419507193403757,0.0004309932634889615,0.00039944907240155656,0.00039546454300104234,0.00040509382238561873,0.00042202807233780417,0.00040476177826890923,0.0003941363665342046,0.0004230242046879332,0.0004110706164863901,0.00042368829292135175,0.0004236882929213519,0.0004084142635527138,0.0004140590135367756,0.00041372696942006625,0.0004107385723696806,0.0004187076311707089,0.0004087463076694234,0.0004426148075737945,0.00038948774890027105,0.00042036785175425675,0.0004273407782051569,0.00041239879295322843,0.00042435238115477107,0.0004017733812185234,0.0004031015576853615,0.0004240203370380615,0.0004226921605712236,0.00042734077820515696,0.00041372696942006625
