HitRate: 2267068/3000000 0.755689
CumReqs: 39419,49872,41416,50655,40933,36333,28796,28983,32153,43785,50161,52908,39252,35565,56344,68494,77667,56741,50291,53757,56507,57424,47244,52036,49947,57755,50979,50486,38347,48938,43089,55358,40004,41557,31404,36584,46392,49537,67829,69748,65414,44586,37314,40786,51764,56554,55328,40911,34270,35043,57325,53447,56417,35550,40965,36377,32618,27644,32421,51714,55376,54669,34796,44021
CumProbs: 0.011616040034552062,0.02177155395697195,0.019584881265978127,0.01237149593110927,0.01035047028282174,0.010883965728516022,0.015008017251003355,0.016575571770450742,0.019679066264415495,0.02253129098982178,0.020919607834742882,0.027413432954277145,0.023149750525015507,0.02307499529898304,0.021309849873722957,0.020040657622052725,0.019908930351510937,0.013937733177851247,0.02078195283702669,0.023030537345175177,0.02379225028708313,0.03348079103543234,0.02859634384374248,0.029432482693506543,0.025346632079476333,0.03067434153653935,0.028535749299293263,0.02237453553787702,0.017494040164303427,0.024345834141535037,0.01715385448812924,0.01701290630864951,0.01404838408510636,0.012857569559408508,0.01533206633653618,0.017429493801737944,0.022732175077398015,0.02461653368249844,0.027202340003233898,0.02943050678444841,0.022884978711226505,0.01991321148780353,0.013046598192635988,0.015800686101488624,0.024101480054679977,0.029699559734530034,0.02744965795367614,0.023887093921873218,0.020894250335163584,0.023053918935696353,0.033384300809760514,0.029012931336830926,0.030688172899946232,0.0200162880770025,0.01825509446985867,0.014514039986471612,0.012503552519827425,0.01453972680422726,0.018269255151441913,0.024722244817108212,0.02746678249884657,0.02343296415668037,0.015634051104253244,0.027528364997824847
