HitRate: 18297350/30000000 0.609912
CumReqs: 30000000
CumProbs: 0.611333013320168
