HitRate: 2939808/3000000 0.979936
CumReqs: 3000000
CumProbs: 0.979889942692959
