HitRate: 1859868/3000000 0.619956
CumReqs: 75505,87789,94092,94037,95716,99987,107772,99763,96420,104113,108291,105196,95727,89493,106653,104651,101009,97803,91042,97282,92583,85072,94930,84571,90034,78352,86605,77515,77061,94055,94875,92006
CumProbs: 0.02754547308569125,0.02099088340201384,0.025027757018088095,0.03371696799158848,0.03829162866844654,0.04059052787419417,0.03971063287984477,0.035314132759693806,0.045430611421248566,0.04081694713457336,0.041077411918775966,0.041938466186349325,0.037438507338463066,0.03550716757438206,0.039554948979642436,0.026735321834319946,0.024785802421595313,0.03185504143141927,0.030619486401788097,0.03287343229452619,0.0337721680156517,0.030049306512512072,0.02628512762609158,0.025046267205797938,0.02413298776575755,0.0238153397230942,0.03204972894143875,0.026744907467241102,0.024714075444219715,0.03616857624594222,0.04255789639649618,0.03842483591214404
