HitRate: 24046131/30000000 0.801538
CumReqs: 160371,155690,154520,1179100,148801,219393,139835,145033,2088075,370998,152341,180647,178648,162894,272442,149817,188303,166071,195041,179963,206459,144473,163385,156525,226114,140257,184529,186393,247645,149710,162651,140283,139488,155160,174554,307700,144177,157180,149526,173951,218243,170715,154612,141891,177048,189593,144623,204507,412737,133496,212849,182064,178873,139646,148097,152855,149555,187331,375026,168547,184462,179257,319461,163916,150692,521535,155327,166970,907797,155514,159759,144924,197753,199800,141300,156648,370633,160525,210198,188716,202383,470194,257293,277093,197945,151294,172885,167840,215806,173943,174054,311752,185231,277536,129513,268347,273857,133732,194766,230243,726266,198951,470918,417538,290760,147167,159468,163109,150881,160891,165367,141907,197208,189876,204118,141073,164714,607739,170979,134626,459646,330522,142207,135616,150981,156305,170706,209116
CumProbs: 0.003897183712165492,0.003714489851725355,0.0036739123501873306,0.03781753400759099,0.0034754313055550845,0.005833871777757948,0.003177471979808603,0.003345583300633533,0.06812832533417398,0.010902730846832768,0.003572056481092416,0.004529463609177243,0.00446736101112031,0.003942421286145704,0.007597693346564041,0.0034850050598241927,0.004787130743943434,0.0040503954816444076,0.005028693682786708,0.00454068582444635,0.0054042891813976856,0.003314769760403145,0.003965055923722376,0.0037220981332637135,0.006035522939697887,0.0031894867244046275,0.004666380975694859,0.004751466924232304,0.006776854872093004,0.003541845263150457,0.003965341234280077,0.0031741750578086394,0.0031710683428471443,0.0037164236232830068,0.004330348541083444,0.008813528437568906,0.003311948355999325,0.003762453726590158,0.003502694314400921,0.004312469079468274,0.005800585546027589,0.004205065505084912,0.003693979192744803,0.003229874018904149,0.004409030852659445,0.004846887455192715,0.003324058204114578,0.005318125392975602,0.012263693908182147,0.0030175078604643465,0.005616401730452845,0.0046099211864455035,0.004511964561638983,0.0031609873698088026,0.00346011963895911,0.00361469455888035,0.0034717222683051207,0.004738976662040109,0.01103650979721584,0.004176249138758325,0.004682928988040813,0.004546772449677052,0.00919365720392992,0.003987151641356717,0.003558710287227178,0.01589465116885083,0.0036833275985910896,0.004085393576720953,0.02877537670979505,0.003705264810360064,0.003846018018819934,0.00337040531915247,0.005102684220747387,0.005173092526150427,0.003237292093404056,0.0037390899620327305,0.010877243103679234,0.0038586667868774913,0.00553740240714607,0.004812713590616194,0.005259478222784015,0.014210367843293815,0.007088065288185493,0.007773666558311978,0.005118915221362607,0.0035615950939771428,0.004304765694410664,0.004135703338393427,0.00570681347606717,0.004327527136679621,0.004323374283006615,0.008970924761894032,0.004658360578906478,0.007818587120561401,0.0028422954768702745,0.007458715403796481,0.007652219364255743,0.002998582260137662,0.005033385456402058,0.006203951272253596,0.022709547448635698,0.005122877867997174,0.014216486169697534,0.01245345713021833,0.008202266418306958,0.0034414159468439402,0.003825000141070194,0.0039780851058568625,0.003519844649035338,0.0038825060690310487,0.004013622120875664,0.0032708953368652018,0.005100845552708907,0.004840483818231227,0.0053291574012062845,0.003199282386885283,0.004049444446452144,0.018769059934047833,0.004244723672603662,0.003048321400694753,0.013833662803625055,0.009540182726829629,0.0032549813479807585,0.0030542812212331245,0.003583849317476867,0.0037295796101097767,0.004181004314719827,0.0054966663997427345
