HitRate: 1897665/3000000 0.632555
CumReqs: 278909,319751,439735,288177,348585,626966,302539,395338
CumProbs: 0.049600338591612204,0.05991071979044646,0.09536885990272156,0.0421033337610163,0.07284751879999933,0.16044210200072315,0.04832995352696818,0.08913624146647496
