HitRate: 2947846/3000000 0.982615
CumReqs: 379741,367853,384169,379858,369898,374933,373397,370151
CumProbs: 0.11460626657551173,0.11043328346230441,0.11536589151895274,0.1143902688742028,0.11105452455735333,0.11320096043014584,0.11287300061760805,0.11192545106859415
