HitRate: 1210024/3000000 0.403341
CumReqs: 93143,93059,94607,92844,94609,93777,93470,93728,94628,93969,94011,94904,94346,93907,93615,92869,92757,94614,93110,93274,93921,94922,93470,92941,94574,92147,93294,93506,93623,93959,94389,94013
CumProbs: 0.0003190979454155983,0.0003094384042704498,0.00038338385717469076,0.0003440795173427069,0.0003237611721753253,0.0003111038423989237,0.0003387501153315904,0.00034074864108575917,0.00035407214611355033,0.00037672210466079524,0.0003847162076774699,0.0003837169448003856,0.0003474103935996547,0.0003450787802197912,0.0003540721461135503,0.00038171841904621696,0.0003440795173427069,0.00030910531664475507,0.000346744218348265,0.0003260927855551887,0.00031210310527600806,0.0003534059708621608,0.0003287574865607471,0.0003417479039628434,0.00035174053273368666,0.0003337538009461688,0.00040570072809624106,0.0003210964711697671,0.0003883801715601124,0.00036439786251008844,0.00036473095013578316,0.000345411867845486
