HitRate: 364864/3000000 0.121621
CumReqs: 3000000
CumProbs: 0.07924696180555199
