HitRate: 2722470/3000000 0.907490
CumReqs: 33901,30973,28570,69905,39546,32992,30579,28444,63469,39224,33527,30266,28552,59135,38426,32314,30434,28189,55611,37603,32655,29728,28003,52740,37157,32256,29849,28376,50446,36522,32692,29181,28051,48234,35878,31680,29593,313849,46627,35530,31719,29444,170964,45319,35497,31233,29423,140120,43443,34661,31144,29160,107234,42633,34748,31164,29188,89073,41749,33711,30823,29083,77237,40523
CumProbs: 0.00980694600853551,0.008907528040438305,0.008022117668367234,0.021977592406970822,0.011740320018190326,0.00958543053649419,0.008662232230957245,0.008099973841628815,0.019791430152751203,0.011622721363180155,0.009803688428064315,0.008738459613983231,0.00811886780836176,0.01817762478732072,0.011325630024207079,0.009482165235557269,0.008630633700386643,0.007928625108843913,0.01705603983108794,0.011007038654124114,0.009471089461955204,0.008504239578104237,0.007804511292891342,0.016196364344739325,0.010902144562951603,0.009157384462579035,0.008529322947732445,0.008113981437654953,0.015393045000542385,0.010841879324234471,0.009462945510777214,0.008375565149491993,0.007861193193090154,0.014704066730884426,0.010546742533544127,0.008998740293631789,0.008444625855481351,0.10310144463921153,0.01420239933832026,0.010390052912879595,0.009057702500160433,0.00839022426161238,0.05559321680533642,0.013600724225290354,0.010389075638738235,0.00897039934353238,0.00834201207063868,0.04519599721542022,0.01313391294376797,0.01007048426865527,0.009019914566694561,0.008393481842083578,0.03424596621954204,0.012662215291538794,0.010169840473026753,0.008972028133767984,0.008211383093743717,0.0282135787029813,0.012522465089324485,0.009787400525708336,0.008662557989004362,0.008162845144722902,0.024264739655797524,0.012092138709079504
