HitRate: 100075/3000000 0.033358
CumReqs: 46906,47098,46925,46802,47093,46881,47027,46839,46562,46827,47107,47200,46801,46695,46823,46793,46889,46696,47129,46715,47087,46793,46576,46558,46650,46879,46772,46887,47161,46610,46634,47121,46618,46868,47112,46853,46613,47059,47070,46695,46944,46856,46651,46981,46883,46923,46724,46826,47410,47262,46678,46909,47154,46524,46673,47260,47012,46391,46825,46875,46846,46878,46758,47333
CumProbs: 0.001562499999999999,0.001562499999999999,0.001562499999999999,0.001562499999999999,0.001562499999999999,0.001562499999999999,0.001562499999999999,0.001562499999999999,0.001562499999999999,0.001562499999999999,0.001562499999999999,0.001562499999999999,0.001562499999999999,0.001562499999999999,0.001562499999999999,0.001562499999999999,0.001562499999999999,0.001562499999999999,0.001562499999999999,0.001562499999999999,0.001562499999999999,0.001562499999999999,0.001562499999999999,0.001562499999999999,0.001562499999999999,0.001562499999999999,0.001562499999999999,0.001562499999999999,0.001562499999999999,0.001562499999999999,0.001562499999999999,0.001562499999999999,0.001562499999999999,0.001562499999999999,0.001562499999999999,0.001562499999999999,0.001562499999999999,0.001562499999999999,0.001562499999999999,0.001562499999999999,0.001562499999999999,0.001562499999999999,0.001562499999999999,0.001562499999999999,0.001562499999999999,0.001562499999999999,0.001562499999999999,0.001562499999999999,0.001562499999999999,0.001562499999999999,0.001562499999999999,0.001562499999999999,0.001562499999999999,0.001562499999999999,0.001562499999999999,0.001562499999999999,0.001562499999999999,0.001562499999999999,0.001562499999999999,0.001562499999999999,0.001562499999999999,0.001562499999999999,0.001562499999999999,0.001562499999999999
