HitRate: 2348011/3000000 0.782670
CumReqs: 79784,95407,66272,125371,106581,88325,64096,93612,80453,82651,113459,103327,97983,71830,112883,74464,79177,84573,101099,137402,143246,141531,67380,89198,87165,64151,73768,98743,132415,88860,70740,84054
CumProbs: 0.013468900910882365,0.015145924261444553,0.015172728044351842,0.025088340801165905,0.022309086333496254,0.019546807595001527,0.014129763069450633,0.014888607945535126,0.020369981550063445,0.018596464581035307,0.02459247081738207,0.022150646194533493,0.020039103741064348,0.015522964141006254,0.018982141235089085,0.01711421538626536,0.018833231330049112,0.016065889654782707,0.02622422555681224,0.031070349506438805,0.016532573297178582,0.023595072273423015,0.014764714904541835,0.013962388336185431,0.01760025731631651,0.014895159981356964,0.01584103569817209,0.024552860782641357,0.02393131083900376,0.017946026115819916,0.01591727756955259,0.018270054069187164
