HitRate: 9769144/30000000 0.325638
CumReqs: 937519,937769,936018,937122,936813,938176,938041,939293,937510,936886,938012,939098,937440,936586,937756,936146,935976,937102,937799,938083,937766,939474,936788,938646,938649,937530,936971,940136,936643,935756,936207,936289
CumProbs: 0.025665972222223683,0.025623611111112575,0.025725000000001358,0.025729166666668125,0.02573750000000149,0.02566666666666815,0.02575972222222365,0.02576319444444586,0.02569791666666808,0.025750000000001494,0.025668055555557158,0.02563333333333475,0.02572638888889056,0.02579375000000126,0.02570486111111259,0.02564305555555695,0.02566944444444577,0.025772916666667898,0.02565000000000138,0.025718055555557007,0.025800694444445806,0.02575555555555715,0.02579444444444576,0.025718750000001383,0.025724305555556784,0.02568194444444585,0.02576388888889053,0.025650000000001612,0.025706944444445823,0.02574027777777924,0.02573888888889046,0.025752777777778867
