HitRate: 1978906/3000000 0.659635
CumReqs: 3000000
CumProbs: 0.3047255119265713
