HitRate: 2809237/3000000 0.936412
CumReqs: 375818,374929,375204,375165,374901,374692,374704,374587
CumProbs: 0.10812500000000011,0.10791666666666681,0.10854166666666674,0.10833333333333339,0.10791666666666677,0.10916666666666673,0.10729166666666679,0.10812500000000003
