HitRate: 1830978/3000000 0.610326
CumReqs: 45323,47224,46305,46939,47261,47682,46571,44490,43872,45674,47384,49070,46761,47305,49283,50659,48355,45961,44692,45603,48111,48506,48313,45007,44889,45046,47379,47043,48459,48152,46683,47747,45319,46859,42962,44844,45249,47476,45655,45397,45621,46587,47909,47306,47321,46113,46590,46810,48908,48196,48905,48309,48008,48017,45527,46459,45707,48297,48501,48471,47836,47188,46109,45795
CumProbs: 0.0046387528998348485,0.004106044925039209,0.0042384028720364,0.00478323273801743,0.004705587110694819,0.005000116304631649,0.0052808855139796565,0.004621061491077802,0.004492307349568151,0.00460795674385035,0.004776025127042339,0.004776680364403712,0.004473960703449731,0.005131491395586785,0.0047698003721093,0.004696741406316292,0.004096216364618625,0.004003827896665134,0.0042174352764724945,0.004794371773160762,0.005148527566982458,0.005133457107670902,0.004950318265167359,0.004306875176299802,0.004005793608749257,0.0046597204953987646,0.004993563931017923,0.0048821735795846425,0.004493945442971583,0.004248886669818361,0.00461090531197653,0.004297046615879219,0.004525396836317449,0.0047000175931231555,0.0048071489017075175,0.004266578078575407,0.005176702773521467,0.004979148709067734,0.004556520610982632,0.004087043041559414,0.004477236890256589,0.00508071050008043,0.0046417014679610265,0.004287218055458636,0.004562090128554301,0.004637770043792791,0.004136513462343019,0.005275315996407993,0.004659392876718078,0.004390745558555455,0.0047924060610766445,0.005102333333005721,0.005300870253501509,0.004735400410637256,0.003857054727717751,0.00439762555084986,0.004482478789147568,0.004655133833869157,0.004719019476602951,0.004600749132875261,0.004917884015779428,0.004453320726566502,0.004553244424175777,0.004002189803261705
