HitRate: 4999058/30000000 0.166635
CumReqs: 3749768,3747892,3749231,3751746,3747361,3753490,3747939,3752573
CumProbs: 0.06249999999999434,0.06249999999999434,0.06249999999999434,0.06249999999999434,0.06249999999999434,0.06249999999999434,0.06249999999999434,0.06249999999999434
