HitRate: 2973673/3000000 0.991224
CumReqs: 3000000
CumProbs: 0.9996766460423716
