HitRate: 1640511/3000000 0.546837
CumReqs: 371000,373782,377612,377689,377944,377091,374468,370414
CumProbs: 0.017755104417811005,0.01672415428311861,0.01562864497278698,0.017231975427579756,0.017039296238429685,0.017873906612157434,0.016038629016021648,0.0169777320760933
