HitRate: 1598026/3000000 0.532675
CumReqs: 79786,68967,66304,80880,76963,178079,169577,168013,77884,74967,124495,117395,116196,75859,72861,111144,105527,104283,73831,70316,98051,93280,90984,71413,69662,89700,86119,84022,70074,67215,84951,81202
CumProbs: 0.03485313532012624,0.024607110837572953,0.022887617114074738,0.04004558673268885,0.032358986860843236,0.13608245843307928,0.1266583805919348,0.11736618721999528,0.03895154511314754,0.030352078246123057,0.07605237811676972,0.07038001377460011,0.07556214089790679,0.031674253354061835,0.030895269077621336,0.06635587225590382,0.06034613678417705,0.061590047118724005,0.028426764820683743,0.023555032458233253,0.05591268715272089,0.04796997829901006,0.04824407152667596,0.02380048410925363,0.023826461353187944,0.04454497859874751,0.04244381921436822,0.0439318490335799,0.02733405536749807,0.02177325995761047,0.04638769771013926,0.041589567538835984
