HitRate: 2971557/3000000 0.990519
CumReqs: 3000000
CumProbs: 0.998641911520994
