HitRate: 2621279/3000000 0.873760
CumReqs: 185326,176988,153635,162179,178763,247692,240198,224704,158860,171267,203815,197322,185741,155669,166135,191706
CumProbs: 0.16496132837273417,0.15597890810633072,0.1326594908787703,0.14129277782508248,0.15844385750662202,0.22672270975921427,0.21940189145434716,0.20383743716448405,0.13815360730071755,0.15060066456502083,0.1828990940330841,0.17651188549029034,0.16524817055272353,0.1351725313112089,0.14514839112774572,0.1704705915764538
