HitRate: 9771068/30000000 0.325702
CumReqs: 3750738,3749921,3752023,3748729,3748110,3747548,3753388,3749543
CumProbs: 0.10284166666667303,0.10312222222222737,0.10270833333333979,0.10274166666667262,0.10303055555556065,0.10272777777778384,0.10276388888889433,0.10297777777778329
