HitRate: 111212/3000000 0.037071
CumReqs: 93779,93991,93548,93770,93309,93749,93773,93859,93708,93736,93669,93843,93701,94394,93517,93720,93752,93710,93934,93414,93737,93815,93624,93681,93743,94025,93444,94172,94206,93790,93434,93453
CumProbs: 0.002777777777777778,0.002916666666666667,0.0028472222222222223,0.0025694444444444445,0.002916666666666667,0.002916666666666667,0.0029861111111111113,0.0029861111111111113,0.0028472222222222223,0.0028472222222222223,0.0025,0.002638888888888889,0.0029861111111111113,0.002916666666666667,0.0028472222222222223,0.0028472222222222223,0.0028472222222222223,0.0028472222222222223,0.002638888888888889,0.002638888888888889,0.0027083333333333334,0.0027083333333333334,0.002777777777777778,0.0027083333333333334,0.0024305555555555556,0.0028472222222222223,0.002638888888888889,0.0030555555555555557,0.002916666666666667,0.0030555555555555557,0.0025694444444444445,0.002777777777777778
