HitRate: 2727525/3000000 0.909175
CumReqs: 298060,333122,426113,308217,355017,571015,317052,391404
CumProbs: 0.08821918788811549,0.10003920809411242,0.1307005884467898,0.09130898093120023,0.10726683792415088,0.17934790919991092,0.09462295967423105,0.1194633209093023
