HitRate: 16181293/30000000 0.539376
CumReqs: 234605,234449,234856,234618,234871,234224,234341,234651,234067,234668,234113,234620,234433,234627,232961,234783,234687,234002,233747,234407,233790,234276,234352,233952,234481,234107,233320,233861,233886,234746,234971,234972,235522,233608,234424,234759,235122,235052,233883,234069,233911,234705,234275,235013,235561,234163,234900,234387,234417,234890,234729,233048,235233,234099,234150,234785,233798,234141,234008,234420,234545,234606,234709,233995,235147,234507,234189,235276,233807,234918,234397,234727,234456,234887,233622,234438,234121,235555,233930,234801,234390,233430,233250,234998,234642,234425,234434,233562,234223,234525,234583,234265,234686,233647,234317,233323,234316,234637,234446,235151,234433,234069,234721,234315,233825,234433,233994,234163,234080,234635,233807,234003,234163,234654,234323,234250,234196,234226,234761,234744,234336,233560,235156,234760,234044,233727,234635,234588
CumProbs: 0.003594097222222196,0.003596006944444385,0.003601388888888834,0.003591145833333258,0.0036060763888888375,0.003606423611111061,0.0035859374999999516,0.0035956597222221564,0.0035901041666666143,0.0036032986111110524,0.0036029513888888418,0.0036031249999999497,0.0035937499999999564,0.0036013888888888268,0.0036006944444443895,0.0035918402777777225,0.003585069444444384,0.0036027777777777295,0.003597743055555506,0.0035960069444443644,0.0036097222222221826,0.0035949652777777035,0.003596874999999953,0.003605555555555526,0.0036005208333332868,0.003608159722222167,0.0035939236111110586,0.003611979166666617,0.003600173611111049,0.003600347222222162,0.0036029513888888435,0.0035817708333332646,0.003608333333333285,0.003592013888888815,0.0035765624999999353,0.003586458333333256,0.0035956597222221655,0.0036079861111110575,0.003603124999999946,0.003596874999999949,0.003607465277777713,0.0035940972222221674,0.003596527777777727,0.0035887152777777176,0.00359427083333327,0.0035876736111110545,0.0035923611111110384,0.0036036458333332825,0.00360104166666661,0.0035925347222221637,0.0035961805555555205,0.003598611111111078,0.0036043402777777133,0.0035854166666665957,0.0035887152777777315,0.003592013888888823,0.0035888888888888147,0.003599999999999951,0.003593229166666603,0.0036055555555555147,0.003600520833333274,0.003602256944444397,0.0035883680555554936,0.0036008680555555035,0.0035826388888888254,0.0035982638888888262,0.0035932291666666066,0.0035996527777777372,0.0035984374999999463,0.003593576388888839,0.003607986111111063,0.0036050347222221692,0.003588020833333286,0.003601041666666616,0.0036020833333332562,0.0036074652777777407,0.0035977430555555107,0.00360225694444441,0.003601388888888827,0.0035935763888888263,0.0035954861111110533,0.003608506944444385,0.0035993055555555136,0.0036130208333332936,0.0036119791666666154,0.0035909722222221547,0.0035928819444443834,0.003572048611111039,0.0036041666666666136,0.0036046874999999504,0.0036022569444443746,0.003603993055555497,0.0036046874999999517,0.0035930555555554996,0.003605555555555518,0.0035989583333332744,0.003608680555555511,0.0036043402777777163,0.0036060763888888393,0.00360069444444438,0.0035887152777777038,0.0036074652777777403,0.0036102430555555037,0.0036026041666666186,0.0036034722222221555,0.0035934027777777032,0.0035902777777777296,0.0036187499999999623,0.003593749999999947,0.0035911458333332817,0.0035892361111110687,0.003598090277777733,0.003606249999999942,0.0035940972222221596,0.0035977430555554964,0.0035989583333332718,0.003607118055555503,0.0035999999999999626,0.003590277777777721,0.0036071180555554954,0.0035989583333332926,0.003605381944444409,0.0036034722222221755,0.0036112847222221707,0.0035963541666666184,0.003592013888888825,0.003586979166666607,0.003597916666666612
