HitRate: 2947773/3000000 0.982591
CumReqs: 3000000
CumProbs: 0.9013091574900226
