HitRate: 649880/3000000 0.216627
CumReqs: 375376,374702,376732,374968,374425,374831,374503,374463
CumProbs: 0.08600947218425849,0.0810972114380596,0.08299830663118792,0.08258389423502074,0.08230993122834951,0.08221872582233122,0.07858646185793391,0.07994240534664818
