HitRate: 332813/30000000 0.011094
CumReqs: 468806,469470,467933,468669,468419,468760,468068,469436,468932,468283,469481,468257,467577,467758,467689,468193,468746,469783,468029,470299,469628,468500,468591,468791,468354,467584,467508,468465,467181,468488,468681,469344,468790,468278,468281,468289,467385,468718,471157,469401,469982,468199,468601,469996,469602,469952,469776,468133,469564,468291,468548,468416,469504,469266,468014,469115,468438,469361,468013,468506,469227,470272,468591,468631
CumProbs: 0.0001322916666666662,0.0001423611111111106,0.00014062499999999953,0.0001402777777777773,0.00013854166666666618,0.00013854166666666618,0.0001420138888888884,0.00013819444444444396,0.00013645833333333286,0.00014166666666666616,0.00013958333333333287,0.0001374999999999995,0.00014201388888888835,0.00013645833333333283,0.00014027777777777728,0.00013611111111111067,0.00013680555555555505,0.00014097222222222172,0.00014270833333333282,0.00014027777777777728,0.00013749999999999952,0.0001406249999999995,0.00013298611111111063,0.00014097222222222175,0.0001368055555555551,0.00013888888888888843,0.00013784722222222174,0.00014236111111111063,0.00013784722222222177,0.00013819444444444396,0.00014131944444444397,0.0001364583333333329,0.00014131944444444394,0.0001423611111111106,0.0001374999999999995,0.0001437499999999995,0.00013923611111111065,0.00013888888888888837,0.00014131944444444394,0.00014409722222222176,0.00013993055555555506,0.00013680555555555508,0.00014479166666666614,0.00013715277777777733,0.0001440972222222217,0.0001343749999999995,0.0001440972222222217,0.00014166666666666616,0.00013506944444444398,0.00013958333333333284,0.00013715277777777733,0.0001406249999999995,0.0001434027777777773,0.00013715277777777725,0.0001361111111111106,0.00013749999999999952,0.0001388888888888884,0.00013715277777777727,0.0001388888888888884,0.00013749999999999952,0.0001374999999999995,0.000138194444444444,0.0001336805555555551,0.00013854166666666618
