HitRate: 2706883/3000000 0.902294
CumReqs: 3000000
CumProbs: 0.9125535632113977
