HitRate: 1594242/3000000 0.531414
CumReqs: 96163,105116,84422,98947,107857,113300,99589,92523,98408,107216,93924,89260,75571,90040,108603,107022,128752,98971,95212,59151,81177,85513,87330,78623,93351,95406,87988,87801,87099,91609,77570,96486
CumProbs: 0.016462284229367522,0.029960251507305212,0.016405662444902006,0.019508203164291773,0.013878665511138172,0.01540245765190126,0.019967505757103203,0.017875830425083054,0.02153359770155524,0.01692758206994589,0.016313069173834873,0.019381636822545324,0.012091415537950252,0.01995285070700625,0.02142368482582806,0.01560396459073441,0.015930372524712078,0.008890286299726418,0.013980917792496482,0.007883084674881045,0.0222790068405777,0.01534417052083382,0.016411324623348555,0.008930920756813432,0.02309935657668688,0.02130611135573203,0.0262485270009306,0.01358090153871365,0.008663799161864362,0.017046154748003087,0.010484689136411205,0.014178760968805392
