HitRate: 1512500/3000000 0.504167
CumReqs: 3000000
CumProbs: 0.7377197169709957
