HitRate: 2962833/3000000 0.987611
CumReqs: 3000000
CumProbs: 0.9895062949566581
