HitRate: 2328429/3000000 0.776143
CumReqs: 281520,266901,224803,122160,166604,178073,195739,168750,180184,174982,152867,138407,143628,194588,199631,211163
CumProbs: 0.23937110048988147,0.22695003052847323,0.183558116231166,0.081704175854376,0.12448033538541713,0.1359460132147452,0.15304487491103977,0.12669348764795926,0.13759656006979432,0.13236264455653357,0.11184245492999187,0.09703549729003093,0.10236728540298236,0.152261894113514,0.15840388586628906,0.16948682349616484
