HitRate: 2967399/3000000 0.989133
CumReqs: 3000000
CumProbs: 0.9947277160697197
