HitRate: 10087/3000000 0.003362
CumReqs: 187930,186831,187877,187769,186976,187142,187329,186999,188007,187434,187865,187389,186892,188051,187960,187549
CumProbs: 0.0007233829031412282,0.0007519987861541746,0.0007340306735646499,0.0007330324450874543,0.000736692616170506,0.0007772872409098027,0.0007396873016020932,0.0007366926161705057,0.0007177262751037848,0.0007057475333774357,0.0007120696470663423,0.0007326997022617226,0.0007433474726851447,0.0007253793600956196,0.0007440129583366083,0.0007360271305190416
