HitRate: 19930623/30000000 0.664354
CumReqs: 2296371,1839506,1755667,1843762,1774509,1792335,1819354,1953799,1909928,1900779,1493718,1439352,1712289,1669589,2487043,2311999
CumProbs: 0.16717028003058557,0.12207592588916266,0.11277754698818165,0.12063217596759004,0.11351500771586673,0.11561797416367775,0.11877672278494329,0.13303788207785458,0.12896214594000802,0.1271331171885674,0.08651813569131284,0.0804211961383944,0.10857466817254871,0.10393386084376573,0.1864571935169277,0.16838928950082124
