HitRate: 33089/3000000 0.011030
CumReqs: 3000000
CumProbs: 0.008955295138888344
