HitRate: 101483/3000000 0.033828
CumReqs: 46609,47098,46684,47139,46675,46659,46804,46819,46435,46894,46984,46913,46682,46436,47044,46556,47030,46847,47211,46741,47236,46954,46718,47158,46845,46624,46872,47466,47192,46605,46944,46808,46998,47546,47194,47010,46911,46751,46984,46864,47343,46937,46784,46800,46702,46630,47081,47022,46963,46516,46627,47036,46798,46634,46788,46855,46624,47211,46685,46939,46670,47100,46724,46591
CumProbs: 0.002541449572158612,0.0024671509604188057,0.0025164752488847403,0.00245997084247756,0.0024618439167231054,0.002417202313871037,0.0025205335764167266,0.0025067976986160962,0.0024534150826181662,0.0024830720915059007,0.0024874425980788316,0.0025046124453296367,0.002504924624370554,0.002463092632886792,0.0024718336460326563,0.0024858817028742225,0.0025114803842299447,0.0024933739998563875,0.0024724580041145024,0.002484320807669595,0.00247183364603266,0.00252584062011243,0.002505236803411474,0.0025102316680662524,0.0024612195586412623,0.002479638122055743,0.0024712092879508106,0.002463092632886798,0.002422509357566734,0.0024712092879508097,0.0024790137639738932,0.002510231668066249,0.0025105438471071783,0.002500554117797622,0.0024946227160200776,0.0025274015153170532,0.002518348323130268,0.0024905643884880783,0.0024824477334240633,0.002478077226851128,0.002501802833961318,0.0024771406897283526,0.002489315672324369,0.0025043002662887173,0.0024755797945237405,0.0024918131046517637,0.002472458004114499,0.002456849052068317,0.0024883791352016053,0.0024677753185006553,0.0024443618904313874,0.002492125283692684,0.0024755797945237392,0.002523343187785041,0.0024618439167231054,0.002505861161493328,0.0025283380524398244,0.002504924624370556,0.0025189726812121153,0.0024615317376821843,0.002462468274804951,0.002477765047810212,0.0024899400304062343,0.002488691314242527
