HitRate: 1602290/3000000 0.534097
CumReqs: 45577,48444,44870,47871,49033,44679,45621,43108,42287,52824,48210,46330,45160,50085,51930,49809,43780,45147,44865,47657,52786,45177,46232,43429,46758,44890,49673,46402,49138,48982,42758,50900,42476,45417,40775,47779,46534,47037,43635,44944,47496,47963,48422,46037,46703,45184,49366,47983,49954,46493,49988,49065,45134,48259,43184,48543,46173,50998,48001,45959,48684,46632,43455,47315
CumProbs: 0.0005430792995608113,0.0005613816043866964,0.0004715339261505328,0.0008246020247007907,0.0006425772839778961,0.0005450759146327259,0.0006894977381678928,0.00041463039660096245,0.000505143613194431,0.0007563843430770365,0.0003014888758591269,0.0003540664060862153,0.0005144611501966999,0.0006455722065857684,0.0007607103423995186,0.000409306089742523,0.0007171175799960468,0.0006299320551891027,0.0005224476104843589,0.0006259388250452731,0.0006152902113283946,0.0007680312643298728,0.00048218253986741157,0.0004988209988000344,0.0005790183708552769,0.0005840099085350636,0.0007427408067522862,0.00039300039998855265,0.0004951605378348573,0.0006868355847386732,0.0005237786871989687,0.000555391759170952,0.0008069652582322102,0.0006934909683117221,0.0006096331352913028,0.0006498982059082504,0.0005254425330922309,0.0005287702248787555,0.00046654238847074593,0.0005044780748371261,0.0006921598915971122,0.0005883359078575455,0.0005640437578159162,0.00035539748280082506,0.0004798531556168443,0.00034874209922777577,0.0006848389696667584,0.0009107892419717772,0.0005929946763586801,0.0004196219342807494,0.0005816805242844964,0.000993648767456239,0.00047652546383031963,0.0006485671291936406,0.00044624346857294594,0.000600315598289034,0.000497157152906772,0.00045156777543138533,0.0005573883742428671,0.0004761926946516673,0.0007390803457871089,0.00046587685011344106,0.00045722485146847716,0.0006033105208969061
