HitRate: 2111278/3000000 0.703759
CumReqs: 33905,30948,28598,69864,39570,33011,30539,28422,63459,39242,33542,30250,28548,59127,38479,32367,30481,28163,55616,37612,32663,29725,28052,52728,37184,32260,29834,28407,50503,36497,32617,29209,28028,48200,35876,31739,29560,313727,46676,35580,31738,29446,170846,45302,35487,31233,29416,140191,43357,34647,31127,29215,107231,42684,34760,31130,29154,89046,41712,33763,30843,29089,77287,40488
CumProbs: 0.006738579431370841,0.005811126903040143,0.004830468062578605,0.018694370306621327,0.008798328789735974,0.006599910480379841,0.005469276347599498,0.005055264731331401,0.01663063047484638,0.008424554447016822,0.006789790506796776,0.005376497840821346,0.004637927720555129,0.014988883206159164,0.008522986124458875,0.005871981622539788,0.005145382922503009,0.004798544275300099,0.013753831685822051,0.007539666968390796,0.006557012891224351,0.005442340652083262,0.004456693719859455,0.012893552126556533,0.007741518415037167,0.006262382937799826,0.005467281110894593,0.004169047094902103,0.01174097039002222,0.007756482690323966,0.0055460929607383976,0.004230566893303387,0.004654887232546833,0.011696077564161822,0.007588882807111822,0.006378106666684401,0.005254455862371232,0.09971029163044758,0.01091860032814993,0.0066584374237237615,0.005645522256532904,0.005665807163032786,0.05267923710129352,0.010625300532528675,0.007636768488029579,0.005887278437277408,0.005029991733069252,0.042362865718574505,0.009739747975001014,0.005886280818924952,0.0053176383580266036,0.004027385288853743,0.030837713432133016,0.009292482413651142,0.007281948894007042,0.005699726187016196,0.005112461516872055,0.024604593966005155,0.009056046864119725,0.006697677078920258,0.005924190316318175,0.004849422811275215,0.0215305992826459,0.008752438345523118
