HitRate: 36661/3000000 0.012220
CumReqs: 3000000
CumProbs: 0.007819444444444507
