HitRate: 10181842/30000000 0.339395
CumReqs: 234398,235387,235214,234172,234351,233520,234351,233707,234680,233964,234061,233486,234127,233482,233133,234872,234006,234646,234491,235083,235163,234632,234684,234939,234393,233980,234196,233217,234157,233657,234785,234738,234741,234890,234596,234855,234405,234582,234997,234391,234447,234451,233726,235061,235062,235018,235073,233713,234749,234660,234923,234882,234599,234661,234097,234465,234113,234376,234867,233803,234671,235203,235173,234321,234230,234188,234685,233751,234395,234104,234544,234784,233871,234210,234072,233674,234768,234511,234990,234900,234007,234517,233139,234418,234117,234734,233948,233994,234326,233992,234898,234076,234139,233988,234335,234029,234644,234686,234308,234933,235458,234228,234228,234863,234133,234877,233639,233963,233511,233794,234844,234065,232670,234009,234928,234010,233486,234510,234686,234785,234810,233988,234432,234319,234139,234594,234196,234687
CumProbs: 0.006127864583332721,0.006111328124999389,0.006089713541666058,0.00609492187499939,0.006104817708332723,0.00613450520833272,0.00611132812499939,0.006125130208332722,0.0061162760416660555,0.006089713541666058,0.006104947916666057,0.006110807291666057,0.006109895833332723,0.006098307291666058,0.006129947916666052,0.006112499999999388,0.006110546874999389,0.006097786458332723,0.00611718749999939,0.006118229166666055,0.006105338541666057,0.006116796874999389,0.006118880208332722,0.006113671874999389,0.006096744791666058,0.006112239583332722,0.00611640624999939,0.006110677083332723,0.006121223958332722,0.0061210937499993874,0.006113932291666056,0.006113020833332724,0.006124609374999389,0.006128645833332721,0.006106770833332722,0.006140624999999386,0.00612552083333272,0.006089453124999392,0.006107942708332724,0.006121354166666054,0.00610937499999939,0.006142187499999387,0.006133333333332721,0.00613216145833272,0.006122786458332722,0.0061235677083327205,0.006110026041666056,0.0061207031249993875,0.006112760416666056,0.006114322916666056,0.006130598958332721,0.006117968749999389,0.006117968749999389,0.006123307291666055,0.006106510416666057,0.006091536458332724,0.006106510416666057,0.006107942708332724,0.006109114583332724,0.006091276041666058,0.006122656249999388,0.00610742187499939,0.006118229166666056,0.006104166666666056,0.0061183593749993895,0.006133984374999388,0.0061162760416660555,0.006109635416666056,0.0061285156249993875,0.0061231770833327205,0.006113671874999389,0.006091406249999392,0.00610507812499939,0.0061329427083327195,0.006087369791666059,0.006124218749999388,0.006097005208332725,0.006134244791666054,0.006109114583332722,0.006121223958332721,0.006108333333332722,0.006106380208332722,0.006116536458332722,0.00610390624999939,0.006124088541666055,0.006122005208332722,0.0061195312499993885,0.006101692708332725,0.006094791666666057,0.006089973958332723,0.006124739583332721,0.006095703124999391,0.006104557291666057,0.006124739583332721,0.006112760416666057,0.006119791666666055,0.006119661458332721,0.006097916666666058,0.006121744791666055,0.0061036458333327236,0.006117187499999389,0.006103385416666056,0.006110677083332723,0.006117187499999389,0.006119661458332722,0.006091406249999392,0.006117578124999389,0.006115624999999389,0.0061378906249993865,0.006114583333332722,0.006102864583332724,0.006089062499999392,0.006110807291666055,0.006118359374999388,0.0061199218749993884,0.006141666666666052,0.00610624999999939,0.006097786458332724,0.006141796874999386,0.0060994791666660565,0.006114973958332723,0.00613372395833272,0.006110807291666055,0.006118489583332723,0.006122135416666056,0.006090755208332725,0.006117708333332722,0.006101822916666057
