HitRate: 2328193/3000000 0.776064
CumReqs: 185692,175320,146578,156687,176996,258879,251421,233246,152404,168009,206911,198871,185671,149809,161589,191917
CumProbs: 0.14388887050958465,0.13410935080621342,0.10485284988411313,0.11406736815065481,0.1350006389511082,0.21811812357249588,0.20969759125162485,0.19017812140590004,0.11189720476728865,0.12623111607568527,0.16456785822939818,0.1572945188373813,0.14399265952209053,0.10846503185998323,0.11872068365822502,0.15068445610341027
