HitRate: 2432281/3000000 0.810760
CumReqs: 22699,23244,24507,22391,22471,22126,24446,24352,22030,21508,22620,24382,23443,22865,22421,23143,23901,23452,23421,23102,25522,25271,23744,22372,23371,25316,24684,24403,22450,23143,21991,22317,23344,23841,25160,24551,24291,23182,22752,21146,22780,23158,24551,22983,23518,23182,24129,23988,23966,23976,23548,23305,23807,23981,23847,23681,24034,23412,23046,23532,23705,23672,23600,22559,22179,22640,23098,24436,24855,24726,23285,22067,22734,23103,23387,23406,24146,24887,24333,23678,22930,23841,23866,24328,22007,22569,22173,22893,23070,25018,24622,24458,23073,24144,23499,23173,22010,22860,23136,22772,23102,23473,24810,25330,24012,23472,21670,22017,22491,23110,24544,23979,24164,24230,23682,22358,22169,23063,24103,23944,22720,22428,22607,23875,23771,24132,23320,22687
CumProbs: 0.008380969243221365,0.008508700930797246,0.009092978551193849,0.00837875607041683,0.0077767730675839765,0.00843408539053015,0.008269362100364223,0.008650660157830843,0.008252921388101986,0.007943393363010934,0.0068741147308781884,0.009444556859571024,0.008840044516390122,0.008565611088628074,0.008570037434237152,0.008987062424119787,0.00888209479967624,0.009367411978955882,0.008736341562120602,0.008517869789558881,0.008933630109267504,0.009534980777013362,0.008389189599352491,0.009029112707405905,0.008954497167138808,0.00955205382436261,0.010286194860380422,0.009424954471873739,0.00883593433832456,0.008706937980574668,0.008583632638607855,0.008219091460946985,0.00862947693241603,0.00911890428976123,0.009322200020234723,0.0090152013354917,0.009894463273978141,0.0095378262849049,0.009436336503439911,0.007914938284095502,0.00834587464589235,0.008922248077701339,0.008890631323350882,0.009214070720356135,0.008371484216916228,0.009604853804127886,0.009221974908943747,0.008618094900849861,0.008547589538648322,0.00937974251315257,0.008865337919870495,0.008858066066369893,0.009919756677458522,0.00930449463779846,0.009129653986240386,0.00859216916228248,0.008201069910967224,0.008206128591663295,0.007868145487656823,0.00828738365034399,0.008998760623229459,0.008859330736543908,0.007745156313233507,0.00840626264670174,0.008839096013759614,0.008303192027519226,0.00803603045325779,0.008661409854309993,0.008748672096317285,0.009553950829623629,0.009302597632537426,0.009340221570214491,0.007983230473492515,0.009241261129097537,0.008933313941723996,0.009139139012545523,0.0086411751315257,0.008822655301497366,0.008856169061108867,0.008062588526912176,0.00867879906920275,0.008356308174828003,0.009384168858761631,0.009080648016997164,0.00844799676244435,0.008603867361392147,0.00905408994334278,0.008058478348846623,0.009042707911776606,0.00884889720760825,0.009555847834884662,0.009543833468231485,0.008786612201537841,0.00900540014164306,0.008710731991096721,0.00909582405908539,0.007944974200728445,0.009068317482800488,0.008556442229866446,0.008817280453257794,0.009259598846620804,0.008501745244840146,0.008822339133953874,0.00960959631728046,0.009788230979360579,0.008784082861189799,0.007729031768514769,0.008615249392958324,0.008554861392148928,0.009214070720356127,0.008540317685147712,0.00914040368271954,0.009168226426547955,0.009380374848239578,0.008317735734520439,0.008212135774989882,0.007992715499797656,0.009281414407122627,0.008968724706596517,0.009104044415216509,0.008119498684743019,0.008091359773371108,0.008652557163091865,0.008297817179279644,0.008874822946175637,0.009546046641036018,0.009518223897207596,0.007847594597329012
