HitRate: 2851861/3000000 0.950620
CumReqs: 187491,187657,186791,187214,187434,187469,188031,187596,186569,187954,187809,187986,188290,187517,187047,187145
CumProbs: 0.052965277777777375,0.052993055555555085,0.05326388888888841,0.05315972222222165,0.05309722222222178,0.05294444444444399,0.05313888888888834,0.05320138888888842,0.05335416666666623,0.053020833333332865,0.053124999999999555,0.05310416666666617,0.05295833333333288,0.05316666666666615,0.05303472222222163,0.053041666666666244
