HitRate: 1512388/3000000 0.504129
CumReqs: 375443,376043,375009,374593,375319,375053,375393,373147
CumProbs: 0.06333762433861738,0.06329652614176766,0.0631831746633594,0.06320372376178422,0.06352356053565536,0.06320604382128377,0.06342678091081565,0.06312716179829801
