HitRate: 2809052/3000000 0.936351
CumReqs: 374148,374740,374746,376305,374946,374349,375600,375166
CumProbs: 0.10764583333332844,0.10787499999999502,0.10804166666666173,0.10812499999999503,0.10777083333332842,0.107812499999995,0.108124999999995,0.10797916666666176
