HitRate: 1617179/3000000 0.539060
CumReqs: 23483,23508,23651,23414,23366,23887,23516,23325,23526,23521,23369,23638,23511,23347,23673,23601,23613,23346,23566,23308,23365,23483,23354,23682,23479,23388,23324,23408,23309,23083,23488,23937,23509,23563,23434,23424,23489,23674,23148,23333,23558,23412,23375,23401,23607,23241,23238,23254,23381,23622,23421,23476,23290,23633,23627,23338,23505,23278,23532,23515,23300,23648,23487,23822,23587,23567,23450,23236,23302,23647,23660,23486,23355,23133,23532,23510,23369,23194,23512,23646,23545,23303,23338,23498,23401,23425,23382,23327,23326,23305,23522,23704,23453,23305,23138,23409,23206,23342,23391,23420,23270,23476,23480,23474,23570,23614,23455,23361,23520,23318,23185,23365,23374,23274,23494,23559,23277,23329,23372,23150,23183,23477,23332,23424,23706,23163,23593,23275
CumProbs: 0.0036388888888890017,0.003605902777777888,0.0035555555555556654,0.0036111111111112185,0.0035677083333334417,0.003630208333333442,0.003593750000000109,0.0035954861111112207,0.0035746527777778866,0.0036197916666667784,0.003604166666666777,0.0035625000000001077,0.0036041666666667767,0.003557291666666776,0.003576388888888999,0.0036076388888889995,0.003595486111111219,0.0035989583333334413,0.0036093750000001108,0.0036510416666667785,0.003560763888889,0.0036250000000001116,0.003600694444444557,0.003651041666666778,0.003592013888888997,0.003595486111111223,0.0035781250000001073,0.0035781250000001103,0.003579861111111221,0.0036145833333334453,0.0035763888888889982,0.0036284722222223328,0.003567708333333442,0.003616319444444556,0.00358159722222233,0.0036128472222223314,0.0036423611111112233,0.003623263888889,0.003555555555555664,0.0036076388888889995,0.0035868055555556646,0.0036527777777778875,0.0035902777777778866,0.003611111111111223,0.003638888888888999,0.0035868055555556633,0.003618055555555666,0.0036440972222223354,0.003574652777777887,0.003607638888888999,0.0036475694444445565,0.0036163194444445543,0.003588541666666775,0.0036215277777778897,0.0035972222222223323,0.0035902777777778844,0.0036041666666667776,0.003588541666666774,0.0035659722222223314,0.0035815972222223314,0.0036354166666667763,0.0036354166666667815,0.0035972222222223314,0.003588541666666777,0.0036423611111112224,0.0036059027777778857,0.003611111111111221,0.0036076388888889974,0.0036163194444445534,0.0036041666666667754,0.003588541666666776,0.0036493055555556664,0.003552083333333442,0.0036111111111112215,0.0036024305555556664,0.003626736111111222,0.0035625000000001072,0.0036197916666667767,0.00355208333333344,0.003597222222222331,0.0035902777777778883,0.003652777777777892,0.003562500000000104,0.00355034722222233,0.0035868055555556655,0.0036197916666667776,0.003585069444444552,0.0036041666666667763,0.0035694444444445525,0.0036006944444445543,0.003600694444444556,0.0035972222222223314,0.0035850694444445543,0.0036041666666667767,0.0035815972222223323,0.003626736111111223,0.003619791666666778,0.003560763888888997,0.0035989583333334418,0.003590277777777889,0.0036423611111112216,0.0035833333333334413,0.0035833333333334426,0.0036128472222223323,0.0035989583333334444,0.0036232638888890004,0.0035659722222223323,0.0035868055555556633,0.0035902777777778875,0.0036024305555556655,0.0036111111111112202,0.0035763888888889974,0.0036093750000001077,0.003631944444444556,0.003593750000000111,0.0036024305555556638,0.0036232638888889974,0.003605902777777887,0.0036145833333334444,0.003581597222222332,0.0036267361111112224,0.003614583333333444,0.003581597222222331,0.0035954861111112215,0.003604166666666777,0.0035972222222223327,0.0036284722222223345,0.003581597222222335
