HitRate: 9775146/30000000 0.325838
CumReqs: 234839,235018,234560,234678,234808,234236,235011,234070,234030,234751,234006,234184,234425,234720,234314,234354,234010,234493,233643,233667,234195,234275,234369,233908,234198,234500,234161,233060,233801,234402,234236,234466,235320,235149,234236,234662,234856,234156,234886,234418,234011,234630,234301,234344,235302,234277,235312,234417,234053,234848,234635,233679,234231,234841,234839,233780,234519,234671,233472,234777,233899,235058,234927,234387,233870,235084,234895,235302,233770,234893,234391,234559,234507,234335,234377,234193,233270,234443,234758,234999,234328,234425,233680,233659,234241,234521,234676,234681,233833,233959,234674,234486,234561,234307,234096,233680,233625,234100,234063,235003,234730,234600,234876,233756,234680,234439,234052,234126,234642,234152,234134,233987,234228,234644,234333,234204,234079,233862,234473,234962,234422,234622,234370,233785,234700,234500,234158,233959
CumProbs: 0.006430555555555915,0.006420833333333641,0.006422222222222547,0.006434027777778113,0.006440277777778142,0.00643593750000032,0.006428472222222602,0.0064286458333336835,0.0064338541666669954,0.006432118055555939,0.006415625000000388,0.006423437500000324,0.006443229166667057,0.0064496527777781,0.006424131944444771,0.006416493055555902,0.006425000000000348,0.006417361111111493,0.006444097222222536,0.00641388888888925,0.006432986111111471,0.006422569444444839,0.0064423611111114705,0.006427430555555864,0.006445486111111422,0.006419444444444824,0.006430208333333685,0.006426909722222607,0.006440972222222517,0.006438888888889207,0.0064345486111114895,0.006438194444444807,0.006435416666667065,0.006424826388889319,0.006397222222222558,0.006443923611111376,0.006417708333333682,0.0064187500000003304,0.006433506944444843,0.006426215277778159,0.0064496527777781225,0.006422743055555903,0.006431076388889251,0.006428993055555908,0.006430902777778064,0.006420659722222561,0.0064151041666670565,0.006445138888889209,0.006435763888889255,0.006420486111111465,0.006418402777778109,0.0064253472222225855,0.006422222222222579,0.006441145833333677,0.006424479166667041,0.006408506944444784,0.006446180555555951,0.006422395833333691,0.006414583333333697,0.006442534722222555,0.006441493055555857,0.006427604166666988,0.006442534722222657,0.00644166666666698,0.006431423611111446,0.006427430555555909,0.0064145833333337345,0.006415104166667002,0.006425868055555903,0.006432118055555913,0.006430729166667022,0.0064272569444448,0.006434201388889197,0.0064130208333336965,0.006429861111111503,0.006432291666667059,0.006438715277778167,0.0064446180555558655,0.006432638888889258,0.0064381944444448875,0.006423263888889227,0.006409895833333719,0.006427604166667007,0.006437847222222569,0.006441319444444823,0.006436979166667009,0.00641527777777814,0.006423090277778088,0.0064182291666670215,0.006422916666667041,0.0064440972222226285,0.0064411458333336466,0.006440104166666995,0.0064156250000003134,0.006451562500000319,0.0064156250000003395,0.006431597222222488,0.006414236111111488,0.006435937500000361,0.006428645833333663,0.006415277777778129,0.006426562500000335,0.006428472222222513,0.006420659722222667,0.006445312500000386,0.006444965277778134,0.006436111111111477,0.006425173611111463,0.006444965277778157,0.006411805555555934,0.006434548611111458,0.006417881944444787,0.0064175347222225525,0.0064197916666670195,0.006435590277778137,0.006442187500000321,0.006451388888889245,0.0064338541666670275,0.006434375000000332,0.006432465277778125,0.0064383680555559685,0.0064265625000003756,0.006435763888889239,0.006451909722222574,0.006443576388889262,0.006416840277778097,0.0064119791666670985,0.00643437500000035
