HitRate: 2903669/3000000 0.967890
CumReqs: 187173,187497,186876,185867,188290,186548,187561,187762,188468,190389,186372,184761,188417,187248,187425,189346
CumProbs: 0.05700083369263173,0.05709634528071823,0.05650399265555062,0.056610953582272146,0.0572361477314191,0.05650610174424659,0.057068324530901125,0.05693936882206494,0.05697371683797004,0.05764651613196757,0.0566028185258736,0.05594749453821341,0.05707314530506315,0.05675828849260129,0.056966786975111844,0.057202101013899255
