HitRate: 2961860/3000000 0.987287
CumReqs: 3000000
CumProbs: 0.9410893243210976
