HitRate: 3000813/30000000 0.100027
CumReqs: 30000000
CumProbs: 0.09999999999999021
