HitRate: 2972426/3000000 0.990809
CumReqs: 35988,59546,51880,31919,43480,60468,49455,29101,29104,60415,98199,44669,41425,73159,38443,32307,74571,33222,43634,37288,45116,34222,43625,63004,68521,33809,56328,34253,50598,46483,25951,37260,31615,35381,35488,45543,47980,70426,35863,32595,53657,38354,60576,59829,41524,76652,37464,32579,36305,61248,61789,55605,63363,36801,73840,51194,33230,42428,31006,43811,45608,36135,46650,38018
CumProbs: 0.014503676663212325,0.014417372975915095,0.014488759078139889,0.012936699568472612,0.015820111097442465,0.014458244733390127,0.014867811276395176,0.014177963927679478,0.014920544333220511,0.016630536194768338,0.017719422880113165,0.016185507034891685,0.016186622821742633,0.015027659870911342,0.017732521247493745,0.016138522705972408,0.014514106844645078,0.011766336186773026,0.019877791262090466,0.01858017966691093,0.013581284781017697,0.013516763193549943,0.014773575799961964,0.018359084076772066,0.016301839942220866,0.014478231871763685,0.015585577552620657,0.01612100970365973,0.015522098983296356,0.01808137443206578,0.014467995740217891,0.016751065430906743,0.020012001015270342,0.0159221813380683,0.014163361673673543,0.013972998734407535,0.012705440615496161,0.0170361732275591,0.017323051729432205,0.016097408386138767,0.01559823930775515,0.014367405129981633,0.013376731943755951,0.015146903526547309,0.01931140815405487,0.015418694649696358,0.013732910511567121,0.014197126354032592,0.017513244875046793,0.016442453341676003,0.018381860682272943,0.015721824829615677,0.017379568759056118,0.015937511279150753,0.017258408860784853,0.016390496484399258,0.016456109602482345,0.01464462964996992,0.013458184383875058,0.012581200175266734,0.014349334234243246,0.01248655234282344,0.015990026029852868,0.015543129139812902
