HitRate: 2232693/3000000 0.744231
CumReqs: 3000000
CumProbs: 0.20360985992144862
