HitRate: 2706311/3000000 0.902104
CumReqs: 3000000
CumProbs: 0.9076419744969036
