HitRate: 1921889/3000000 0.640630
CumReqs: 29983,48127,47552,49800,114228,116361,114593,65447,64772,82994,51472,50435,31304,51379,51236,53603,30528,37350,56408,70784,67502,46732,34455,31135,33047,30767,28756,26228,35387,37915,35639,28536,65640,72946,71479,37893,58118,58116,53265,27485,31774,35201,35545,42286,40532,48038,41872,43140,42508,46532,48023,41492,34307,30651,29777,38722,36741,39201,32816,33284,34685,31634,32177,29665
CumProbs: 0.0130338403104075,0.030665837167040487,0.030082349666835824,0.03272834432966056,0.09592802999296031,0.09864835218807816,0.0971699873937886,0.049185180334310165,0.049352499140485596,0.06634698187652463,0.035791162554640515,0.03420114274487971,0.014978798644422992,0.03455313436256773,0.034898577298996376,0.037585173785628874,0.01361536320623434,0.021860480345770355,0.040256708305365034,0.053500761284196376,0.04986133167433408,0.029164551988343355,0.016775429347915056,0.014635975180498039,0.016500384735023993,0.01450238208280807,0.012849822367020841,0.010625562777295726,0.018786529362649587,0.02014538072395669,0.019255087506753314,0.012437582881747187,0.04941471161244903,0.05590543704261546,0.05434979780946609,0.021039275715852738,0.04123573615363205,0.042188896710924795,0.036493508619701714,0.01149850198916193,0.014703099163405965,0.017458129369198286,0.017492509945809667,0.02413156300649956,0.023774005009741146,0.03117859890964456,0.02481622763216057,0.026176061295656593,0.026764132872742732,0.030086278875591416,0.030335783631571182,0.025077192580344118,0.017939457441757657,0.014564594554771533,0.013597681766834218,0.021275355675250882,0.01982940685319492,0.021384718652281396,0.015649711039439438,0.016504968811905503,0.017103518279006556,0.014807878063554955,0.015516772809875424,0.013235539693194296
