HitRate: 2909828/3000000 0.969943
CumReqs: 3000000
CumProbs: 0.9670419009639842
