HitRate: 363872/3000000 0.121291
CumReqs: 3000000
CumProbs: 0.07874999999999975
