HitRate: 2524209/3000000 0.841403
CumReqs: 29627,19547,19104,26599,25794,26243,17610,17310,25381,24598,24993,17687,17579,24316,23499,23808,17858,17396,23279,22904,23173,17911,17451,22982,22335,22478,17249,17272,22353,21803,21963,17639,17428,21672,21443,21403,17189,17446,21842,21470,20969,17408,17981,21958,20756,20544,17482,17761,21056,20789,20330,17451,17680,20820,20556,20061,17333,17668,20985,20232,19704,17539,17746,20421,20289,19463,17129,17486,20358,21134,20806,18673,17628,20313,20838,20567,18787,17610,20249,20704,20461,18499,17755,19698,20416,20212,18218,17623,19850,20507,20099,18336,17557,19403,20013,19695,18293,17344,19557,20012,19746,80894,80635,81750,19906,19361,48884,48084,50239,20074,19484,42740,41730,43504,19583,19161,35359,34818,36654,19656,19349,31300,30319,31651,19352,18987,28687,27647
CumProbs: 0.026693093020654778,0.016593228284171844,0.016315274743283266,0.023890464042023458,0.023077869440423584,0.023127130184518063,0.014842851996049998,0.014601698640043672,0.022508588025090277,0.021795013334046227,0.021913720928163332,0.014909059100679042,0.01459413923412018,0.021482170227354613,0.020710446259975805,0.020869609136349117,0.014741755325619495,0.014466709248548102,0.02064050098758459,0.02000260342617355,0.020252728384813214,0.014899506005280798,0.014570298030822175,0.019960071384053212,0.019211524056813173,0.019433405081232678,0.01461100252425737,0.01445051052156871,0.01942958384307396,0.01883853798431234,0.018994544185683533,0.014771577597340787,0.01453158722686083,0.01902361882385088,0.01833371919531555,0.018490389959846636,0.014559166597923468,0.014874751027640656,0.019018385388980055,0.018523535047357834,0.018219331261722704,0.014761526079574079,0.014981413414520108,0.018758790405335665,0.018076948605094158,0.017764770061561803,0.014529427396596566,0.014814109639461066,0.018367694986776196,0.01786611594317662,0.017514312821340885,0.014588407376881267,0.014883639559880365,0.01810668780641999,0.017551196076616173,0.01718095132714417,0.01449329177487364,0.014713677532188496,0.017832389362901113,0.017379157289056722,0.017071298406051625,0.014588158165696705,0.014846507093419692,0.017703048758250274,0.017143403508708785,0.016752225019754714,0.014371925928119866,0.01466657661835607,0.017452757658819425,0.018369439465066615,0.018031592169551615,0.01585614467140932,0.014734195919695792,0.01729309636007829,0.01815495170577951,0.01780497613262833,0.01577714472598655,0.014704373647974528,0.01718851073306749,0.01799786558927615,0.01765968601218215,0.015707282523988494,0.014662007746643798,0.016957491965221314,0.017668408403632044,0.01731893125285066,0.015563072318674001,0.014665745914408322,0.016943037716531915,0.01765594784441774,0.01727440552125453,0.015501434085757333,0.014529593537386193,0.0166369233118188,0.01729126881139342,0.017018548705375346,0.015402829527169957,0.014499272843296952,0.016505755158482363,0.0172198282718942,0.016950430981667076,0.07821476405143807,0.0772035481359469,0.0791018727971413,0.016957824246800774,0.016649383871033017,0.0462134728052018,0.0454522987779586,0.04743676743853033,0.01709788093237681,0.016754384850018164,0.03987893985229687,0.038993243303302,0.0407563293618192,0.01673436488487944,0.016462724693993916,0.032431928172683554,0.03165306015136303,0.03349232176188174,0.016826157671096492,0.016522784589409714,0.02836928744624457,0.02751756668871078,0.029087431008997838,0.01643389926700984,0.016182029830077705,0.025763036880850607,0.025020969044403724
