HitRate: 30141/3000000 0.010047
CumReqs: 94722,93824,93802,93963,93935,93691,93694,93325,93380,94447,93693,94048,93455,94238,93609,93388,93810,93830,93781,93549,93174,93998,93910,93356,94000,93548,93371,94133,93475,93622,93822,93407
CumProbs: 0.0003271520910748778,0.0003408111906004073,0.0003378128516801691,0.00033448136399101563,0.00032315430584789354,0.00032215485954114746,0.00032482004969247043,0.0003148255866250097,0.0003341482152221003,0.0003514719512056987,0.00033081672753294675,0.0003224880083100629,0.00030283223094405696,0.00034414267828956083,0.00032148856200331686,0.0003051642723264645,0.0003005001895616495,0.00031948966938982477,0.00033281562014643874,0.00031016150386019477,0.0003114940989358562,0.0002965024043346653,0.0003084957600156181,0.00031149409893585625,0.0003221548595411475,0.0003364802566045077,0.0003111609501669408,0.0003284846861505392,0.000318823371851994,0.0003208222644654861,0.00031715762800741727,0.00035013935613003737
