HitRate: 9936/3000000 0.003312
CumReqs: 46602,47197,46853,46712,47001,47028,46767,47063,46742,46593,47091,46564,47023,46541,47471,47087,47084,47166,46892,46952,47075,46866,46726,46731,46683,46720,46874,46748,46727,47198,46796,47035,46941,46368,47002,46866,47003,47051,46848,46620,47258,47036,46946,47284,46759,47065,46660,46362,46939,46816,46681,46560,47068,46616,47261,46896,46923,47154,46756,46897,46628,46526,46768,46834
CumProbs: 0.00017483868217591235,0.0001768368385436371,0.000181166177340374,0.00016384882215342647,0.00016984329125660063,0.00016851118701145075,0.00015519014455995264,0.00017150842156303785,0.0001658469785211512,0.00015385804031480294,0.00016384882215342644,0.00016784513488887588,0.00017550473429848724,0.00015685527486638995,0.00016851118701145077,0.00017250749974690021,0.00016051856154055194,0.000163515796092139,0.00016318277003085158,0.0001795010470339367,0.00016551395245986374,0.00016651303064372605,0.00016884421307273824,0.00016151763972441428,0.00016284974396956408,0.00016251671790827666,0.00017317355186947513,0.00016651303064372605,0.0001711753955017504,0.00017483868217591235,0.000159852509417977,0.0001625167179082766,0.0001725074997469002,0.00015352501425351542,0.00017084236944046294,0.0001755047342984873,0.00017883499491136174,0.00017250749974690021,0.00016284974396956408,0.00018982485493384773,0.00016851118701145083,0.00016884421307273824,0.00017517170823719982,0.00016018553547926444,0.00016384882215342647,0.00014586541484390406,0.00017716986460492457,0.00016684605670501355,0.00015652224880510247,0.00017650381248234968,0.00016418184821471386,0.00016651303064372608,0.00017950104703393668,0.0001608515876018394,0.00017850196885007435,0.000167179082766301,0.00016251671790827666,0.00016651303064372608,0.00016284974396956403,0.00015918645729540216,0.00018249828158552376,0.00016384882215342641,0.000170176317317888,0.0001715084215630378
