HitRate: 28102834/30000000 0.936761
CumReqs: 30000000
CumProbs: 0.8633313802326934
