HitRate: 395957/3000000 0.131986
CumReqs: 23290,23253,23390,23561,23338,23470,23359,23383,23656,23394,23297,23166,23419,23493,23432,23416,23569,23448,23506,23625,23188,23388,23241,23359,23360,23347,23381,23473,23613,23601,23682,23500,23744,23413,23419,23384,23269,23397,23387,23411,23671,23137,23535,23622,23663,23446,23092,23330,23612,23624,23634,23412,23461,23505,23219,23224,23458,23517,23301,23538,23424,23321,23321,23425,23505,23327,23617,23338,23169,23642,23575,23814,23388,23365,23587,23582,23235,23119,23266,23254,23309,23649,23651,23174,23463,23383,23407,23670,23637,23485,23468,23328,23408,23413,23235,23557,23351,23196,23388,23470,23445,23437,23313,23268,23402,23332,23495,23235,23488,23391,23502,23520,23717,23250,23540,23478,23602,23686,23521,23406,23520,23533,23639,23464,23490,23372,23649,23366
CumProbs: 0.0011595936499649638,0.0009187487510215825,0.0009768266246332393,0.0011261679844806938,0.0009498511930629181,0.0010766533524444524,0.0011351231767712333,0.0011059262390715916,0.0010174511634596542,0.0011258519826930675,0.0009215018996433902,0.0011178475082271034,0.0010754205386034558,0.001030972785016019,0.0010613984678641123,0.000967251634845081,0.0010581285952891478,0.0010111989392495393,0.0010703929908492487,0.0009990891540061309,0.001093123419864763,0.0010175650868509013,0.001012072351915768,0.0009766150526209231,0.0010447710776654126,0.0009756548411804108,0.0010529193126012843,0.0011432076688572402,0.0011159474288088016,0.0010679788999394865,0.0010002365253036919,0.0009369534376967166,0.0011297091032252942,0.000988511909621167,0.0010653776491726754,0.001127151251845625,0.0010916437720093976,0.0010683260950366212,0.0010339578491128652,0.0010553578156663138,0.001041259795999472,0.0010653993488662463,0.0009937089862313965,0.001025745871327129,0.0009868871450650458,0.0009905299811232603,0.0011507279689104042,0.001010663228064508,0.0010115637653477,0.0010615978337987948,0.0010558636897726851,0.0011040966836573956,0.0010049860457340219,0.0009883071187630917,0.000980175158597398,0.0010881379152668496,0.0009402124604248957,0.0011009434469353742,0.0009994214305639353,0.0008643733876254605,0.0009684044310660347,0.001023947509222441,0.0009416731210483867,0.001083098161435009,0.0010354239346597486,0.0009905476121242866,0.0009673628457746316,0.0010219335064128921,0.0009659659280010054,0.0009992858074791174,0.0009934106154447966,0.0009345135784008389,0.0009854074972096805,0.001134941441837577,0.0010774006356418003,0.0010396445250592883,0.001085159632324244,0.0009878365066587726,0.001107438436467314,0.0011016161374360726,0.0010103418013534889,0.001029612485475293,0.0011179560066949578,0.0010596665610709852,0.000979665215798482,0.0009826109492007313,0.0009541653633909819,0.001037222296764437,0.001025577698701955,0.001126676571048762,0.001016008133837189,0.0010221382972709675,0.0009963170181524488,0.0009517946718683619,0.0010144905115180747,0.0010467891491675063,0.0009443543894352408,0.001166774892306082,0.0010372738335366679,0.000939968338872223,0.0010350007906351165,0.0009687950255503113,0.0011791532112574309,0.0010149882482393573,0.0009875950975677967,0.0011205830258478845,0.0010604626685788673,0.0010779187158258055,0.0009949065380703405,0.001111170783761508,0.0010637881466186072,0.0009637742589503448,0.0010817351494325869,0.0009562783710524482,0.0010548763537152094,0.0010810109221596582,0.0010584418846150774,0.0010443357275631464,0.0009597476095620953,0.00108279165326332,0.0009337120459695642,0.0009261768273770702,0.001074587812862673,0.000951461039079709,0.0010385554716881992,0.0010519808008543432,0.0010114769665734162,0.001035715524292108
