HitRate: 2404511/3000000 0.801504
CumReqs: 3000000
CumProbs: 0.7432623438058028
