HitRate: 364038/3000000 0.121346
CumReqs: 23276,23285,23752,23462,23515,23387,23544,23084,23454,23741,23628,23474,23271,23522,23347,23478,23412,23158,23465,23141,23483,23598,23138,23231,23289,23457,23472,23445,23422,23372,23351,23421,23488,23551,23453,23163,23261,23409,23626,23677,23490,23426,23313,23491,23718,23340,23414,23435,23664,23439,23585,23368,23268,23461,23365,23260,23446,23249,23259,23617,23383,23514,23456,23481,23643,23684,23137,23458,23585,23632,23215,23528,23257,23426,23290,23536,23332,23327,23575,23227,23481,23482,23376,23611,23408,23658,23073,23415,23727,23482,23470,23586,23385,23465,23362,23613,23528,23285,23399,23573,23225,23681,23260,23415,23352,23443,23440,23536,23438,23415,23256,23629,23399,23348,23581,23552,23645,23559,23284,23412,23277,23494,23129,23835,23491,23560,23423,23545
CumProbs: 0.0006484375,0.000646701388888889,0.0006197916666666664,0.000661458333333334,0.0006041666666666663,0.0005850694444444435,0.0006067708333333326,0.0006163194444444441,0.0006111111111111103,0.0006111111111111112,0.0005920138888888886,0.0006284722222222223,0.0006310763888888888,0.0006093749999999996,0.0006171874999999999,0.0006059027777777773,0.0006180555555555549,0.0006024305555555553,0.0006310763888888891,0.0006519097222222218,0.0006553819444444449,0.0005920138888888888,0.0006354166666666667,0.0006093749999999992,0.000608506944444444,0.0006406249999999997,0.0006336805555555549,0.0006111111111111102,0.0005833333333333326,0.0006215277777777776,0.0006232638888888884,0.0006085069444444443,0.0006258680555555555,0.0006345486111111111,0.0006085069444444441,0.0006015624999999997,0.0006111111111111109,0.0006015624999999995,0.000594618055555555,0.0006050347222222219,0.0006371527777777782,0.0006197916666666666,0.0006197916666666663,0.0005998263888888887,0.0005963541666666668,0.0006258680555555556,0.0006467013888888886,0.0006293402777777774,0.0005781249999999998,0.0006006944444444442,0.0005911458333333331,0.0006024305555555552,0.000633680555555555,0.0006276041666666661,0.0005937499999999993,0.000602430555555555,0.0006015624999999993,0.0006189236111111113,0.000628472222222222,0.0006354166666666666,0.0006345486111111107,0.0006614583333333331,0.0006397569444444445,0.0006345486111111109,0.0006258680555555556,0.0006328124999999996,0.0006232638888888883,0.0006119791666666659,0.0006197916666666664,0.0006015624999999996,0.000610243055555555,0.000604166666666666,0.0005998263888888883,0.0005998263888888886,0.0006423611111111107,0.0006189236111111112,0.0006111111111111106,0.0006423611111111107,0.0005798611111111102,0.0006380208333333328,0.0006050347222222222,0.0005954861111111105,0.000624131944444444,0.0006249999999999997,0.0006249999999999995,0.0006397569444444445,0.0006206597222222218,0.0006310763888888887,0.0006189236111111107,0.0006371527777777772,0.0005720486111111106,0.0005859374999999994,0.0006232638888888887,0.000631076388888889,0.0006119791666666658,0.0006032986111111112,0.0006024305555555554,0.0006050347222222215,0.0006232638888888886,0.0006467013888888887,0.0005954861111111109,0.0005876736111111106,0.0006293402777777778,0.0006180555555555554,0.0006284722222222225,0.0006284722222222228,0.0006032986111111108,0.0006067708333333328,0.0006015624999999997,0.0006119791666666668,0.000578124999999999,0.000628472222222222,0.0006180555555555552,0.0006354166666666664,0.0006041666666666664,0.0006328124999999999,0.0006032986111111109,0.0005876736111111109,0.0005928819444444436,0.0006024305555555553,0.0006015624999999996,0.0005989583333333324,0.0006111111111111104,0.0006093749999999995,0.0006284722222222217,0.0006527777777777773,0.0006718750000000005,0.0005980902777777769
