HitRate: 2971743/3000000 0.990581
CumReqs: 3000000
CumProbs: 0.9991320508662636
