HitRate: 1458735/3000000 0.486245
CumReqs: 3000000
CumProbs: 0.48543357374387636
