HitRate: 2598429/3000000 0.866143
CumReqs: 342690,346798,356238,358547,364407,404625,408440,418255
CumProbs: 0.29693804552465347,0.3005450990678959,0.30976478474383884,0.31209634026609023,0.3181894883583345,0.3584602524889142,0.36118782957411144,0.37128135874832857
