HitRate: 10590864/30000000 0.353029
CumReqs: 467474,468855,469044,467952,468886,469570,468981,469529,468242,469151,468990,468449,468724,468384,468865,468984,469200,470144,467698,468816,468680,468954,469000,469272,468872,469417,467970,468005,469560,468919,468747,470022,469508,468070,468958,468471,468838,468447,468340,468211,469661,468928,467877,469323,469341,468976,468217,468229,468532,467074,468316,469778,468257,469434,468488,467226,468732,468612,469796,468284,468317,469071,468659,468673
CumProbs: 0.011559201388887877,0.011573958333332355,0.0116057291666657,0.011554166666665635,0.011603124999999052,0.011580208333332287,0.011529166666665642,0.011491840277776895,0.011545833333332383,0.011557638888887826,0.011530381944443398,0.011639062499998973,0.011561979166665683,0.011527256944443436,0.01157899305555458,0.011559548611110094,0.01153402777777678,0.011568055555554608,0.01154479166666566,0.011600694444443579,0.011551909722221202,0.011631249999998983,0.011610590277776828,0.011511631944443414,0.01158958333333241,0.01163350694444347,0.011585416666665628,0.011652604166665676,0.011572048611110138,0.011620833333332426,0.011532986111110151,0.01156145833333243,0.011603645833332357,0.011544791666665681,0.011606597222221219,0.011600347222221372,0.01156388888888788,0.011593576388887823,0.011543923611110134,0.011585763888887931,0.011589062499999045,0.011574131944443473,0.01151302083333225,0.011571180555554516,0.011576562499998904,0.011608159722221208,0.011564756944443482,0.011520486111110145,0.011582812499998976,0.011567534722221278,0.011551215277776757,0.011614583333332361,0.011608333333332358,0.0115163194444434,0.01154565972222129,0.011572048611110218,0.011595486111110033,0.011543055555554573,0.011593749999999025,0.01166458333333225,0.011507812499998982,0.011618749999998967,0.011567534722221308,0.01158749999999898
