HitRate: 331878/3000000 0.110626
CumReqs: 187475,186434,187554,187038,187096,187777,187477,187801,187160,187421,187694,188487,187779,188125,187358,187324
CumProbs: 0.0059722222222222225,0.006111111111111111,0.0059722222222222225,0.005277777777777778,0.005694444444444445,0.005277777777777778,0.005277777777777778,0.006111111111111111,0.005555555555555556,0.006111111111111111,0.005277777777777778,0.005694444444444445,0.005555555555555556,0.005,0.005277777777777778,0.005555555555555556
