HitRate: 2970868/3000000 0.990289
CumReqs: 3000000
CumProbs: 0.9977409925283366
