HitRate: 976684/3000000 0.325561
CumReqs: 94201,94412,93896,93387,93764,93910,93030,93395,93314,93879,93549,93707,93881,93937,93896,93887,93657,94158,93647,94026,94320,93349,93742,93943,94163,93832,93654,93482,93232,94018,93469,93263
CumProbs: 0.025951388888889974,0.025756944444445522,0.025944444444445533,0.02564583333333441,0.02584027777777886,0.02584027777777887,0.02560416666666774,0.025986111111112205,0.025777777777778857,0.025840277777778857,0.025597222222223295,0.025597222222223305,0.02592361111111219,0.025729166666667736,0.025562500000001074,0.02581944444444553,0.025868055555556643,0.026000000000001102,0.025770833333334416,0.02579166666666775,0.025840277777778854,0.02593750000000109,0.025618055555556626,0.025430555555556615,0.02613194444444554,0.025673611111112188,0.025777777777778864,0.02573611111111219,0.02569444444444552,0.02558333333333441,0.025909722222223305,0.02579861111111219
