HitRate: 300828/30000000 0.010028
CumReqs: 30000000
CumProbs: 0.009999999999999204
