HitRate: 2706056/3000000 0.902019
CumReqs: 46897,47113,47020,46986,47182,46829,46738,47158,46521,46755,47172,46310,46726,47215,47358,47078,46760,47087,47168,47019,46686,46641,46812,46580,46804,46783,46947,46465,46911,46997,47050,46595,46880,46927,47208,46818,46947,46880,46884,46754,47143,47228,46618,47125,46897,46920,46612,46363,46769,46841,46818,46832,47152,46956,46781,47274,46832,46818,46853,46717,46783,46603,46866,46538
CumProbs: 0.014288598616776591,0.014385672973723578,0.014299225099637634,0.014354367929619376,0.014364420008001443,0.01427912094287348,0.014265909639857008,0.01435522953633781,0.01418491860832132,0.014265622437617557,0.01437475928862308,0.014151315946301252,0.01428630099886066,0.014400607490176994,0.014406351534966763,0.014339720615405475,0.014293481054847896,0.014324498896712608,0.014411808377517044,0.014373323277425605,0.014265622437617507,0.014182333788165946,0.014266196842096504,0.014237189415908215,0.014261027201785691,0.014292906650368888,0.014345177457955728,0.014219095674820435,0.014299512301877147,0.01433024294150236,0.01432536050343104,0.01428113135854988,0.014247815898769224,0.01430755396458281,0.01435982477216964,0.01426820725777293,0.014337710199729056,0.01429032183021352,0.01433139175046027,0.014215362045707084,0.01433684859301062,0.014405489928248302,0.014204448360606529,0.01439342743418976,0.014300086706356121,0.014271079280167813,0.014204448360606555,0.014143848688074563,0.014250975123403658,0.014323637289994137,0.014261888808504193,0.014271366482407283,0.01433282776165781,0.014324786098952071,0.014259878392827772,0.014385098569244614,0.014285439392142215,0.014285726594381725,0.014259016786109286,0.014271079280167796,0.014317031638485881,0.014225988528568167,0.014272802493604728,0.014244082269655928
