HitRate: 1688948/3000000 0.562983
CumReqs: 12569,21443,15271,22282,14844,50919,28269,38198,26174,29737,17737,12465,17325,10681,16066,15650,11266,16586,22778,17107,14505,19584,14929,16065,19738,20173,15040,20009,12736,17814,13097,15353,12488,15330,13805,30578,19889,23021,21023,11586,19068,16683,11172,20088,18980,18468,13811,21194,32247,13758,17983,16221,15593,16754,21298,14235,10630,11722,21475,16045,17085,14426,35426,15790,14324,55938,19353,15330,29186,15341,16214,112034,14891,47597,16882,13642,12733,14177,20339,12790,15667,56632,37824,19445,46670,14646,16820,12998,20945,12946,18263,12297,127762,13568,233603,14267,15099,14931,20366,19912,80851,15945,29839,15558,24413,12656,14308,21660,11833,22453,16518,22182,16320,23176,17778,12389,14609,15805,15476,41230,13777,34738,14780,10926,19069,14286,14814,62897
CumProbs: 0.0011685496804580981,0.0034465576086693114,0.001502847841884605,0.004072661215869304,0.0013262374924517335,0.013402136122094855,0.005428776399014568,0.009415788234895747,0.005847064068724001,0.006372579450589106,0.0028171342580589264,0.0009670412554472841,0.00297548601873464,0.0004581245906341407,0.002073179759790007,0.0019961617126689037,0.00048501451225831837,0.002013756352743984,0.0034110363541781123,0.0017740708785136579,0.0016492485262829069,0.003006027658110249,0.001582521683734021,0.0017378856753403817,0.003126202369566452,0.002636872190874623,0.0009225566937480267,0.0028224458475155545,0.0008246242631414532,0.0022660568519337998,0.0009487826666901266,0.001971595611432001,0.001079580557059584,0.0019616363812008245,0.001062981840007622,0.006626539821484118,0.0029801336595091893,0.004574938393861663,0.003481414914478431,0.0009803202290888536,0.003115247216312157,0.0019423818694205485,0.000639714555182601,0.0032241348001730255,0.0029389688412203244,0.0023045658754943512,0.0011668898087529025,0.0037974544871477796,0.007428921803775944,0.0009481187180080478,0.0025625099384818345,0.0023288000023902146,0.002210949111321287,0.0020389864026629655,0.003504653118351177,0.001495544406381742,0.00041397200327592275,0.0008432148262396501,0.0035564411155532966,0.002108037065599126,0.0018859462314438791,0.0009942631514125012,0.008216032966379965,0.0020087767376283953,0.0011861443205331776,0.015070971134499078,0.0025323002734472647,0.00196761191933953,0.006354320861831948,0.0016688350124042211,0.0024190970231528866,0.033978569728388544,0.002253441826974309,0.01244405817385563,0.0019978215843741,0.0010951833510884274,0.0008007221105866286,0.0017269305220860868,0.0031849618279303957,0.0011851483975100598,0.0011970994737874718,0.015432159217549759,0.009570488277820033,0.0030916770380983705,0.011730645314962316,0.0017876818264962666,0.002214932803413759,0.00127146172618026,0.0036271516501946532,0.000395713414518765,0.00280684305348671,0.0005361385607783602,0.038520974636828374,0.0010009026382332858,0.07473671944948032,0.0011257249904640372,0.001730250265496479,0.0016366335013234155,0.0032975011295426956,0.0036062372667091825,0.022112146907941187,0.0022361791612402694,0.006408432679421342,0.00204562588948375,0.004532445678208639,0.0010165054322621295,0.0011937797303770796,0.003881443995430705,0.0010623178913255437,0.0042061149009670765,0.001910844307021822,0.00427748938429051,0.0020409782487092014,0.0041626262622909355,0.0017332380345658324,0.0006171402999919328,0.0015543038647456862,0.0019905181488712375,0.002056581042738045,0.00995591048776658,0.00114597542526743,0.007987634619744971,0.001509819303046429,0.0006224518894485607,0.003385474329918092,0.0011008269148860945,0.0017514966233229902,0.017218181172340814
