HitRate: 1614859/3000000 0.538286
CumReqs: 20544,21118,20267,20483,19052,22208,18855,21432,31687,36746,34454,20797,17372,17729,24985,23894,29819,26975,28693,25300,29885,28108,25514,15223,18731,19623,20326,20960,29738,28760,30118,21194,26614,27570,27437,28674,22649,30483,23086,24273,18026,28292,27454,24734,16674,18941,22079,22587,21504,18162,21009,21183,23000,21876,20012,18610,16053,23129,26053,26021,18957,16424,23850,23987,24568,17941,17432,17213,15660,17389,17258,16849,17126,20497,19942,20319,21181,28435,45422,41295,35969,25472,33924,36483,29523,24854,21473,20461,19184,17792,23770,27181,27446,25217,25837,30346,30629,24554,19845,18695,25477,28342,30294,27197,26934,26279,23413,21275,16927,17019,15347,18119,19440,22009,20986,20499,19357,25578,26654,24625,24457,28583,28917,21051,14906,15307,16217,17616
CumProbs: 0.006181233734234475,0.005928363609755024,0.005915412515031368,0.006963803632911587,0.006698306191076571,0.007449469685048809,0.0061773484058173815,0.008403965366182497,0.007620424135401108,0.01018830244173465,0.007831850756764857,0.00823592491214301,0.0062145828031478926,0.006960565859230675,0.006484289350768106,0.00600995550651408,0.006889334838250538,0.009148977090161005,0.01107998531345859,0.010198987094881666,0.0168866086328112,0.004421827516025361,0.003610441431588102,0.0035456859579698105,0.0068142184888533176,0.0065211999707305264,0.007150623174300372,0.007575095303868305,0.010724153985926079,0.01010897698655225,0.008240457795296294,0.005938076930797774,0.011375270273158012,0.011243169106976737,0.010713469332779049,0.010235897714844115,0.009598056299703889,0.01418986693397727,0.009120484681768935,0.009797179381080155,0.007446879466104071,0.00918653526485962,0.008598879341773577,0.0059827582075943925,0.005581598048529047,0.006344741305120677,0.00617734840581738,0.006891601279827182,0.006496916668123664,0.005941638481846769,0.004954765063903943,0.0054397835613049774,0.007235452844740335,0.01019607309856886,0.008847864137835906,0.007913118876155817,0.005118272634790135,0.006259587857312608,0.005715641878918926,0.0055038914801870875,0.004249901733568777,0.004744957329380652,0.005353335004024554,0.0058665221324495495,0.005817955527235825,0.0058179555272358284,0.0052018071957577435,0.006114859373775721,0.004707722932050139,0.004055959090081983,0.0038429135818777863,0.004086394162682581,0.006440903183443843,0.007575742858604484,0.0067572336720692185,0.004825254116667348,0.00455943289746424,0.00534426923771799,0.012084990264014571,0.011189422063873524,0.012641563559763834,0.013195222859200231,0.015657873520904073,0.018659613500480166,0.01335257866009271,0.010424983697809522,0.0075414224575867835,0.005763237152028369,0.0061019082790520615,0.004721969136246164,0.011181327629671237,0.01500610967893589,0.016448214076415363,0.014432376182677833,0.012577779418249805,0.01587933724067862,0.013422838348968581,0.010344363133154762,0.0076443836606398825,0.008226211591100279,0.009078393623917052,0.011520646311431093,0.008630933301214647,0.008478434160843533,0.007617833916456381,0.007465982330821472,0.007089753029099161,0.0037888427614065083,0.00406923396217373,0.0038626640013313673,0.0039792238538443,0.004790609938281555,0.006201631708424233,0.007086515255418252,0.0076547445364188015,0.006128134245867462,0.006794468069399735,0.0060206401596610915,0.011969077966237819,0.005620127555331931,0.00525717312570138,0.00591314607345473,0.006404640118217597,0.005449496882347719,0.0038807955339444896,0.004352539159253783,0.004991028129130181,0.006225915011031095
