HitRate: 1370133/3000000 0.456711
CumReqs: 380263,398873,349690,355485,374391,374726,372877,393695
CumProbs: 0.05178620289947813,0.048545378375595034,0.06064247913077647,0.04366181176222,0.03229692938208701,0.04541120377434077,0.021895229115695497,0.048712685441719
