HitRate: 2493198/3000000 0.831066
CumReqs: 3000000
CumProbs: 0.6297407634366141
