HitRate: 548569/3000000 0.182856
CumReqs: 187357,187262,187185,187209,186795,186832,187933,187999,187396,187603,186832,188387,187731,187950,188004,187525
CumProbs: 0.02861111111111109,0.028888888888888853,0.029305555555555522,0.028194444444444425,0.02819444444444444,0.02708333333333331,0.028194444444444435,0.027361111111111107,0.028611111111111105,0.028749999999999973,0.02861111111111107,0.0284722222222222,0.028611111111111084,0.026805555555555548,0.02944444444444441,0.028472222222222194
