HitRate: 1975362/3000000 0.658454
CumReqs: 19613,21476,18274,22153,20154,25768,29679,33337,25898,23200,24817,32183,29542,23407,19879,16872,19843,17749,20737,21038,21178,20449,17586,17453,20870,22660,26756,25750,26223,22095,17573,19402,22305,22911,18465,20146,21342,31087,40291,39236,31452,17665,17307,18398,18838,20688,18350,30576,32369,34820,28912,27092,26443,24363,27246,25742,18574,12396,15233,18301,19875,24102,34880,33804,30319,19457,22207,19313,20621,24074,23598,30405,24706,29442,23981,23335,18964,19974,32654,32440,27393,19201,21630,23292,19552,20793,29555,29596,26579,16572,16214,22638,24405,28110,26998,25152,23783,19822,21959,21848,22607,21373,19871,21665,24206,22391,18360,16093,17853,16744,16758,24534,28039,28381,20544,16775,25456,25550,25526,22261,29272,31000,24675,18386,18712,21981,20564,23018
CumProbs: 0.007108011116027171,0.009056432570126635,0.010293153245725079,0.010021967937799615,0.007566198614962825,0.0067600328121370235,0.010125429631107677,0.012520150128700582,0.012913754396720337,0.013658228755089166,0.015854701225442726,0.011786921606560906,0.011758967670791334,0.007814249631216916,0.006478886906408637,0.00557311512555334,0.004707828355122952,0.0056489441926983715,0.00944393195562203,0.010624744759681313,0.010570122126568377,0.0087434770133501,0.007867908335510225,0.007790794029938998,0.006848714263543938,0.008323846667200064,0.008618166266796875,0.009344647287199075,0.010628600474959874,0.008438875506343793,0.00644547070732776,0.007617929461616852,0.010874402323968139,0.011021240814159991,0.009824362529773376,0.012038185718880458,0.013317961881756154,0.022301778480803225,0.018491046547158774,0.01608283104609091,0.007434140366672111,0.0072429611507767895,0.008467472061326461,0.00992139803095047,0.010258451808218034,0.010642416788041382,0.010103259268255942,0.0082361291446128,0.011316524342576458,0.00962964890820603,0.014570105418468836,0.013156021840056603,0.015234252375200964,0.013786752597707876,0.01369967769433369,0.006464427974114027,0.004861414347052292,0.004445961025787344,0.006887914035542632,0.00953903959915984,0.011357973281821,0.009007914819538073,0.019175436009103368,0.01741883639011229,0.018197690876381605,0.006717619944072859,0.008924374321835928,0.009190418676056628,0.011238446108185605,0.01607929664041889,0.015332894424410822,0.012837282710362235,0.007835134755642452,0.008844368229805784,0.00979383811715143,0.00910366508228901,0.008040451594225815,0.012213299454448438,0.013750123302561541,0.01351235419371695,0.008552940416667893,0.006839074975347524,0.008171224604090352,0.007525392294931381,0.007135643742190174,0.009558318175552662,0.008818984770888593,0.008554546964700609,0.006442900230475386,0.004490623061097338,0.004996685691408469,0.005230599084974508,0.006481778692867548,0.0066305450406987,0.01401423979914295,0.013173372558810108,0.014675173659809604,0.010743950623710145,0.012323187339887425,0.013864830832098713,0.014150153762712236,0.010742665385283973,0.008027277900357406,0.0072811969939558545,0.00981761502803589,0.009835608366002502,0.00863037603184565,0.005934267123311886,0.006175570637828494,0.0066758496952217805,0.0063911693838213535,0.010891753042721674,0.013222854238218304,0.013480865852275361,0.01070378692289182,0.007690224123089865,0.00814005757225532,0.007768944976693822,0.007800112008528852,0.008591176259846942,0.007451812395032177,0.008370115250542789,0.008200785087892648,0.009967666614293214,0.010170412976024213,0.010838736957641447,0.009676881420368412,0.008930479204360322
