HitRate: 2705745/3000000 0.901915
CumReqs: 3000000
CumProbs: 0.9028996857165631
