HitRate: 121049/3000000 0.040350
CumReqs: 374573,374436,375798,374949,374991,376117,374184,374952
CumProbs: 0.009597222222222214,0.009708333333333328,0.009749999999999997,0.00997222222222222,0.009902777777777767,0.010055555555555552,0.009722222222222205,0.010013888888888888
