HitRate: 2681456/3000000 0.893819
CumReqs: 456525,102676,175563,149114,291238,93369,148824,154019,138021,162522,97697,133251,229605,242291,114653,310632
CumProbs: 0.14646852332611715,0.02812389907772982,0.051815912195581536,0.04333064191356628,0.09045990105217483,0.024107004834603755,0.042745805465417674,0.04454609327262267,0.03878497325277208,0.047536952839558444,0.025994205375453067,0.03738076866683163,0.06980386250803612,0.0732316078391304,0.03184124294497496,0.09690769801341378
