HitRate: 1327931/30000000 0.044264
CumReqs: 233623,235245,234515,233996,233392,234831,234745,234983,233911,234752,233822,234178,233766,234850,234002,233230,234187,234617,234784,234597,234049,234532,233459,234944,234479,233910,234251,234216,234173,234456,234835,234525,234490,234615,233956,234381,235164,233958,234046,234310,234458,234615,234744,235130,233603,234824,233916,234697,233640,234715,234646,234575,234361,234078,235043,234386,234476,233308,234220,235064,234062,233528,234188,234496,234301,234651,234245,233921,234184,234141,233988,234344,234208,234345,234243,234720,233966,235360,234150,234262,234314,233566,234429,235324,234711,235202,234608,235349,233925,233912,234007,234426,234311,233453,234449,234470,234698,234431,234802,234562,234935,234666,233910,234328,234434,234551,233735,235628,234392,234463,234383,234087,235328,233939,235010,233625,234025,234691,234880,234467,233680,234636,233493,234734,235136,234044,234033,235241
CumProbs: 0.0010378643379584922,0.0010253879775342113,0.00102472590990909,0.0010362511419260484,0.0010456749883234352,0.0010394134274600724,0.001040204985543922,0.001041840216878161,0.0010402266941044386,0.0010287749908115013,0.0010319639101680296,0.0010341632993188952,0.0010325270695859153,0.0010326379813645015,0.0010405060819069995,0.0010274929540526718,0.0010473991182427334,0.0010407140461542515,0.0010277061161854037,0.00103958355984126,0.0010368144578650836,0.0010301725408535635,0.0010409894267984846,0.0010405549265411506,0.0010336364484663928,0.0010327943474804022,0.0010373344853993492,0.0010364574032937716,0.0010380401213769361,0.0010346385721138258,0.0010291790726626932,0.0010548936226144323,0.0010424489042823984,0.001051985532438462,0.0010296626512508284,0.0010417655992878041,0.0010354025630805405,0.0010328615792800947,0.0010442008865562391,0.0010342373155099861,0.001038562427690888,0.0010389432418736286,0.0010519160674319682,0.0010342483231239985,0.0010388251069290287,0.0010361863834045936,0.0010417229630092614,0.0010363452053020017,0.0010462650608333585,0.0010389491332535754,0.0010276806281953323,0.001039580206165496,0.0010459674596118675,0.0010411457451713682,0.001031098185339819,0.0010321420458795554,0.0010407151431586015,0.0010290968250055946,0.0010382468688553868,0.0010354687921412089,0.0010333928926128362,0.001044285225140525,0.0010350143667692338,0.001043186380648519,0.0010324023005319192,0.001021404015260396,0.0010281559846761728,0.0010326231769598345,0.0010391185965543395,0.001039854910133826,0.0010367069789722699,0.0010371963104584706,0.0010343931329880797,0.001035343379505898,0.001043254797207481,0.0010405219032922073,0.0010361347045712722,0.0010315477512320825,0.0010490539662608646,0.0010281894205224464,0.001031566393253111,0.0010260343512696825,0.001043663885700815,0.001036393096839022,0.0010492405943973962,0.0010422920311681948,0.0010344604777705354,0.0010391548987449466,0.0010314197645427934,0.0010332746012827255,0.0010438591690226469,0.001036669193221625,0.0010405781078110128,0.0010247138454382624,0.0010227237608656317,0.0010480848231377987,0.001027576914897455,0.0010443994870684013,0.0010345393292985605,0.0010239150023394834,0.001034564532322491,0.001043595571952103,0.0010419233972873507,0.0010273692297841025,0.0010352356269045346,0.001033656280536403,0.0010413017734240374,0.001038994226263051,0.0010233264083711602,0.0010357826445707074,0.0010497227741964777,0.0010437383760668825,0.0010277681369431557,0.0010290626727427808,0.001033935293583398,0.0010458332278102703,0.0010331218255231738,0.0010231903030629922,0.0010410130349072092,0.0010469598954955992,0.0010320887885426908,0.0010364381174201645,0.0010365629565967233,0.0010320445611466914,0.0010416343531880821,0.001043855255315848,0.0010268281757905646,0.0010339320480075905
