HitRate: 2727018/3000000 0.909006
CumReqs: 399814,328733,269547,440849,415343,371435,416257,358022
CumProbs: 0.09210398357380341,0.07277724816976255,0.07478726507927372,0.10050214645737769,0.10977164191386116,0.09364597227412591,0.08625704603621745,0.08204219018988149
