HitRate: 573801/3000000 0.191267
CumReqs: 93480,93658,93794,93745,93799,93084,93736,93836,94014,94308,93393,93663,93672,94215,93533,93552,93702,93848,93675,94231,93616,93593,93649,94033,93725,93514,94008,93840,93725,93760,94159,93440
CumProbs: 0.013333333333333329,0.012760416666666675,0.013020833333333339,0.01260416666666666,0.012812500000000004,0.013697916666666672,0.013229166666666665,0.013802083333333335,0.013333333333333324,0.013385416666666669,0.013437500000000003,0.013489583333333338,0.01390625,0.013645833333333334,0.014687500000000004,0.013906250000000002,0.012864583333333342,0.013697916666666666,0.01338541666666667,0.0134375,0.01369791666666667,0.012447916666666663,0.012656249999999997,0.013229166666666669,0.013489583333333338,0.01354166666666666,0.013124999999999998,0.013333333333333332,0.014374999999999999,0.012552083333333339,0.013125000000000003,0.012760416666666672
