HitRate: 505441/3000000 0.168480
CumReqs: 47123,46793,46805,46693,46982,46687,47070,46857,46600,46866,46869,46664,46968,46868,46346,47213,46750,46868,47173,46768,46851,47069,46808,47186,46602,46884,46876,47115,46874,47025,46784,47011,46763,46954,47004,47431,47307,46865,46814,47119,47096,46733,46367,46506,47251,46937,47002,47046,46859,46503,46785,47052,46991,46841,47083,46446,46773,46515,46772,47166,46971,46806,46813,46381
CumProbs: 0.011054921907929645,0.011055413478115388,0.01107999198740423,0.011026656622247447,0.01104042058744918,0.011089331820934004,0.011125953799774326,0.011079500417218434,0.010994458775079097,0.011073601574989125,0.011122512808473924,0.01107016058368866,0.011043861578749628,0.01109645958862778,0.011034030175034059,0.011108748843272112,0.011079254632125522,0.011073847360082035,0.011111698264386845,0.01108097512777576,0.01114832024322717,0.011077042566289544,0.011088594465655261,0.011081220912868625,0.011068931658224253,0.011041157942727777,0.011012646871952778,0.011088840250748093,0.011080237772497056,0.011069423228410048,0.011067702732759825,0.011091543886769976,0.011041157942727822,0.011031080753919436,0.011120792312823737,0.011065244881830895,0.011057871329044244,0.0111419298308121,0.011061312320344643,0.011079254632125524,0.011111452479293913,0.011053692982465094,0.011001094972587123,0.011098180084277928,0.011055905048301173,0.011082204053240178,0.011136030988582747,0.01114807445813429,0.01101633364834606,0.011064261741459325,0.011076550996103794,0.011033784389941152,0.011116859751337426,0.011121038097916468,0.011022724060761218,0.011062049675623355,0.01110063793520686,0.011006502244630543,0.011137751484232895,0.011020511994925307,0.011027639762619,0.01105983760978739,0.010987576792478259,0.01107311000480331
