HitRate: 28103702/30000000 0.936790
CumReqs: 469475,468170,468467,469601,468535,468292,468414,469173,468409,468527,468338,468823,467918,469609,468554,469625,468458,469251,467726,469812,468330,468998,468721,468395,469184,468779,469252,467543,468272,469398,468434,469670,468036,467956,468779,468597,468214,468221,468280,468813,468420,469531,467419,468997,469894,469439,468950,469027,469240,469042,468029,468229,469007,469561,468648,469133,468570,469177,468708,468076,469441,469229,467922,469262
CumProbs: 0.013486718749998641,0.013494270833331974,0.013493229166665307,0.013481770833331975,0.013499218749998642,0.013505468749998641,0.01348697916666531,0.013482812499998642,0.013492447916665309,0.013489583333331976,0.013480989583331977,0.013474479166665311,0.013481770833331977,0.01349687499999864,0.013497395833331975,0.013498177083331975,0.013482812499998643,0.013489062499998643,0.013489843749998643,0.013492447916665307,0.01348854166666531,0.013484114583331975,0.013478645833331976,0.013473177083331978,0.013494270833331976,0.013480729166665309,0.01348776041666531,0.013493229166665307,0.013485156249998645,0.013482031249998644,0.013490364583331976,0.013495312499998644,0.01349999999999864,0.013481770833331977,0.01347890624999864,0.01348932291666531,0.013477343749998644,0.01348229166666531,0.013479166666665309,0.01348072916666531,0.01349687499999864,0.01348541666666531,0.013489062499998643,0.013480729166665307,0.013493489583331974,0.013469531249998645,0.013475520833331976,0.01348932291666531,0.013486458333331976,0.013490624999998643,0.013490885416665307,0.013491145833331974,0.013486458333331975,0.013482812499998643,0.01348307291666531,0.013498177083331977,0.013501041666665306,0.01348854166666531,0.01347838541666531,0.013482031249998644,0.013489583333331974,0.013498437499998638,0.01348932291666531,0.013491406249998643
