HitRate: 2706911/3000000 0.902304
CumReqs: 3000000
CumProbs: 0.9050727467356503
