HitRate: 1618027/3000000 0.539342
CumReqs: 3000000
CumProbs: 0.4607026909690561
