HitRate: 10176557/30000000 0.339219
CumReqs: 938343,937056,936891,938839,936172,937437,936670,938893,938264,936471,936321,939229,936430,938331,937532,936080,937490,936420,936795,937799,936939,938178,937381,939392,937445,938573,938104,935600,937690,939052,937162,937021
CumProbs: 0.024487499999997553,0.02449531249999755,0.024433854166664225,0.024516666666664213,0.02439010416666423,0.024324999999997567,0.024431770833330892,0.024443749999997558,0.02446770833333089,0.02452864583333088,0.02447135416666422,0.02442187499999756,0.02442760416666423,0.0243677083333309,0.02453593749999755,0.02437447916666423,0.024539062499997547,0.02444010416666422,0.02448333333333089,0.024454687499997557,0.024421354166664227,0.02443854166666422,0.024474999999997554,0.024489583333330886,0.02447447916666422,0.024432291666664222,0.02429635416666424,0.02445833333333089,0.02453281249999755,0.024395833333330896,0.0243770833333309,0.024516666666664216
