HitRate: 2770564/3000000 0.923521
CumReqs: 3000000
CumProbs: 0.8764322916633628
