HitRate: 2305606/3000000 0.768535
CumReqs: 3000000
CumProbs: 0.7779115684733445
