HitRate: 1646125/3000000 0.548708
CumReqs: 384131,402723,425642,378266,382778,385639,320901,319920
CumProbs: 0.04055344718111597,0.03751911846727465,0.03468778827453922,0.03752111517403964,0.03358760284703763,0.03563722234128514,0.03496632886825334,0.030133300143629773
