HitRate: 1851451/3000000 0.617150
CumReqs: 3000000
CumProbs: 0.1368671286227353
