HitRate: 2659916/3000000 0.886639
CumReqs: 52086,44032,44659,40798,40918,37367,34617,37455,39614,45762,40864,42078,45885,48694,60627,54794,60033,46647,53497,52854,50118,40727,35841,40732,43905,49350,44612,42618,36371,38146,38336,59587,69791,69591,49525,39547,39660,38285,37563,41532,52522,52452,53535,43817,48479,52121,53627,50476,41824,52123,56508,58272,53254,59246,56387,47835,48936,50025,50450,34858,35474,32127,43178,43356
CumProbs: 0.04249470800434851,0.03637926769576497,0.03564037163617177,0.03616860047300425,0.036132588331201726,0.03398069155341956,0.033828801018758396,0.034888456387891335,0.03747029093471168,0.04128727342329654,0.03829072822870484,0.042658856371631644,0.04268854925810682,0.045199577691027566,0.04723902217823245,0.04146307053835073,0.04123801368598931,0.0330847277379329,0.04217973500089079,0.04889230687005099,0.04831946256790011,0.04361740365553534,0.03516772179197058,0.03828296239685772,0.03924592554592949,0.045403773387246604,0.04422656464191689,0.04654847222866915,0.04298228042739394,0.04282475585785986,0.03853870189857551,0.045023323762332444,0.052374140419494584,0.05673259934041604,0.04760142766444504,0.0409512869924894,0.03587616360902657,0.04039268004872357,0.04121837069955162,0.044573362328823085,0.042980300901627695,0.040748309465967636,0.03898965309496672,0.0356463102134662,0.0404905143028795,0.04246181742240483,0.042682534545206686,0.03766755829075782,0.037224601333032084,0.03947768233164932,0.045944260056702865,0.04808321378140716,0.049154441762701846,0.04414449045827385,0.04203675233217271,0.041440610534477375,0.0440190189790127,0.04380926538352879,0.042035153484438405,0.03626590177791503,0.037355935253980815,0.03329889719858626,0.039482631146063214,0.040396106151008006
