HitRate: 2314687/3000000 0.771562
CumReqs: 3000000
CumProbs: 0.571985161104987
