HitRate: 24517809/30000000 0.817260
CumReqs: 30000000
CumProbs: 0.8495341680083799
