HitRate: 16809192/30000000 0.560306
CumReqs: 936827,937330,937958,937907,936851,937522,936608,939647,935942,937215,937698,937944,938234,936933,937774,936028,937379,938260,936572,936722,937124,936723,938856,939216,938428,936488,938371,937300,937499,937492,938516,936636
CumProbs: 0.013722395833332074,0.013781770833332065,0.013746354166665404,0.013709895833332077,0.013618749999998746,0.013695312499998745,0.013777083333332064,0.0137572916666654,0.013809374999998727,0.013787499999998731,0.0137666666666654,0.013690624999998739,0.013693229166665405,0.0137354166666654,0.013734374999998735,0.01381718749999873,0.01373645833333207,0.013779687499998732,0.01369479166666541,0.013663020833332078,0.01373437499999874,0.013777604166665403,0.013733854166665404,0.0137729166666654,0.013692708333332072,0.013720312499998737,0.013741145833332066,0.013698958333332074,0.013734374999998737,0.013771874999998735,0.013739583333332072,0.013748958333332069
