HitRate: 11472884/30000000 0.382429
CumReqs: 3750152,3747698,3748716,3752428,3750103,3752677,3749173,3749053
CumProbs: 0.14314885077328293,0.14325755295616915,0.14331971370693508,0.143071234972651,0.14354860584577667,0.1433609943020371,0.1432882938566294,0.14371812108793952
