HitRate: 2964322/3000000 0.988107
CumReqs: 3000000
CumProbs: 0.9626997380111716
