HitRate: 2771037/3000000 0.923679
CumReqs: 36338,33506,32207,65385,40971,35482,33725,32056,60629,40156,36152,33303,31642,57046,39702,35136,33032,31775,53923,39293,35383,33050,31239,52302,38724,34502,32922,31310,49790,38135,35174,33264,31551,48119,37883,34695,32583,265218,46274,37677,35095,32853,147896,45416,37533,34504,32607,124083,44238,36966,34369,32382,95951,43068,36519,33874,32334,81200,42303,36112,33502,32053,72152,41736
CumProbs: 0.011204661484185047,0.010173412149605014,0.0097437698497303,0.02086730063613489,0.012675795532313065,0.010875017486225966,0.010238640152471798,0.009707651864671861,0.01926544104507124,0.012435637885394434,0.010976363474151245,0.010138641850556181,0.009583395214582595,0.018020718246563556,0.012255587034505898,0.010787956970002933,0.010072605236083594,0.009601723744313747,0.016997555028041365,0.012075805720819347,0.010781757614358563,0.010024358076938309,0.009439462348752531,0.016392444009710898,0.011919743680902435,0.01053540061179553,0.009984197033850905,0.009500916830792365,0.015618602702972972,0.011707617902984397,0.010726232950761222,0.01008527348457426,0.009540808336677838,0.015005405568584672,0.011643198511723386,0.01061707038397998,0.009883929194733368,0.08751926854072288,0.014452315230226569,0.011604385154645604,0.010639981046143953,0.009923012089013063,0.0484005258131735,0.014142616985210238,0.011481206653364107,0.010533783388583962,0.009846463523665234,0.040341093938296956,0.01380515640839522,0.011307894232523822,0.010433785086668333,0.009791208397269786,0.031111870607048973,0.013418640060829148,0.011182559433626848,0.010363166339762963,0.009778809685981087,0.026143760901095436,0.013122688213111201,0.011072857792441763,0.010220581159942548,0.00972247641077794,0.023105268023750545,0.012964739412780871
