HitRate: 2469591/3000000 0.823197
CumReqs: 93719,92822,95024,92664,94530,93915,93580,93761,94663,94069,93608,94781,94456,94128,93182,93013,92721,94188,93464,93394,93548,95068,93389,93132,94315,92413,92913,93359,93745,93996,94277,94163
CumProbs: 0.016586104716889052,0.016480298273402628,0.016865106231558652,0.016363785225515737,0.01680684970761526,0.016592402719477546,0.016627356633843588,0.01653509089592234,0.01661318612801952,0.016494783679356115,0.016584845116371347,0.01674449948198932,0.016921158454596165,0.016746703782895285,0.01657917691404175,0.016353393521244732,0.016511158486086145,0.016463293666413706,0.016635229137079186,0.016550835902393597,0.016342057116585502,0.01688620454023006,0.016671442651962947,0.01645982976499006,0.016486911176120493,0.016330090911667372,0.016640582439279412,0.016484706875214514,0.016674591653257197,0.016612556327760666,0.016804645406709253,0.016657587046268265
