HitRate: 348808/3000000 0.116269
CumReqs: 187428,187134,187430,187080,187856,188102,187396,187818,187594,187074,187716,187721,187556,187806,187121,187168
CumProbs: 0.005468750000000009,0.005375000000000005,0.005229166666666666,0.005250000000000002,0.005291666666666672,0.004968749999999998,0.005312500000000002,0.005000000000000006,0.005239583333333337,0.005229166666666666,0.005270833333333339,0.005187500000000001,0.0051874999999999985,0.005343750000000002,0.005197916666666671,0.0054270833333333315
