HitRate: 2851790/3000000 0.950597
CumReqs: 3000000
CumProbs: 0.8489861111111269
