HitRate: 16808289/30000000 0.560276
CumReqs: 1874381,1875326,1875210,1874011,1876909,1873995,1876859,1874592,1876249,1871929,1874964,1874794,1873914,1876450,1874880,1875537
CumProbs: 0.027444791666664144,0.027535416666664134,0.027476041666664137,0.02749999999999747,0.02752187499999747,0.02757499999999746,0.027408333333330818,0.027426041666664156,0.027408333333330807,0.027449999999997466,0.027409374999997488,0.0274802083333308,0.027498958333330808,0.027451041666664136,0.02754062499999747,0.027564583333330794
