HitRate: 2967349/3000000 0.989116
CumReqs: 29270,83204,29565,36862,276905,35942,31411,128716,33720,85144,35603,30655,27089,96431,30817,32734,26504,52687,90651,68043,44046,27538,31978,33845,33348,25562,27869,26138,52633,33451,21436,30933,144492,43058,27179,43395,104817,27066,27745,27745,38931,38793,28349,59025,35405,50744,39023,39431,49489,50631,43480,31154,29087,31367,28910,56181,25366,36004,37273,27347,39010,27877,29473,31423
CumProbs: 0.009730084157878412,0.027717014458332353,0.009752155139381132,0.0121738322764804,0.09203446015912083,0.011971668216744065,0.010378265968814733,0.04287824604362407,0.011132357836822761,0.028294231932909555,0.011828360107681646,0.010097167496065249,0.008927865288538069,0.032098717369433864,0.010226221429574026,0.010852945341827042,0.008788848759212221,0.01750795934770438,0.030166740134424826,0.022564513172390874,0.014573285161372304,0.009143517170303761,0.010587480480975502,0.01113726249937892,0.011032425337241388,0.008403066395029926,0.009191797442340914,0.008622550044417702,0.017467802423025685,0.01104269447446825,0.007089996266325521,0.010298871743687025,0.04804515477582427,0.014210493402921845,0.008961891385021377,0.01441327054547796,0.03467948949819792,0.008937521342945478,0.009214634777367954,0.009151640517662415,0.012923939106161679,0.012859718680817126,0.009378021348769779,0.01951887099572627,0.011635239019533198,0.01683004302002118,0.012918114819376303,0.013085333158400003,0.0163866308708043,0.016768581467364648,0.014341846397003933,0.010294733434655272,0.009609919925252692,0.01031879693532138,0.0095519835988082,0.018687070880344155,0.008372105712644224,0.011876333838308984,0.01235070666991161,0.009015842673139048,0.012928690498013092,0.00928176734610532,0.00974817010105424,0.010420721954066431
