HitRate: 2181325/3000000 0.727108
CumReqs: 3000000
CumProbs: 0.7262723265694033
