HitRate: 499128/3000000 0.166376
CumReqs: 375114,374906,374947,375051,374591,375643,373816,375932
CumProbs: 0.06250000000000143,0.06250000000000143,0.06250000000000143,0.06250000000000143,0.06250000000000143,0.06250000000000143,0.06250000000000143,0.06250000000000143
