HitRate: 28519725/30000000 0.950658
CumReqs: 30000000
CumProbs: 0.8494247396049016
