HitRate: 2973388/3000000 0.991129
CumReqs: 3000000
CumProbs: 0.9992102302698481
