HitRate: 2776671/3000000 0.925557
CumReqs: 3000000
CumProbs: 0.8169566177894473
