HitRate: 12345/3000000 0.004115
CumReqs: 46513,46957,47044,47025,46583,46887,46789,47047,46865,46604,47050,46784,47113,46952,47263,46635,46953,46967,46825,46767,46901,46757,46565,46861,47160,47006,46919,46761,47127,46889,47125,46670,46663,46966,46575,46833,46442,47100,46694,47028,46331,46536,46895,46635,47033,47132,46665,46874,46681,47206,47319,47069,46882,46390,47037,46949,46604,46817,47228,47119,46950,47155,47069,46759
CumProbs: 0.00012326388888888887,0.00013541666666666663,0.0001267361111111111,0.00011631944444444445,0.0001215277777777778,0.00012847222222222223,0.00010069444444444447,0.00011631944444444446,0.00011805555555555557,0.00011458333333333333,0.00012847222222222226,0.00013368055555555556,0.000109375,0.00010763888888888889,0.00012847222222222223,0.00011284722222222223,0.00012847222222222223,0.000140625,0.00010416666666666669,0.00013715277777777782,0.00013194444444444446,0.00011458333333333336,0.00011805555555555556,0.00013368055555555556,0.00015277777777777777,0.00013194444444444443,0.00012326388888888893,0.00012326388888888887,0.00011284722222222219,0.00011458333333333336,0.00011284722222222226,0.00012326388888888887,0.00011458333333333336,0.00012673611111111108,0.00015798611111111113,0.00012847222222222223,0.00011979166666666665,0.00012152777777777779,0.000125,0.00011111111111111113,0.00011284722222222222,0.0001267361111111111,0.00013194444444444443,0.00011111111111111116,0.0001336805555555555,0.00012500000000000003,0.0001267361111111111,0.00010763888888888893,0.0001197916666666667,0.00011979166666666665,0.00014930555555555557,0.00011805555555555555,0.00012152777777777777,0.00010243055555555557,0.0001284722222222222,0.00011805555555555555,0.0001284722222222222,0.00012152777777777781,0.00011111111111111112,0.00013368055555555553,0.0001267361111111111,0.00012847222222222218,0.00010243055555555556,0.00012673611111111113
