HitRate: 1616498/3000000 0.538833
CumReqs: 3000000
CumProbs: 0.46308333333331947
