HitRate: 1862206/3000000 0.620735
CumReqs: 82414,73029,71640,83526,80970,162629,154792,153080,80821,78218,118770,112979,111331,79198,76980,108050,103514,101916,76905,74775,97626,92839,91978,75825,73609,91313,87570,86073,74609,73103,86641,83277
CumProbs: 0.046514057016079614,0.03853308837869159,0.03530037463780716,0.04802959817169879,0.04477440748455866,0.12738544855721148,0.12017795130567914,0.11615292520928344,0.04679138286767495,0.043447606568821455,0.0838869383159874,0.07665960846481791,0.07515365306569011,0.04289692138555828,0.040036729974528326,0.07347052644313563,0.06747215668282594,0.06690593596318015,0.04172217040037392,0.038612749320568206,0.062287915137628325,0.05723093277343704,0.05617220249613101,0.040107796789895435,0.03853441055200077,0.05533262244481741,0.05138824892028026,0.050876898392964436,0.038752238604684096,0.035888741760381225,0.049703800124416504,0.047422390079469245
