HitRate: 11499/3000000 0.003833
CumReqs: 46400,46673,46810,46974,46921,46695,47040,46932,46930,47160,47077,46938,46799,46934,46877,46813,46777,46644,47558,46776,47041,47170,46976,47160,46803,46838,47128,46549,47491,46962,47048,47255,46696,46482,46840,46809,46882,46604,46765,46947,46899,46856,46704,46670,46852,46794,47108,46891,46944,46394,46924,46585,46968,46844,46932,46599,46812,46970,46839,46969,46690,46976,46675,46931
CumProbs: 0.00014843750000000005,0.0001223958333333333,0.00014062500000000002,0.00012760416666666663,0.00011197916666666661,0.00013541666666666663,0.00011979166666666665,0.0001354166666666667,0.00012499999999999998,0.0001328125,0.00013020833333333333,0.0001223958333333333,0.00012239583333333327,0.00012499999999999998,0.0001328125,0.00013020833333333333,0.00012499999999999998,0.0001302083333333333,0.0001197916666666666,0.00013281249999999996,0.00013541666666666663,0.00012499999999999998,0.0001484375,0.00012760416666666665,0.00014583333333333332,0.00012760416666666663,0.0001380208333333333,0.00014583333333333335,0.00013281249999999998,0.00013802083333333337,0.000140625,0.000125,0.00013541666666666663,0.0001145833333333333,0.00011458333333333328,0.00012760416666666665,0.00012760416666666663,0.00014062500000000004,0.00010937499999999996,0.00014062500000000002,0.0001380208333333333,0.00011458333333333329,0.00011979166666666665,0.00013802083333333334,0.00011197916666666665,0.00013541666666666666,0.00012239583333333332,0.00014322916666666667,0.00014583333333333335,0.0001302083333333333,0.00012239583333333332,0.0001302083333333333,0.00011979166666666662,0.00014583333333333332,0.00014583333333333332,0.00012499999999999998,0.00011458333333333329,0.00011718749999999997,0.00013802083333333328,0.00013541666666666663,0.00013541666666666666,9.89583333333333e-05,0.00011979166666666662,0.00010937499999999996
