HitRate: 363846/3000000 0.121282
CumReqs: 3000000
CumProbs: 0.08388888888888882
