HitRate: 2244689/3000000 0.748230
CumReqs: 3000000
CumProbs: 0.21990628513368354
