HitRate: 1361365/3000000 0.453788
CumReqs: 3000000
CumProbs: 0.4664854667924287
