HitRate: 3964825/30000000 0.132161
CumReqs: 469008,469550,469217,467563,469153,470038,467258,468554,467681,469960,469734,469719,468491,469452,469416,467947,467681,468833,468086,468201,467641,468965,468321,469847,470161,468320,468161,469522,468212,469100,468781,468684,467663,469211,468822,469942,468842,468505,468238,467678,468648,469633,466798,469352,468725,469199,469353,468662,468279,468365,468592,468145,469889,468762,470440,468255,467471,468808,468695,467239,469122,468864,468808,469738
CumProbs: 0.002053381666807047,0.002058779788255287,0.002064851289727768,0.0020238281772856043,0.0020798114871640803,0.002078690763003754,0.002078895866307411,0.0020685667819691804,0.002061644628071511,0.0020615323658771255,0.002052543968463168,0.0020413954990119985,0.0020993674586695012,0.002039145592045707,0.0020791218897172697,0.002047617832497068,0.0020845327227342007,0.0020754884258850103,0.0020600440158806254,0.00206299027918074,0.0020505203464080708,0.002063061729264406,0.002084921267048973,0.0020614836268039827,0.0020619913343440147,0.0020653322574007375,0.0020804383047610666,0.002066334442792289,0.002071611432159835,0.0020788278510056987,0.0020593961550222526,0.0020570288827879545,0.002065174830346368,0.0020627938922263083,0.00206371452284077,0.002051711721499674,0.0020767689626211556,0.0020514624841503847,0.0020589004629799285,0.0020754081764444337,0.002071024509248771,0.0020628852223787473,0.002037147086053794,0.002085200997514667,0.002049897862029138,0.0020551144999284847,0.002060079346771604,0.002063555476322788,0.0020477422751194645,0.002070807865707077,0.002067510247161685,0.0020408652627528223,0.0020433628847183385,0.002057390984544221,0.0020732435693665615,0.002060454198616453,0.0020596775103769015,0.0020399444297732197,0.002057954810703174,0.0020600281380842565,0.0020844047628646883,0.00205158458899432,0.00207602034182907,0.0020706312161349947
