HitRate: 1387081/3000000 0.462360
CumReqs: 373609,375318,376581,376049,375849,374693,373880,374021
CumProbs: 0.07949567573718326,0.08009290838308201,0.07989921971135096,0.08009477376354832,0.08006399498585727,0.08030649444645156,0.07951992568324237,0.08002233482211397
