HitRate: 34856/3000000 0.011619
CumReqs: 3000000
CumProbs: 0.008347656249999585
