HitRate: 2808327/3000000 0.936109
CumReqs: 46578,47064,46819,46914,46591,46654,46903,46576,47179,47207,46642,46996,46464,47010,46677,47162,46921,46921,46813,46852,46747,46643,47317,46930,46974,46841,46828,47096,47277,47072,46485,46907,46364,47119,46720,47303,46465,47089,46997,46959,46684,46642,46920,46554,46818,47172,47187,46865,46915,46844,46848,46797,46887,46815,46628,47004,46764,46663,46974,47207,46716,47001,46913,47106
CumProbs: 0.013489583333333353,0.013619791666666678,0.013541666666666672,0.01354166666666668,0.013619791666666676,0.013567708333333345,0.01338541666666667,0.013463541666666676,0.013463541666666676,0.013489583333333343,0.013567708333333341,0.013593750000000016,0.01346354166666668,0.013515625000000015,0.013723958333333341,0.013645833333333343,0.01341145833333335,0.013463541666666677,0.013463541666666674,0.013567708333333343,0.013645833333333345,0.013489583333333353,0.013463541666666676,0.01338541666666668,0.013411458333333345,0.013385416666666674,0.013515625000000015,0.01356770833333335,0.013437500000000014,0.013463541666666681,0.013359375000000005,0.01356770833333335,0.013411458333333341,0.013541666666666667,0.013567708333333343,0.013541666666666678,0.013385416666666681,0.013515625000000005,0.01351562500000002,0.013515625000000026,0.013541666666666678,0.013463541666666676,0.01346354166666667,0.013463541666666677,0.013385416666666681,0.013567708333333345,0.013489583333333348,0.01346354166666668,0.013489583333333336,0.013515625000000009,0.01346354166666668,0.013385416666666681,0.013437500000000017,0.013437500000000005,0.01341145833333335,0.013385416666666676,0.013489583333333336,0.013541666666666678,0.01346354166666668,0.013463541666666672,0.013489583333333341,0.013697916666666678,0.01348958333333334,0.01343750000000001
