HitRate: 2424977/3000000 0.808326
CumReqs: 179906,190769,204500,202255,214746,196719,211663,195203,188356,193394,165684,163504,148029,172580,181024,191668
CumProbs: 0.09937720199319229,0.11879601003556996,0.12470743674982239,0.10277807886255579,0.11769055931828659,0.10554187139050447,0.12480256849071024,0.10918704126695593,0.09745633635401472,0.095946824340069,0.08702134564013218,0.07599302455625352,0.08265721846059611,0.08252297332101592,0.10316888138000013,0.11162765105147095
