HitRate: 39700/3000000 0.013233
CumReqs: 3000000
CumProbs: 0.013514607582239118
