HitRate: 24388083/30000000 0.812936
CumReqs: 2293455,1841673,1757250,1843941,1772714,1791020,1820094,1953773,1912194,1898781,1494300,1438047,1712788,1671206,2485848,2312916
CumProbs: 0.19475708380047016,0.14946001507523604,0.14106559212404013,0.14948116638733136,0.14248331129183758,0.14423463993330327,0.14702112347632382,0.16077315763514444,0.15642470620504778,0.15479679789156198,0.11452641114288617,0.10901360420101788,0.1367001550601088,0.1324765125174111,0.21407691831260384,0.19631737249941028
