HitRate: 650845/3000000 0.216948
CumReqs: 375127,374773,374336,374496,373928,375496,376476,375368
CumProbs: 0.08206777249348086,0.08157759071234982,0.08092830034812232,0.08077567012187489,0.08171982640461688,0.08164939076487175,0.08181786623263108,0.08062591800807564
