HitRate: 2775079/3000000 0.925026
CumReqs: 3000000
CumProbs: 0.9415372267482507
