HitRate: 35211/3000000 0.011737
CumReqs: 3000000
CumProbs: 0.00827083333333333
