HitRate: 2656143/3000000 0.885381
CumReqs: 278896,319763,439765,288206,348626,626872,302550,395322
CumProbs: 0.0792584061693921,0.09130404987781378,0.13302036615297214,0.08242500330997386,0.1020516515605446,0.19404830100204043,0.08657394747819908,0.11716974943331261
