HitRate: 1545700/3000000 0.515233
CumReqs: 3000000
CumProbs: 0.5209763826429605
