HitRate: 975520/3000000 0.325173
CumReqs: 374239,374947,375589,374041,374896,375649,375723,374916
CumProbs: 0.10375000000000437,0.10397222222222663,0.10397222222222657,0.10272222222222659,0.10383333333333768,0.10308333333333768,0.10350000000000438,0.10391666666667104
