HitRate: 33656/3000000 0.011219
CumReqs: 46732,46890,46645,47046,46665,46552,46644,47035,46722,47091,46909,47189,46739,46774,46989,46956,47256,47006,46663,46589,46861,46940,46810,47013,46604,46837,46740,47046,46672,46767,46991,46811,46980,46909,46509,47088,46883,47180,46706,47292,46879,47140,47075,46783,47361,46689,46948,46996,46982,47052,46818,47154,46538,46808,47053,47048,46995,46470,46681,46762,46907,46836,46667,46627
CumProbs: 0.00013541666666666671,0.00013541666666666671,0.00015277777777777786,0.00014236111111111117,0.00013541666666666674,0.00013541666666666674,0.00014236111111111117,0.00014930555555555566,0.0001319444444444445,0.0001597222222222223,0.0001458333333333334,0.00013541666666666674,0.00013541666666666671,0.00012500000000000008,0.00013541666666666671,0.0001458333333333334,0.0001423611111111112,0.0001423611111111112,0.00013888888888888897,0.00014930555555555566,0.00014930555555555563,0.00014930555555555563,0.0001423611111111112,0.00014930555555555563,0.0001319444444444445,0.0001319444444444445,0.00014930555555555563,0.00013541666666666674,0.00015277777777777788,0.0001319444444444445,0.00012500000000000006,0.00013888888888888894,0.00015277777777777786,0.00012847222222222229,0.00013541666666666674,0.00014930555555555563,0.0001597222222222223,0.0001458333333333334,0.00013888888888888897,0.00014236111111111117,0.00013541666666666674,0.00011805555555555563,0.0001458333333333334,0.0001458333333333334,0.0001458333333333334,0.00014236111111111123,0.00014236111111111117,0.00013888888888888894,0.0001423611111111112,0.0001562500000000001,0.00013888888888888894,0.00014930555555555563,0.00014236111111111117,0.0001319444444444445,0.00012847222222222229,0.00014236111111111117,0.0001319444444444445,0.00013888888888888897,0.00012500000000000006,0.0001284722222222223,0.00014236111111111117,0.00013888888888888897,0.0001458333333333334,0.00012847222222222229
