HitRate: 1324757/3000000 0.441586
CumReqs: 22804,23493,23964,22935,23876,23244,23345,23072,23450,23368,23812,23335,22986,23958,23382,23269,23572,23382,23962,23296,23299,24114,23383,23695,23469,24580,23737,22904,22981,23400,23716,23917,23477,22985,23912,23678,22984,24157,23212,23223,23635,23248,22766,24210,22848,23555,23427,23267,23426,23387,23792,23859,23502,23867,23554,23975,23318,23988,23268,23675,23544,23646,23846,22788,23093,23419,23072,23277,23699,23615,22892,23195,23055,23437,23165,23605,23043,22703,23504,23677,23558,23074,23910,24055,23661,23432,22874,23593,23565,23269,23976,23534,23635,23174,23071,23463,23358,23496,22463,23937,23937,22648,23011,23728,23807,23332,23606,23347,23215,22822,23767,23457,23288,22807,24119,23631,23244,22398,23718,23577,23183,23683,23309,23487,23839,23256,23267,23249
CumProbs: 9.568141278921617e-05,0.00010631268087690684,0.0001186050846032992,0.00012923635269098988,9.800700268339852e-05,9.402027715051449e-05,0.0001342197596070949,0.00011561504045363618,9.634586704469682e-05,9.966813832210016e-05,0.00011760840322007822,9.10302330008515e-05,0.00010697713513238749,0.00012790744418002858,0.00013588089524579656,0.0001182728574755589,9.734254842791786e-05,0.0001176084032200782,0.00012093067449748155,0.00012259181013618323,0.00011395390481493456,0.0001252496271581059,0.0001026581824717632,0.0001126249963039732,0.00010830604364334888,0.00010631268087690685,0.00013023303407421087,0.00011827285747555887,0.00010498377236594551,0.00010730936226012786,0.00012325626439166386,0.00011295722343171354,9.534918566147587e-05,0.00012724298992454792,0.00012392071864714455,0.00012657853566906723,0.00010332263672724383,0.00011827285747555887,0.00010930272502656985,8.903687023440948e-05,8.637905321248682e-05,9.900368406661946e-05,0.00011029940640979085,0.0001176084032200782,0.0001149505861981555,0.00010199372821628252,0.00012425294577488486,0.00013255862396839327,0.0001039870909827245,0.00010897049789882951,0.0001382064851399789,9.60136399169565e-05,0.00011029940640979085,0.00013588089524579653,0.00010631268087690685,0.0001332230782238739,0.00014817329897218894,8.770796172344814e-05,0.00010730936226012786,0.0001146183590704152,0.00010498377236594553,0.00010498377236594553,0.00012624630854132692,9.601363991695652e-05,9.269136863955317e-05,0.00012093067449748152,8.770796172344813e-05,0.00013156194258517225,0.00013455198673483526,0.0001235884915194042,0.0001166117218368572,0.00011428613194267487,0.00011029940640979085,0.0001342197596070949,0.00012192735588070254,0.00011661172183685724,0.00013787425801223857,0.00010066481970532114,9.767477555565816e-05,0.0001272429899245479,0.0001036548638549842,0.00012026622024200088,9.60136399169565e-05,9.667809417243718e-05,0.00011627949470911685,0.0001156150404536362,9.136246012859181e-05,0.0001066449080046472,0.0001232562643916639,0.00010697713513238751,8.770796172344813e-05,9.933591119435986e-05,0.00010498377236594549,0.00010797381651560851,0.00012093067449748156,9.833922981113884e-05,0.00012358849151940422,0.00010564822662142619,0.00012657853566906726,0.00012890412556324957,9.069800587311115e-05,0.00012890412556324957,0.00010232595534402285,0.00011727617609233786,0.00012591408141358654,0.00014950220748315027,0.00010863827077108918,8.471791757378512e-05,0.00013820648513997893,0.00011661172183685721,0.00012857189843550922,0.00011694394896459752,8.870464310666918e-05,0.00011893731173103954,0.00011162831492075219,0.0001382064851399789,0.00012790744418002853,0.0001076415893878682,9.867145693887918e-05,0.0001255818542858462,8.903687023440948e-05,0.00013853871226771926,9.734254842791786e-05,0.00010099704683306153,0.00012790744418002855,0.00010564822662142618,9.036577874537083e-05,9.80070026833985e-05
