HitRate: 401119/30000000 0.013371
CumReqs: 30000000
CumProbs: 0.013346498268267991
