HitRate: 598599/3000000 0.199533
CumReqs: 374973,375360,375578,374423,375132,375421,374128,374985
CumProbs: 0.050541666666667685,0.05080555555555657,0.049958333333334444,0.049500000000000995,0.051458333333334313,0.05106944444444548,0.0506111111111121,0.0511666666666677
