HitRate: 975668/3000000 0.325223
CumReqs: 188309,186978,186857,187015,187585,186497,187366,187999,187337,187093,187516,188166,187711,188706,187737,187128
CumProbs: 0.054305555555555655,0.05083333333333345,0.05319444444444456,0.05097222222222233,0.051388888888888984,0.05347222222222233,0.052361111111111205,0.04972222222222231,0.050694444444444556,0.052638888888889006,0.051250000000000094,0.05236111111111121,0.05222222222222232,0.052777777777777875,0.05152777777777788,0.05055555555555565
