HitRate: 2973613/3000000 0.991204
CumReqs: 21682,19514,16727,44341,17181,16773,19179,16031,40381,17288,16986,19398,16182,37419,17011,16847,19161,16248,35012,17004,17074,19072,16146,33368,16768,16588,18803,16448,31409,17061,16997,19196,16089,30268,16875,16796,18697,17937,29312,17237,16816,18857,18050,28191,16979,16800,18646,17822,27517,17060,16657,18621,17828,26658,17072,16435,18267,17814,26140,17050,16664,18677,17594,25278,16731,16734,18274,17725,25185,21116,16688,18365,17126,24298,20914,16488,18451,17709,24189,20713,16899,18379,17485,23534,20459,16545,18201,17636,23295,20194,16843,18369,17029,22747,20378,16598,17932,17440,22645,20258,16455,206425,17447,22093,19911,16433,111463,17392,22304,19930,16434,91726,17222,21822,19713,16310,69416,17431,21524,19593,16644,57353,17185,21283,19443,16621,49585,17271
CumProbs: 0.0071307325706193355,0.006523637327494938,0.005501484495084758,0.014747148493757134,0.005701897028280416,0.005592200424748619,0.006403657040195317,0.005434473530208803,0.013493314525883716,0.005751740683479421,0.005640326155976928,0.00642927080939392,0.005440844164932426,0.012486181598187556,0.005679575946691804,0.005560287600991497,0.0063587285563561306,0.005439090450879363,0.011721275950329743,0.005731686307129733,0.005657219075020059,0.006355495518883988,0.005397192194043343,0.011088602728089467,0.00565471376922982,0.0055620174549891425,0.006282280939669005,0.005426778662424102,0.010553552921476948,0.00565984368108601,0.005630794063946174,0.006310411944685988,0.005407082186901601,0.010093865099041657,0.00564543220777828,0.005557472114483969,0.006203542757689211,0.0059781248867010585,0.00976132751047742,0.005699499092738297,0.00561893561653921,0.0062652090702121415,0.0059462001329162965,0.009398308701464091,0.00564610028932234,0.0055620055249617105,0.006183106620456756,0.005928961243073491,0.009159982540641782,0.005640182995646558,0.005582370082028469,0.006219588644774434,0.00591636313395679,0.008864547337829468,0.005638727532282478,0.005539577073125058,0.006138488317334307,0.005902906062854555,0.008689128212398622,0.005643738143862951,0.005587273323360705,0.006175077711899945,0.005880131640217629,0.008454047019077005,0.005607900341034085,0.005536296315542491,0.006082989829066015,0.005945030990213752,0.008311077568644756,0.006998917695967843,0.005568734060512871,0.006117240938227422,0.005835680357481464,0.00810975835335369,0.006951746366944742,0.00551964199705086,0.0060898138048376925,0.005913309046898027,0.008012146867752831,0.006887204917775222,0.005545625597104239,0.006087129548633782,0.005829071122206324,0.007834246296587242,0.006813167166659145,0.005511410278025466,0.006061348759048843,0.005890713574675187,0.007763214912419162,0.006756917086652849,0.005546090868179764,0.00605405951220162,0.0058026699711878765,0.007631304597546462,0.006736230418841599,0.0054933720763353415,0.006009536649300332,0.0058446875282994176,0.007544644877257765,0.006751584364328067,0.005543478192141469,0.06877297029877583,0.005777020411906114,0.007415216008120001,0.006621069862682053,0.005474021571612534,0.036945171848046236,0.0058287012913519785,0.007437191118909379,0.0066524935553087874,0.00550427612153687,0.030535251543380222,0.005762608938598438,0.007247241219895758,0.00657234763007479,0.005483326993119085,0.02318543594641355,0.005782961565637486,0.007271769356584152,0.006577155431186536,0.005514046814119025,0.01915142835297414,0.005741027518719299,0.007085816016807901,0.00645858288714037,0.005473246119820307,0.016567909301918163,0.005765448285160688
