HitRate: 908946/3000000 0.302982
CumReqs: 46749,46687,47110,47157,47639,46922,47052,46823,46633,46984,46421,46674,46852,46767,46906,47044,47227,47511,46835,47126,47341,46915,46958,46966,46861,46511,46534,47081,47029,47230,47150,46633,47066,46845,46719,46818,46846,47121,47184,47069,46713,47034,46772,46027,46645,46326,47069,46852,47143,46478,46983,46477,46002,46630,47035,46669,46648,46786,46922,47284,47119,46641,46729,47020
CumProbs: 0.014420833260293704,0.014277620471557041,0.014275635998733889,0.014465483898814377,0.014266044380088726,0.014290519544907447,0.014184350248869423,0.014174427884753732,0.01432061738272509,0.014286219853790659,0.01409835642653333,0.01410166388123856,0.01432260185554823,0.014096371953710178,0.014129446500762536,0.014683445163889348,0.014468791353519616,0.014355345657130059,0.0143249170738419,0.014273651525910773,0.014349392238660632,0.014494920245690969,0.014302426381846303,0.014199564540513514,0.014113901463647938,0.01422437045080278,0.014354684166189012,0.014345754038484882,0.014270013325734998,0.014416202823706379,0.01415656762934545,0.014084465116771349,0.014376844112714093,0.014434724570055691,0.014118531900235256,0.014168143720813783,0.014379820821948802,0.014370890694244675,0.014320948128195619,0.014235285051330038,0.014405618968649624,0.014190634412809369,0.014124154573234154,0.013927361018272697,0.014277951217027577,0.014290188799436944,0.014258106488796161,0.0142713363076171,0.014353691929777443,0.01401666229531403,0.014299118927141091,0.01418732695810415,0.014101002390297518,0.014102986863120667,0.014159544338580165,0.014108609536119563,0.014186996212633618,0.014272328544028665,0.014247522633739405,0.014175420121165292,0.014276297489674952,0.01433649316531023,0.014253145306738307,0.014047090878602187
