HitRate: 17455255/30000000 0.581842
CumReqs: 30000000
CumProbs: 0.4182824652756358
