HitRate: 26997443/30000000 0.899915
CumReqs: 30000000
CumProbs: 0.900000000004232
