HitRate: 300938/3000000 0.100313
CumReqs: 3000000
CumProbs: 0.10000000000010165
