HitRate: 133774/30000000 0.004459
CumReqs: 233635,235234,234103,234587,234139,234345,234421,235063,234205,234144,234219,234127,233155,234595,233737,234419,234216,234557,234276,233833,235217,233734,234124,234476,234201,234719,234278,234332,234560,234309,234839,234200,234475,234933,233642,234978,233724,233967,234733,234747,234049,234284,235013,234340,233990,234022,234496,234923,234533,234281,234047,235111,234041,234517,234335,233814,234826,234462,234515,234084,234439,233831,233692,234671,234259,234410,233858,234599,233461,234240,234132,234483,234201,234591,233573,234254,235251,235016,234237,233792,234468,233958,234036,235481,235161,234258,234813,234977,234160,234374,234348,234227,233640,234544,234253,234637,233997,235149,233921,234718,235278,234622,234414,234027,234081,235466,233421,235006,235289,234769,233482,235086,234360,234527,234501,234260,234235,234179,234025,234453,233361,234565,234571,234457,234608,234891,234559,234516
CumProbs: 9.989578431534595e-05,0.00010218410501023401,0.00010487360431965261,0.0001075709870593271,0.00010449444798609415,0.0001053522137005132,0.00010463071307060927,0.00010641710015698201,0.00010118401044108053,0.00010283985482345023,0.00010532899431761166,0.00010380775079579694,0.00010331777532138544,0.00010074699852121144,0.00010364728542636892,0.000105337245586122,0.00010628200233500975,0.00010724147342787069,0.00010164702196086315,0.00010135431073663589,0.00010442362691512103,0.00010582620936970049,0.00010551322648704843,0.00010225957844844916,9.922759039292813e-05,0.00010298000038453433,0.00010262159151198057,0.00010649610874868529,0.00010185634742666786,0.00010916454375706902,0.00010567874841177082,0.00010539853338003785,0.00010642747639670537,0.00010403350542085839,0.00010169602949093543,0.00010589361830683764,0.0001040187891780152,0.00010829761396018275,0.00010734440940973504,0.00010017565415963157,0.00010322504468094073,0.00010274698597239278,0.0001048207883344393,0.00010514520539869681,0.0001021198083210994,0.00010653532624734358,0.00010544497323090937,0.00010604629952978637,0.00010267120247582607,0.00010241751357354329,0.00010746210625788863,9.981778944897906e-05,0.00010774266864720606,0.00010244176377161166,0.0001096399759214449,0.00010331354138372106,0.00010839533252533315,0.00010173486748685187,0.00010548711783774086,9.844218790322532e-05,0.00010362419150452385,9.893176678506453e-05,0.00010563576979408916,0.00010564320441284687,0.00010387575665629576,0.00010583657177479935,9.949041950616926e-05,0.00010488056259329626,0.00010277373928808042,0.0001058597025889766,0.00010774924660430656,0.00010536401273643418,0.0001078282427177211,0.00010559961476591179,0.00010332570852916338,0.0001029112953329584,0.0001045688900666081,0.00010520774658247536,0.00010575063908911307,0.00010307858686892861,0.00010284675341832101,0.00010578237680303335,0.00010709812637189197,9.997197430573574e-05,0.0001011951414816466,0.00010540887666080258,0.00010648621183801448,0.00010832569594236685,9.930248603211548e-05,0.00010039289275944514,0.00010199976650407482,0.00010308350901135049,0.00010280101492866366,0.00010440822612962691,0.00010255497358985038,0.00010324025340929319,0.00010411997725000364,0.00010428342682933993,0.0001016376971526099,0.00010435373452723321,9.861556586022163e-05,0.00010133790422818604,0.00010229012489268374,0.0001039914379895309,0.00010784422537125029,0.00010474531340425486,0.00010430130292757032,0.00010486529581377379,0.00010492018970534966,0.0001026606099005513,0.00010396143964057132,0.00010541533973626547,0.00010486686604366678,0.0001043099281378458,0.00010611810041770226,0.00010022655038723007,0.00010464238461097002,0.00010256546267670789,0.00010255002242184361,0.00010544266488310334,0.0001052103927935157,0.00010527173511212837,0.00010636292458081712,0.0001043524716430201,0.00010475976855246703,0.00010395365088255033,0.00010598802632769941,0.00010243432128610669
