HitRate: 1058179/3000000 0.352726
CumReqs: 47080,46979,46554,46625,47166,46881,46656,46823,46604,46860,46839,46655,46764,46871,46721,46766,46711,46957,47156,46739,47119,46867,46896,47003,47030,46947,46946,46992,47057,47050,47031,46461,46950,46931,46657,47010,46877,46711,46706,47004,47075,46847,47172,46793,46937,46896,46996,46820,46917,47100,46656,46807,46525,46707,46904,46661,46793,47143,46928,47018,47086,46604,47230,46733
CumProbs: 0.011892361111111093,0.012065972222222209,0.0114236111111111,0.011684027777777762,0.011336805555555534,0.01230902777777776,0.011440972222222217,0.012013888888888876,0.011319444444444429,0.011267361111111103,0.01244791666666665,0.011371527777777758,0.011145833333333325,0.011979166666666652,0.011614583333333314,0.012048611111111102,0.011597222222222212,0.011440972222222219,0.011857638888888867,0.011718749999999977,0.011805555555555533,0.011336805555555551,0.01145833333333332,0.011579861111111095,0.01133680555555555,0.011371527777777758,0.01163194444444444,0.011736111111111096,0.01175347222222221,0.011944444444444431,0.011249999999999986,0.011840277777777757,0.01154513888888887,0.011684027777777764,0.011249999999999987,0.011649305555555538,0.011545138888888872,0.01199652777777776,0.01149305555555554,0.011788194444444434,0.011440972222222219,0.011718749999999984,0.011371527777777772,0.011024305555555534,0.011579861111111103,0.011006944444444439,0.011649305555555541,0.011440972222222207,0.012187499999999976,0.011267361111111106,0.012048611111111097,0.011249999999999994,0.012013888888888878,0.011579861111111096,0.01190972222222221,0.011406249999999982,0.011076388888888879,0.011232638888888877,0.011354166666666662,0.0117361111111111,0.011770833333333317,0.011579861111111095,0.01199652777777777,0.011631944444444424
