HitRate: 2706864/3000000 0.902288
CumReqs: 3000000
CumProbs: 0.9089589421889102
