HitRate: 1883270/3000000 0.627757
CumReqs: 3000000
CumProbs: 0.6280987745616008
