HitRate: 15512131/30000000 0.517071
CumReqs: 435444,374550,356115,314170,584101,596192,714333,446067,509066,448089,464506,418284,358394,341167,397424,391638,397321,436050,490529,512652,741035,686268,666922,326014,352552,353420,354736,397606,426872,473768,1060610,1041153,1092104,470303,471159,420963,577158,565037,612503,492415,534723,429152,351451,313767,312661,309575,314003,337825,356178,347389,363566,368217,372718,497861,492318,476458,405492,451426,512661,415822,378053,326330,384288,379376
CumProbs: 0.020679189058197593,0.015542762719898592,0.012532988117620124,0.00883272660939406,0.03580076242164078,0.03735899327322017,0.04918534994700599,0.02246384289267514,0.029935901191433616,0.02241843846035036,0.023716259580202077,0.0181017884819208,0.012509686722732045,0.010102552767673124,0.015685933147632315,0.016144105146545806,0.01683808726172661,0.022196309591653047,0.026324850737921898,0.02912314853773762,0.05000985316126693,0.04551781025474413,0.0441756499091911,0.009584862348674084,0.013098046943655909,0.013007038352764486,0.012657317703201493,0.017079989028371795,0.019557759497648552,0.024629973849177398,0.08349182720218153,0.08157052733053896,0.08697242313202704,0.02557461239793992,0.025474982290939908,0.01963055971282033,0.03496933536432729,0.0336603295749293,0.03818712484754231,0.02583755199539833,0.03093529801818309,0.02031891620552098,0.012470074351422323,0.008643719009144804,0.009428876153751924,0.00837139227831719,0.008692086047391039,0.011280771156335051,0.013279464946713055,0.011186200780796456,0.012524932492530227,0.013086595972453768,0.013899947804875464,0.027047693295056907,0.02635697337516046,0.025508170134801923,0.0182774144239629,0.02163414679612478,0.028172152036941383,0.018754027812544927,0.015231356221072979,0.0102795767934085,0.015556477255175578,0.014753178310262741
