HitRate: 1512587/3000000 0.504196
CumReqs: 3000000
CumProbs: 0.5093883178369615
