HitRate: 1882955/3000000 0.627652
CumReqs: 3000000
CumProbs: 0.6275521376861898
