HitRate: 1059489/3000000 0.353163
CumReqs: 374930,375245,375535,375115,375254,374862,374693,374366
CumProbs: 0.09386111111111049,0.09294444444444398,0.09358333333333277,0.09202777777777714,0.09254166666666648,0.0932777777777774,0.09231944444444411,0.09229166666666598
