HitRate: 2378848/3000000 0.792949
CumReqs: 21370,24000,20921,23897,22048,23960,23143,23236,23356,23586,23926,22425,21677,23527,23086,22752,23792,23691,23719,22821,22193,22459,22955,24294,23004,22694,20134,24040,25288,22407,22380,24129,25421,22158,23422,23673,21687,22711,24453,23586,20992,23950,23473,23909,24554,25074,24829,25795,22443,22171,23486,20223,23572,21979,24777,23068,23821,23165,26407,25472,22250,23946,20980,26241,22698,24177,25630,23187,24216,22826,24632,20953,21698,27132,26943,26618,22945,23086,21806,22463,23163,22529,25611,23489,20620,26129,25410,21659,21202,23117,22483,24021,21164,22213,20843,23933,21695,22625,23684,21722,24445,24779,22975,23650,26359,24715,24209,24681,23026,23143,24255,22348,25683,23378,23182,25582,23214,23396,21942,24267,25752,22885,23536,22686,23214,24430,25067,24281
CumProbs: 0.00389268724757689,0.004089888531698796,0.003790230714485647,0.004077990353662385,0.004228259935529588,0.004187277322293083,0.004169430055238444,0.0041879383321839995,0.0043750041313119275,0.004375004131311904,0.004392190388475611,0.004045821205638044,0.0042824627465843125,0.004239497103675067,0.004198073817177959,0.0041009053632139955,0.0041412269665595846,0.004203802569565853,0.004103990076038227,0.004394834428039235,0.004101346036474584,0.004230683638462903,0.003845094535431281,0.00445344397170006,0.004093634254413957,0.004248090232256908,0.0036851301418307394,0.004185514629250648,0.004679729691022034,0.004137260907214121,0.004074464967577548,0.00453849391099735,0.004624865870076414,0.004348123062414847,0.004067634532038113,0.004710356482634267,0.004036346730534966,0.004324326706342031,0.004146294709056562,0.00439791914086351,0.004135938887432294,0.004832643312452885,0.004167887698826345,0.0043318181517723745,0.004637865731264339,0.004974760438998837,0.004334902864596611,0.004733712165446498,0.004493985911675985,0.004307140449178337,0.004403207219990804,0.00362013083589112,0.0042273785890083685,0.004174497797735461,0.0045735274352156265,0.004098922333541241,0.004290394865275242,0.004028414611844038,0.0048385924014710995,0.004705288740137297,0.0041705317383899845,0.004471731912015278,0.003963194969274127,0.004615391394973356,0.004116328927335252,0.004369055042293728,0.004394614091408941,0.004431189972039369,0.004348563735675467,0.0042538189846448,0.004323445359820822,0.0040572787104138424,0.004003516572619712,0.004967268993568534,0.005004946557350428,0.005284774077836261,0.004313530211457141,0.004447715219312174,0.0036941639436731733,0.003974432137419628,0.004159955580135406,0.004268581538875165,0.004634120008549163,0.004442427140184898,0.004089007185177594,0.004657255354731063,0.0043551738345845754,0.004102888392886726,0.003914280237346678,0.004193226411311283,0.004439342427360641,0.0044285459324757605,0.004036346730534969,0.004380071873808891,0.003871534931067736,0.004066753185516897,0.004077549680401804,0.00398346593926205,0.0043622246067542845,0.004221870173250772,0.0045830019103186865,0.004389766685542249,0.004479884367336505,0.004295242271141952,0.004736796878270728,0.004534307515021528,0.004273428944741858,0.004104871422559454,0.0041502607684020506,0.004418630784112048,0.004726000383385835,0.003938296930049775,0.004447715219312153,0.0042388360937841854,0.004452342288548566,0.004830660282780149,0.004169209718608161,0.004444850843118235,0.0042551410044266505,0.004643594483652237,0.004547087039579171,0.004216582094123496,0.004342834983287549,0.004184853619359735,0.004280259380281299,0.004795847095192179,0.004560086900767071,0.004408715635748403
