HitRate: 2770873/3000000 0.923624
CumReqs: 3000000
CumProbs: 0.8778472222223211
