HitRate: 302730/3000000 0.100910
CumReqs: 3000000
CumProbs: 0.1014366945033862
