HitRate: 29756056/30000000 0.991869
CumReqs: 30000000
CumProbs: 0.9993411513757958
