HitRate: 33572/3000000 0.011191
CumReqs: 94045,94273,93550,93937,93510,93497,93089,93716,93520,94195,93215,93914,94064,93800,93525,93851,94060,93658,93691,94384,93711,93815,94126,93989,93455,93885,93341,93832,93427,93710,93564,93651
CumProbs: 0.0002569444444444446,0.00028472222222222234,0.0002847222222222224,0.00028472222222222234,0.000263888888888889,0.00029861111111111126,0.00025694444444444457,0.000263888888888889,0.00029166666666666685,0.000263888888888889,0.0002847222222222224,0.0002708333333333335,0.000263888888888889,0.00025000000000000017,0.0002708333333333335,0.0002777777777777779,0.00027777777777777794,0.00030555555555555566,0.0002638888888888891,0.00031250000000000017,0.000277777777777778,0.00025000000000000017,0.0002847222222222223,0.0002916666666666668,0.00031944444444444457,0.000263888888888889,0.00026388888888888897,0.00028472222222222234,0.000263888888888889,0.00025000000000000017,0.00029861111111111126,0.00028472222222222234
