HitRate: 26997831/30000000 0.899928
CumReqs: 234725,234383,234725,234205,235463,234169,234150,234855,234500,234257,234827,234134,234346,234420,233624,234898,234369,233871,234053,235031,234492,235131,234245,233937,234331,234928,235046,234251,233860,234716,234313,234534,235155,234511,234023,234410,234666,234703,234563,234420,234153,233342,234564,234202,235113,234736,234843,234115,234423,234210,235150,233751,235267,234788,233662,234250,234067,234277,234321,234117,234582,235168,233849,233804,234551,235129,233877,235514,233477,234432,234175,234519,234467,233677,234404,233695,233687,234619,234171,234318,234068,233356,234311,234272,234399,234481,234330,233345,233947,233969,234263,234357,234314,234249,234653,234778,234757,235386,233553,235078,235049,234807,233927,234228,234323,234972,234622,234107,233821,233531,234872,233808,234582,234884,234047,234652,235099,233969,234355,233154,233381,233791,235114,234218,235001,234299,234667,234148
CumProbs: 0.007031249999999302,0.007031249999999302,0.007031249999999302,0.007031249999999302,0.007031249999999302,0.007031249999999302,0.007031249999999302,0.007031249999999302,0.007031249999999302,0.007031249999999302,0.007031249999999302,0.007031249999999302,0.007031249999999302,0.007031249999999302,0.007031249999999302,0.007031249999999302,0.007031249999999302,0.007031249999999302,0.007031249999999302,0.007031249999999302,0.007031249999999302,0.007031249999999302,0.007031249999999302,0.007031249999999302,0.007031249999999302,0.007031249999999302,0.007031249999999302,0.007031249999999302,0.007031249999999302,0.007031249999999302,0.007031249999999302,0.007031249999999302,0.007031249999999302,0.007031249999999302,0.007031249999999302,0.007031249999999302,0.007031249999999302,0.007031249999999302,0.007031249999999302,0.007031249999999302,0.007031249999999302,0.007031249999999302,0.007031249999999302,0.007031249999999302,0.007031249999999302,0.007031249999999302,0.007031249999999302,0.007031249999999302,0.007031249999999302,0.007031249999999302,0.007031249999999302,0.007031249999999302,0.007031249999999302,0.007031249999999302,0.007031249999999302,0.007031249999999302,0.007031249999999302,0.007031249999999302,0.007031249999999302,0.007031249999999302,0.007031249999999302,0.007031249999999302,0.007031249999999302,0.007031249999999302,0.007031249999999302,0.007031249999999302,0.007031249999999302,0.007031249999999302,0.007031249999999302,0.007031249999999302,0.007031249999999302,0.007031249999999302,0.007031249999999302,0.007031249999999302,0.007031249999999302,0.007031249999999302,0.007031249999999302,0.007031249999999302,0.007031249999999302,0.007031249999999302,0.007031249999999302,0.007031249999999302,0.007031249999999302,0.007031249999999302,0.007031249999999302,0.007031249999999302,0.007031249999999302,0.007031249999999302,0.007031249999999302,0.007031249999999302,0.007031249999999302,0.007031249999999302,0.007031249999999302,0.007031249999999302,0.007031249999999302,0.007031249999999302,0.007031249999999302,0.007031249999999302,0.007031249999999302,0.007031249999999302,0.007031249999999302,0.007031249999999302,0.007031249999999302,0.007031249999999302,0.007031249999999302,0.007031249999999302,0.007031249999999302,0.007031249999999302,0.007031249999999302,0.007031249999999302,0.007031249999999302,0.007031249999999302,0.007031249999999302,0.007031249999999302,0.007031249999999302,0.007031249999999302,0.007031249999999302,0.007031249999999302,0.007031249999999302,0.007031249999999302,0.007031249999999302,0.007031249999999302,0.007031249999999302,0.007031249999999302,0.007031249999999302,0.007031249999999302,0.007031249999999302,0.007031249999999302
