HitRate: 5738615/30000000 0.191287
CumReqs: 1874315,1875386,1874750,1876940,1875357,1874738,1876187,1874927,1874341,1875553,1874977,1873226,1873733,1875108,1875436,1875026
CumProbs: 0.026784374999997543,0.026783333333330876,0.026545833333330902,0.026605208333330896,0.02675833333333089,0.026795833333330882,0.026603124999997566,0.0265989583333309,0.026539583333330903,0.026614583333330902,0.026611458333330902,0.026686458333330883,0.02663541666666422,0.0266083333333309,0.026642708333330895,0.026629166666664233
