HitRate: 303096/3000000 0.101032
CumReqs: 186721,186743,186622,186871,188857,187453,188269,187196,188367,188361,187024,187617,186905,187942,187846,187206
CumProbs: 0.00640102107565635,0.006480543065316498,0.006434293874677338,0.006339799125457748,0.006519139512180835,0.006390041051979432,0.006452926642129086,0.00650250311267035,0.006379061028302509,0.006462575753845174,0.006455921194040973,0.0064672339457081136,0.006414995651245169,0.006503168568650771,0.006366750092664741,0.00642697385889272
