HitRate: 2813674/3000000 0.937891
CumReqs: 21473,19557,16440,44265,17239,16908,19259,16504,40598,17341,17064,19305,16280,37481,17120,16632,19139,16207,34913,17331,17307,19219,16020,33721,16929,16584,18853,16455,31578,16820,16780,18862,16185,30481,17230,16449,18688,18111,29229,17138,17030,18694,17764,28020,16838,16464,18589,17878,27590,16988,16804,18564,17812,26864,17066,16597,18554,17854,25814,16749,17038,18341,17475,25544,16837,16631,17901,17764,24877,21201,16723,18461,17538,24332,21046,16324,18315,17697,24215,20762,16732,18137,17415,23616,20682,16545,18392,17651,23228,20060,16645,18349,17443,23068,20305,16385,18070,17554,22684,20430,16732,205952,17471,22365,19730,16341,110637,17645,22511,19935,16475,91628,17185,21942,19613,16391,69345,17479,21905,19411,16450,57485,17065,21221,19499,16363,49344,17239
CumProbs: 0.007061831008643814,0.0064540844491710915,0.00541780124149845,0.014672413381706521,0.005616878429254772,0.005501567341069765,0.0063593483775978375,0.0053779655828006066,0.013411877658826206,0.005649990556725675,0.00555722604694065,0.006353939220896287,0.005344246820933517,0.012385098390028148,0.0056117220368853225,0.005484581577970223,0.006264106777360848,0.005337270525374633,0.011626855947379621,0.005646603514678971,0.005600853170616019,0.0062864511442955575,0.005306433276890268,0.011003741316531365,0.005556265542479601,0.005468253002133547,0.006209408575951187,0.005357592777654511,0.01048420950887066,0.0055852323349084385,0.005544891147547109,0.00623493777346677,0.005359311575110908,0.010042478562549794,0.005563646260969512,0.0054815989588544835,0.006113863658515932,0.005885465808266547,0.009669145644425815,0.005618344462379256,0.005550199198515509,0.006211531796338421,0.005849977696076545,0.009292880660049045,0.005553889557760514,0.005479222974135428,0.006094653569296277,0.005866104060447976,0.009062511248012151,0.005559197608729072,0.0055189069742339215,0.006137825717174532,0.005836833950820796,0.00875803133388,0.005585434546373868,0.005471842255645656,0.006059216009972679,0.005812416916365152,0.008574069453167658,0.0055666288800853645,0.005515064956390118,0.006089648835525841,0.005817724967333891,0.008407750522817543,0.005538117063453673,0.005461883340971304,0.005981212937166986,0.005842445318987564,0.008221260998787316,0.0069355499484573205,0.005496714265898731,0.006051481421418392,0.0057653521977769,0.008053678246778762,0.006889091864265274,0.0054218454708079575,0.006021857441726829,0.0058239935227633885,0.007958638858007414,0.006827215155831295,0.005470376222520927,0.0059981987002666924,0.005774653925188529,0.007767195153073179,0.006726463293160395,0.00543969063263556,0.005992637884966049,0.005826015637418092,0.007708756039552183,0.006669692424229435,0.0054617822352384365,0.006003355092636142,0.005707317507186764,0.00756129332835712,0.006657610289167523,0.005422401552337843,0.005941326725602847,0.0057546349901069485,0.007450329786680415,0.006690317993707662,0.005462388869634914,0.0687029630854855,0.005697661909710386,0.007360143473080016,0.006543310258310393,0.0053887838962033965,0.03685753878718215,0.005781630220747262,0.0073775842119768965,0.0065478600162830565,0.005424170902660849,0.030470942414623906,0.005691090037082649,0.007177748731225549,0.006482191842871591,0.00541355480072347,0.023124802085528886,0.005719905170912115,0.007216270015397452,0.006491392464550607,0.005416790184171041,0.01905625684738661,0.005637099575801667,0.006973262386767747,0.006407575812112761,0.005381200966248207,0.016487716260108035,0.005685883091846574
