HitRate: 683506/3000000 0.227835
CumReqs: 46955,47167,47171,46883,46886,46833,46258,46920,46627,46637,46885,47555,47437,47217,46709,46288,45893,46515,45957,47093,47644,47267,47219,46826,47263,47142,46988,46605,46246,46313,47001,47327,47213,47166,47202,46824,47124,46793,47310,47102,47105,47355,47184,47133,46980,46848,46718,46937,47485,47256,46935,46372,46614,46928,46029,46016,46521,46344,46601,47051,47048,46358,47135,46586
CumProbs: 0.00020540313444517344,0.0002010753536545945,0.0001957488542200357,0.00021971810167555023,0.00017610738755510013,0.0002090651028064327,0.00021638903952895104,0.00015779754574880427,0.00019641466664935552,0.00017644029376976005,0.0001907552610001368,0.0002020740722985743,0.00021838647681691057,0.00018842491749751736,0.0002103967276650724,0.00018742619885353756,0.0001797693559163593,0.00020074244743993453,0.00019208688585877656,0.00023669631862320643,0.00021439160224099148,0.00022071682031953003,0.00017910354348703948,0.0002007424474399346,0.00021172835252371207,0.00019108816721479676,0.0002360305061938866,0.00021938519546089034,0.0001860945739948979,0.00020240697851323414,0.00022804075704204837,0.00021805357060225065,0.00023769503726718617,0.00016512148247132264,0.00020174116608391435,0.00020373860337187391,0.0001847629491362582,0.00020107535365459446,0.00016678601354462225,0.00018609457399489787,0.0001844300429215983,0.0001974133852933353,0.00018309841806295857,0.00022670913218340868,0.00018476294913625816,0.00018176679320431886,0.00019275269828809637,0.0001624582327540433,0.000163456951398023,0.0001691163570472417,0.0001877591050681975,0.00019708047907867544,0.00017044798190588142,0.00020906510280643267,0.0001874261988535376,0.0001558001084608447,0.0001774390124137398,0.00022005100789021018,0.00017743901241373984,0.00020806638416245288,0.00018975654235615705,0.00019674757286401544,0.00018975654235615707,0.00019541594800537578
