HitRate: 35295/3000000 0.011765
CumReqs: 374158,374731,374742,376348,374828,374479,375528,375186
CumProbs: 0.0010208333333333332,0.0011666666666666663,0.0010416666666666664,0.000958333333333333,0.0008541666666666665,0.001125,0.0011041666666666667,0.0009791666666666666
