HitRate: 1544683/3000000 0.514894
CumReqs: 3000000
CumProbs: 0.1332929863084744
