HitRate: 2706040/3000000 0.902013
CumReqs: 186813,186765,186660,186728,188899,187300,188346,187274,188332,188479,187050,187645,186909,187834,187870,187096
CumProbs: 0.05640443655563749,0.05649941026460451,0.056317484274792384,0.05645705712411927,0.05698230023756281,0.056596629973446076,0.05679844910500137,0.05662422368618648,0.056874492243600125,0.056846577673734716,0.05636625455777575,0.05661010597269123,0.05640957026963571,0.056744865965144935,0.05663352854280827,0.05642785912575441
