HitRate: 2699347/3000000 0.899782
CumReqs: 3000000
CumProbs: 0.899999999999964
