HitRate: 2851482/3000000 0.950494
CumReqs: 93556,93425,93230,94228,94371,93252,94068,93748,94064,93768,93568,93782,93763,94124,93458,93953,93453,93648,93606,93793,93749,93764,93920,93460,94268,94205,93456,93357,93742,93463,94014,93744
CumProbs: 0.02656597222222201,0.026583333333333146,0.026517361111110912,0.02645486111111094,0.026538194444444153,0.026552083333333146,0.026548611111110888,0.02657986111111085,0.026545138888888604,0.026559027777777557,0.02655208333333312,0.026465277777777553,0.02652083333333313,0.026666666666666467,0.02653472222222198,0.026486111111110884,0.0265381944444442,0.026496527777777504,0.02660763888888862,0.026583333333333087,0.026458333333333126,0.026638888888888622,0.02657986111111083,0.02654861111111086,0.026593749999999767,0.02651736111111086,0.02649999999999974,0.026541666666666436,0.026572916666666453,0.026524305555555294,0.02648263888888863,0.02652430555555526
