HitRate: 1813703/3000000 0.604568
CumReqs: 3000000
CumProbs: 0.6095515693884841
