HitRate: 1745802/3000000 0.581934
CumReqs: 375625,374335,374333,374237,375417,374345,375511,376197
CumProbs: 0.05402777777777783,0.053611111111111144,0.051527777777777804,0.05236111111111116,0.05416666666666669,0.05236111111111112,0.050694444444444514,0.05111111111111115
