HitRate: 35176/3000000 0.011725
CumReqs: 3000000
CumProbs: 0.008296875000000013
