HitRate: 2999134/30000000 0.099971
CumReqs: 30000000
CumProbs: 0.1000000000004471
