HitRate: 28138893/30000000 0.937963
CumReqs: 30000000
CumProbs: 0.9598898546187588
