HitRate: 1444497/3000000 0.481499
CumReqs: 23215,23295,23530,23352,23351,23513,23343,23076,23535,23500,23438,23460,23158,23228,23381,23266,23633,23860,23637,23992,23954,23964,23417,23100,23557,23656,23859,23667,23584,23735,23521,23249,23398,23276,23072,23150,22979,23305,23153,23566,23942,23855,23588,23332,23719,23390,23422,23181,23430,23270,23595,23821,24118,24002,23522,23361,23394,23144,23458,23147,23011,23246,23180,23725,23420,23791,24062,23688,23660,23458,23190,23543,23763,23816,23515,23304,23251,23389,23064,23776,23074,23219,23516,23402,23698,23477,23430,23149,23169,23488,23485,23617,23612,23282,22999,23169,22971,23043,22924,23202,23460,23261,23177,23191,23166,23588,23348,23488,23783,23868,23692,23611,23674,23670,23896,23497,23381,23078,22991,23028,23477,23460,23439,23220,23341,23366,23245,23210
CumProbs: 0.012060701869487881,0.012193238702433341,0.012090537649755106,0.012152907924082329,0.012022919876385853,0.012124571429255772,0.012229821267182962,0.012064150226001132,0.012208381485383024,0.012076594295157879,0.01214646099668784,0.011994883238647417,0.011950504389606858,0.011974492956655779,0.012014224020830617,0.011900278327348208,0.012131618070826371,0.012194288202241752,0.012203283914885144,0.012293840755494861,0.012221275340171797,0.012267303403196933,0.01214076371201377,0.012000280666233366,0.012071796581748055,0.012103731361631995,0.012234169194960662,0.012348864531163396,0.01242262937483888,0.012323226750129793,0.012146760853776053,0.01207674422370191,0.01209998314803064,0.012215727984041734,0.012141513354734073,0.012133267284811003,0.012052305871020866,0.012103881290176048,0.01204855765741938,0.011984688097651621,0.012206582342854355,0.012256058762392783,0.012302686539594127,0.012129968856841703,0.012270451902622156,0.012037912730791423,0.012035813731174636,0.012265354332124227,0.012237167765841729,0.012167151135767646,0.0120909874353872,0.01219788648729909,0.01213521635588374,0.012271801259518678,0.0121490097819369,0.012256508548024962,0.012145411496879492,0.012179745133468346,0.01205170615684459,0.012135666141515886,0.012117824644773215,0.012170599492280903,0.012185442418142402,0.01230283646813826,0.012260706547258462,0.01224316490760401,0.012177046419675238,0.012213928841513006,0.012150958853009597,0.012139714212205345,0.012025918447266854,0.012071946510292097,0.012058902726959295,0.012274350044767695,0.012220075911819391,0.012209880770823564,0.012187841274847273,0.012155906494963438,0.012083341079640392,0.012083041222552262,0.012106879861057115,0.012120523358566214,0.011972393957039014,0.012093386292092036,0.012220675625995594,0.012093236363548055,0.01213836485530876,0.012019921305504735,0.012056653798798434,0.012071196867571795,0.012153807495346659,0.012093686149180247,0.012175547134234794,0.012081242080023596,0.01209338629209212,0.012023819447650165,0.01197809124171313,0.012000580523321489,0.011998181666616708,0.01208588986488934,0.01216880034975229,0.012137915069676807,0.012207032128486544,0.012196986916034776,0.012224273911052894,0.012079742794583029,0.012168650421208158,0.012108978860673908,0.012287843613732571,0.012308983538444502,0.012305385253387102,0.012252160620247312,0.012240915979443094,0.012272550902238926,0.012280197257985794,0.012117075002052922,0.012065949368529894,0.011995632881367714,0.012057253512974644,0.012022620019297782,0.012180194919100527,0.012107629503777428,0.012078843223318666,0.012079742794583072,0.011938060320450191,0.011998631452248814,0.01186114697734952,0.01212217257255087
