HitRate: 366551/30000000 0.012218
CumReqs: 939202,938198,937702,936975,938773,939635,936605,937192,936514,936863,937830,938294,936676,937998,936279,936706,939631,936249,937818,935277,937810,937079,935980,937573,937764,938900,937764,936791,937344,938198,937175,937205
CumProbs: 0.00024756944444444354,0.0002423611111111102,0.00024513888888888806,0.0002434027777777769,0.0002361111111111102,0.00023645833333333244,0.0002416666666666658,0.0002506944444444436,0.00022534722222222143,0.0002461805555555547,0.0002475694444444436,0.0002402777777777769,0.0002583333333333324,0.0002374999999999991,0.00026076388888888796,0.0002527777777777769,0.00024965277777777686,0.00024652777777777683,0.00024513888888888795,0.00023576388888888809,0.00023611111111111025,0.00023819444444444365,0.00023854166666666582,0.00024826388888888804,0.00024027777777777695,0.00023715277777777697,0.0002538194444444435,0.0002427083333333325,0.0002315972222222214,0.00024965277777777686,0.0002371527777777769,0.00023819444444444363
