HitRate: 2895743/3000000 0.965248
CumReqs: 186259,188478,186261,188682,189217,187403,188827,189462,187630,187829,187346,186581,185718,186076,185912,188319
CumProbs: 0.05589586649950203,0.056702568821070665,0.05590707527716178,0.05660861289068767,0.05688421695314433,0.05627399791055199,0.056756305019851086,0.05687630487479634,0.05628289899869352,0.05667487654685251,0.05635410770382585,0.05591828405482145,0.055799602879600896,0.055783119383042507,0.055822679774782696,0.05661388760958647
