HitRate: 25959992/30000000 0.865333
CumReqs: 3160989,3633877,3352341,3406973,4393620,4354054,4357081,3341065
CumProbs: 0.2662727389652331,0.3136717158587378,0.2854307784059685,0.2906856063981879,0.38916831437522764,0.3856264579032701,0.3856136250899698,0.2840750029372311
