HitRate: 1327433/30000000 0.044248
CumReqs: 3752928,3749618,3751349,3748608,3748738,3755428,3746755,3746576
CumProbs: 0.016587215680061437,0.01649640990541456,0.01664009494962425,0.016638388339012457,0.01668840580407018,0.016553247632440943,0.01657460194884454,0.016585455702061158
