HitRate: 110657/3000000 0.036886
CumReqs: 94096,94072,94119,93701,93311,93528,94058,92768,93329,94400,93188,93682,93818,93966,94086,93414,93577,94005,94192,93779,93840,93981,93933,93761,94116,93751,93697,93568,93677,93704,93687,93196
CumProbs: 0.0027569444444444334,0.0028541666666666555,0.002763888888888878,0.0028194444444444335,0.0027361111111111,0.0027986111111111,0.0027569444444444325,0.0027152777777777666,0.002743055555555545,0.0027777777777777666,0.0027152777777777666,0.002784722222222211,0.002854166666666655,0.0027916666666666554,0.002722222222222211,0.0028055555555555442,0.0027847222222222106,0.0028472222222222106,0.002763888888888878,0.0028888888888888775,0.002854166666666655,0.0028472222222222106,0.0027986111111111,0.0028124999999999886,0.0028124999999999878,0.0028749999999999887,0.0028541666666666555,0.0028611111111110994,0.002826388888888878,0.002770833333333322,0.002812499999999988,0.0028888888888888775
