HitRate: 1883841/3000000 0.627947
CumReqs: 46496,46907,46589,47180,46946,47036,46927,46932,46463,46770,46723,46809,46920,46958,47148,46658,46904,46688,46722,47335,46670,47097,46751,46873,46671,47031,46856,46833,47133,46942,46945,47089,46982,46580,46888,46725,46915,46874,46821,46865,46927,47032,46877,46718,46873,46675,46928,47061,47054,47023,46932,47360,47335,46574,47039,47001,46743,46805,46707,46644,46593,46605,47010,46832
CumProbs: 0.009718224313267977,0.009908580853748,0.009731774713305564,0.00970607343413099,0.009538179746555558,0.009731232263344092,0.009750673669963275,0.009766583727333269,0.009929904561733493,0.009925722272530541,0.00977296836337981,0.009811498584143218,0.009934965619874035,0.009673727142928364,0.010220115291121415,0.009812849284547282,0.010116344613491679,0.009800481425425701,0.009907430859829675,0.010060569908453058,0.009724858476296783,0.010112563737260225,0.010089482491399555,0.00956056123196592,0.010180424227440463,0.009542519346247332,0.009704619668234236,0.009930246305209226,0.010024670570002786,0.009673754265426437,0.009634497161714654,0.009601065970589085,0.009805509936568552,0.009976414221430162,0.009403961352588345,0.009876386448534585,0.009792209063513241,0.009585519354693282,0.010314892148389942,0.009706529092098628,0.009569766607812108,0.00957355290854319,0.009778045695019189,0.009880818264719822,0.0099007370273051,0.009933224355497705,0.009707662812518102,0.009655636436713251,0.009921979367796378,0.009518130795979518,0.009894406636254717,0.009942581617333109,0.009492641072289917,0.00960103884809101,0.009877503895455221,0.009717193658341181,0.009616780745972954,0.010190275118740811,0.010067263740977625,0.009513932233277714,0.01004013581840437,0.009943612272259912,0.009611882422820855,0.009569316374344095
