HitRate: 2292930/3000000 0.764310
CumReqs: 183333,192990,188309,185448,192667,185172,181262,186411,184913,189292,189232,187499,183526,185897,189300,194749
CumProbs: 0.017650559126920432,0.018004741421603868,0.019909539499713965,0.018175343974628357,0.018695697587192837,0.01729194559709345,0.017890478858260932,0.017980369628314674,0.017128939447172052,0.01800157625364425,0.01705392496652863,0.018665628491576262,0.017673981369821703,0.018370318320942068,0.017522053307759092,0.018224720594798727
