HitRate: 2963725/3000000 0.987908
CumReqs: 131808,218871,129256,175978,225572,185360,227012,140221,210484,278826,176686,148422,154042,209098,240168,148196
CumProbs: 0.052880350812145295,0.06533974620006208,0.04057628560325951,0.057657019793692754,0.07004726133477991,0.05855628577880372,0.07323871136593926,0.04304108829004601,0.07193170366087037,0.08494752153942685,0.054064743427259185,0.048690691599642705,0.0513076327494531,0.061979667173173957,0.0712691566129824,0.05278779104792787
