HitRate: 300653/3000000 0.100218
CumReqs: 188059,187648,187582,187778,186716,186799,187701,188141,187734,187073,188124,187058,187490,187304,187403,187390
CumProbs: 0.006249999999999996,0.006249999999999996,0.006249999999999996,0.006249999999999996,0.006249999999999996,0.006249999999999996,0.006249999999999996,0.006249999999999996,0.006249999999999996,0.006249999999999996,0.006249999999999996,0.006249999999999996,0.006249999999999996,0.006249999999999996,0.006249999999999996,0.006249999999999996
