HitRate: 5737058/30000000 0.191235
CumReqs: 3750120,3753016,3749847,3751374,3747821,3751044,3748534,3748244
CumProbs: 0.052924999999995156,0.053129166666661794,0.05341666666666178,0.05308749999999513,0.0534499999999951,0.05331249999999513,0.053483333333328414,0.0532541666666618
