HitRate: 1688509/3000000 0.562836
CumReqs: 12912,21252,19966,25261,14717,38359,37906,25548,15348,29749,31438,34400,22844,13066,23982,13207,22595,16601,22449,23087,17811,20227,15344,16984,30350,20632,29050,27679,22211,16776,13521,27852,25705,15358,13696,30662,19951,41694,57642,16013,18890,18172,14802,21834,19046,21014,14808,56100,27212,21051,37909,20329,19049,31683,31006,14498,10667,11834,22962,20193,16692,35502,49733,13537,24868,21459,21652,15835,24600,31668,14193,47407,15226,30828,26721,13752,14744,30007,51907,14557,15667,28114,24235,19309,16264,27292,45706,16096,18063,15655,14944,37501,22860,25649,34743,14875,21046,22712,20251,21695,26576,15889,18443,30580,24250,12824,18052,17388,22134,16269,16293,41450,26527,16877,17265,15786,42749,17268,16009,35013,37160,22180,14717,11383,21739,24064,15042,31604
CumProbs: 0.0011725329266693994,0.00402703496524384,0.0031624869114726026,0.0011569345548739106,0.0012545073486584571,0.001135362338561,0.00564959751222564,0.0036490233593914644,0.0013354861298946114,0.005797947984408265,0.0062114707771141996,0.0019673861277373895,0.0019441545101696407,0.0011619127586384283,0.0012279569285810292,0.0007135425395808684,0.0004075489481885145,0.0019912815058070747,0.0033423660074971746,0.0017065282504766634,0.0016544230510747114,0.001773568061172168,0.0016733402253798788,0.0012126904370365083,0.001281057768735885,0.0032345049259326253,0.001024182454486772,0.0025498359681859597,0.001554858975784357,0.0008031502073421866,0.000544283611587267,0.002732038225967306,0.00438745691779492,0.0021462695830090596,0.0012644637561874924,0.006753099346693724,0.003033385493846111,0.009746991090674666,0.0022922968934349108,0.0009372298287331963,0.001831647105091541,0.0020510199509812866,0.0017987909602457243,0.003686525827750831,0.0027546060830331196,0.001504745057888213,0.0018123980505354062,0.001030156299004193,0.004872665844709912,0.0009614570870538494,0.006459717204838151,0.00335995566079847,0.003507310492228194,0.0021227060851903416,0.0010427677485409718,0.0013636959512268786,0.00037336528233882654,0.0007689665414924988,0.003808657760106998,0.003578000985684346,0.002052679352236126,0.0011619127586384279,0.011620455107388154,0.0006206160693098715,0.0016869473156695602,0.0038680643250302432,0.0021008019886264643,0.001648117326306322,0.004722987851523413,0.007215740416542904,0.0016491129670592258,0.0019796656970232003,0.0021180597616767918,0.002461887701679481,0.003142574096414531,0.0012495291448939396,0.001368342274740428,0.006821134798142133,0.003041350619869339,0.0018004503615005635,0.0015007624948765986,0.0015614965808037147,0.0008097878123615438,0.003045996943382888,0.001138349260819711,0.003069560441201606,0.0026464131212176026,0.0011137901222480907,0.0007981720035776692,0.0010490734733093606,0.0012209874433107045,0.0008409845559525213,0.0012774070859752386,0.0014582818227527143,0.007297051078030024,0.001685287914414721,0.002527599991371114,0.0041259352800322585,0.003332409599968139,0.004030685648004486,0.0019995785120812707,0.002226584603743277,0.0010314838200080646,0.0018870711070031708,0.004119961435514836,0.0010427677485409716,0.0011562707943719747,0.0014098273061114088,0.0010165492087145117,0.0018512280398986435,0.001047745952305489,0.005104650140136435,0.004179368000438082,0.00141580115062883,0.0017207991012682803,0.0015996628096650164,0.0016816372316540748,0.0018502323991457404,0.0022813448451529726,0.0021187235221787276,0.0010879034626725987,0.0032590640645042456,0.0016315233137579295,0.0005067811432279004,0.004052921624819332,0.0015614965808037147,0.0016862835551676248,0.001849568638643805
