HitRate: 2770935/3000000 0.923645
CumReqs: 3000000
CumProbs: 0.8768402777778955
