HitRate: 1714176/3000000 0.571392
CumReqs: 3000000
CumProbs: 0.572616424191011
