HitRate: 349727/30000000 0.011658
CumReqs: 30000000
CumProbs: 0.008334114583332539
