HitRate: 3480156/30000000 0.116005
CumReqs: 936860,937017,937882,938090,937266,937209,936756,939594,935782,937366,937838,937684,938272,937179,937794,935876,937772,938137,936749,936669,937188,936577,938930,938923,938467,936721,938507,937065,937504,937388,938399,936539
CumProbs: 0.002629687499999958,0.002642708333333287,0.002621874999999955,0.002608854166666626,0.0025494791666666287,0.00258593749999996,0.002627083333333288,0.0026052083333332914,0.002624999999999957,0.002616666666666625,0.0026614583333332865,0.0025994791666666206,0.0025958333333332894,0.0026213541666666213,0.0026270833333332877,0.0026359374999999547,0.002643749999999955,0.0026072916666666254,0.0026046874999999595,0.0026369791666666204,0.0026359374999999565,0.002657291666666622,0.0026192708333332908,0.0026249999999999616,0.0026447916666666248,0.0026166666666666283,0.0026046874999999573,0.0026265624999999553,0.0026666666666666206,0.0026088541666666174,0.0026213541666666204,0.002668229166666619
