HitRate: 1499966/3000000 0.499989
CumReqs: 3000000
CumProbs: 0.5000000000005288
