HitRate: 1287688/3000000 0.429229
CumReqs: 30173,48036,47485,49899,114256,116288,114514,65973,64779,82625,51581,50443,30945,51443,51624,53427,30294,37582,56439,70703,67613,46383,34932,31067,32555,30809,28758,26315,35460,37444,36081,28745,66097,72622,71344,37708,58136,58429,52649,27674,31667,35305,35446,42061,40857,47963,41462,43429,42719,46740,47790,41701,34360,30295,29846,38613,36916,39357,32477,33378,34606,31637,32354,29691
CumProbs: 0.005586370919053701,0.02098425299054727,0.020748616969654205,0.023473408075659133,0.08415933521354016,0.08828928914470117,0.08666646253753371,0.039645094876780335,0.03991734101391383,0.05627973323872393,0.021328055263968925,0.02271091920014218,0.005319782708975536,0.025985194868992364,0.02528161499869868,0.022972847940880656,0.00621906029153634,0.011399058920321075,0.0319286808310097,0.04084490823175135,0.03697122511427348,0.011567465455027131,0.007937406020167513,0.006872384456809048,0.00971133256163646,0.004394878045046419,0.0035664909602966615,0.0008596720931734118,0.012184179504059395,0.00927400808218239,0.010679170907338463,0.0031035393994742785,0.042291673461726124,0.04749896326807192,0.04786206905732945,0.010886517292954817,0.03184347910594103,0.030855005967448952,0.026593255617822335,0.0048814597718058175,0.0032776038612356774,0.008186687629841106,0.007358300545091349,0.011640020049030931,0.013696842943266965,0.014600114356690366,0.012637146487725293,0.013314766457412117,0.015172896266234092,0.01810037428851567,0.013970420357354673,0.010674511437998774,0.005860946790857055,0.004888116156576808,0.004901761745357337,0.012639143403156592,0.012429467282870399,0.014039646758972976,0.007502411275383293,0.005632299973973533,0.006546554422269069,0.005425286407595733,0.005627973323872391,0.0036124200152164955
