HitRate: 545858/3000000 0.181953
CumReqs: 375574,373426,375242,373353,375456,375301,376208,375440
CumProbs: 0.0012835135007222473,0.0012595163643805173,0.0013118434533479007,0.0013101769855463916,0.0013095103984257879,0.0013181760309936346,0.001210855504576454,0.001286179849204662
