HitRate: 918643/3000000 0.306214
CumReqs: 374657,373926,375099,374116,374725,376054,376179,375244
CumProbs: 0.012834064721986314,0.01260767327185918,0.012681583421753625,0.012506462976508231,0.013346774770803635,0.012964905663015655,0.012879343012011735,0.012763150929520023
