HitRate: 2911167/3000000 0.970389
CumReqs: 46934,47664,46643,46457,47457,46979,46239,46435,46047,46875,46558,46127,47624,46838,47840,46885,47475,46060,45037,47213,46591,47085,46445,47522,47183,47231,46371,46644,47488,46672,47296,46868,46706,47050,46669,46235,46668,46601,47122,47058,46373,48447,46970,46919,47314,46394,47059,46255,46695,47787,46747,46534,46272,46097,47313,47611,46688,48079,47374,47130,47109,47316,46594,46031
CumProbs: 0.015340493113841449,0.015412578920468725,0.015337970990420035,0.015305945888370722,0.015366242234353582,0.015318439197411923,0.015351285455924076,0.015378149003064048,0.01538987980967567,0.015370054746502227,0.015398560606568044,0.015261955363577929,0.015384249022502168,0.015239256252784857,0.015356271048733891,0.015378676889361665,0.01547633585440166,0.01534917391073396,0.015260254396619296,0.015295857394684968,0.015408649100254012,0.015404543317939867,0.015270753468536456,0.015429002049724803,0.015479268556054797,0.01533844022268455,0.015333689246006801,0.015355860470502363,0.015460323303377212,0.015320726704701242,0.015324480562816848,0.015340610421907595,0.015212568667743755,0.015263714984569715,0.015324539216849994,0.015414983735824082,0.0152759736774786,0.015346769095378592,0.015397915412204321,0.015472171418054806,0.015330228658056463,0.01543955977567499,0.015406126976832496,0.015364834537560105,0.015370054746502196,0.015493521486087663,0.015328820961263187,0.015176613745479711,0.015421904911724706,0.015363896073031291,0.015486307040021642,0.015395451942815972,0.015431406865080075,0.015227760062305681,0.015479913750418241,0.015378618235328611,0.015333395975841609,0.015332692127444831,0.015227994678437816,0.01541510104389022,0.015308643973891443,0.015368295125510483,0.015297499707610573,0.015299083366503147
