HitRate: 1617907/3000000 0.539302
CumReqs: 3000000
CumProbs: 0.4619444444440934
