HitRate: 2502004/3000000 0.834001
CumReqs: 93312,92531,93267,93115,93708,94579,93838,93985,93733,93864,92968,92833,93599,94700,93667,94937,92996,92932,94289,94729,93832,93266,93642,92964,93391,93526,94040,94298,94653,94789,95292,92725
CumProbs: 0.022270976363706712,0.021654060973735012,0.022154374393216127,0.021952595096764473,0.022053071262825328,0.02207974086245893,0.02219820350269142,0.02198588041103566,0.022051003852001073,0.02226001908633784,0.022107444167504493,0.022023507288037827,0.022123776713016543,0.022199237208103333,0.022133907026055593,0.022232109040209842,0.02205410496823742,0.02192902661336724,0.022257951675513553,0.02227635163184999,0.022028055591851187,0.02188705817363403,0.021952595096764522,0.021841781876581694,0.022196963056196728,0.022025988181027085,0.02226187975607991,0.022188900153982057,0.02230694931204962,0.022176909171200875,0.02221598323578023,0.021753503434384067
