HitRate: 11105/3000000 0.003702
CumReqs: 23290,23400,23694,23394,23506,23521,23575,23672,23517,23471,23263,23433,23407,23342,23799,23446,23590,23506,23529,23549,23278,23388,23471,23406,23664,23473,23556,23564,23348,23362,23246,23658,23547,23647,23416,23499,23596,23461,23258,23357,23372,23414,23323,23616,23304,23384,23481,23065,23225,23596,23457,23580,23375,23500,23662,23297,23371,23336,23661,23466,23587,23591,23180,23919,23523,23473,23676,23439,23159,23635,23371,23565,23579,23198,23222,23547,23449,23413,23424,23596,23577,23223,23522,23462,23356,23451,23346,23354,23421,23159,23295,23609,23502,23706,23215,23373,23180,22995,23466,23399,23306,23471,23445,23409,23459,23702,23390,23577,23639,23289,23251,23483,23106,23533,23297,23539,23444,23384,23347,23420,23127,23326,23218,23417,23319,23473,23465,23423
CumProbs: 6.250000000000003e-05,7.118055555555559e-05,7.118055555555559e-05,6.597222222222226e-05,6.770833333333337e-05,6.944444444444447e-05,6.597222222222226e-05,5.72916666666667e-05,6.944444444444449e-05,7.118055555555559e-05,7.291666666666671e-05,6.944444444444449e-05,7.812500000000004e-05,7.11805555555556e-05,5.9027777777777814e-05,6.770833333333337e-05,6.944444444444447e-05,7.11805555555556e-05,7.986111111111114e-05,8.159722222222227e-05,6.770833333333337e-05,7.29166666666667e-05,7.291666666666671e-05,7.11805555555556e-05,6.423611111111114e-05,6.944444444444449e-05,7.29166666666667e-05,6.944444444444449e-05,7.11805555555556e-05,6.770833333333336e-05,7.291666666666671e-05,6.770833333333336e-05,7.638888888888891e-05,7.11805555555556e-05,7.118055555555559e-05,7.465277777777781e-05,7.11805555555556e-05,7.29166666666667e-05,7.291666666666671e-05,7.291666666666671e-05,6.770833333333336e-05,7.638888888888893e-05,6.597222222222227e-05,7.291666666666671e-05,6.250000000000004e-05,6.944444444444447e-05,6.770833333333337e-05,6.770833333333337e-05,6.770833333333337e-05,7.812500000000003e-05,7.638888888888894e-05,7.465277777777781e-05,7.465277777777781e-05,6.423611111111114e-05,7.118055555555559e-05,6.597222222222224e-05,6.944444444444449e-05,6.597222222222226e-05,6.597222222222227e-05,7.812500000000006e-05,7.29166666666667e-05,7.29166666666667e-05,6.944444444444449e-05,6.770833333333337e-05,6.770833333333337e-05,7.118055555555559e-05,7.986111111111114e-05,7.118055555555559e-05,6.597222222222226e-05,6.076388888888893e-05,6.423611111111116e-05,6.944444444444449e-05,6.944444444444447e-05,7.812500000000004e-05,7.291666666666671e-05,6.250000000000003e-05,7.118055555555559e-05,6.597222222222226e-05,6.770833333333336e-05,6.770833333333338e-05,7.638888888888891e-05,6.770833333333337e-05,6.597222222222226e-05,8.333333333333338e-05,6.770833333333337e-05,6.597222222222226e-05,7.29166666666667e-05,7.465277777777781e-05,6.944444444444447e-05,6.423611111111116e-05,7.638888888888894e-05,7.118055555555559e-05,6.597222222222226e-05,7.118055555555559e-05,6.597222222222226e-05,6.770833333333337e-05,6.944444444444447e-05,6.250000000000003e-05,7.465277777777781e-05,6.944444444444447e-05,7.638888888888894e-05,6.597222222222224e-05,7.465277777777781e-05,6.94444444444445e-05,7.465277777777781e-05,6.944444444444449e-05,6.944444444444449e-05,6.597222222222226e-05,7.986111111111116e-05,6.944444444444447e-05,7.118055555555557e-05,6.770833333333337e-05,6.597222222222226e-05,6.597222222222226e-05,6.944444444444449e-05,6.944444444444447e-05,7.812500000000006e-05,7.465277777777781e-05,7.29166666666667e-05,7.11805555555556e-05,6.770833333333336e-05,6.770833333333337e-05,6.250000000000003e-05,6.597222222222224e-05,7.118055555555559e-05,7.465277777777781e-05,6.944444444444449e-05,7.118055555555559e-05
