HitRate: 347428/3000000 0.115809
CumReqs: 3000000
CumProbs: 0.08415527343732222
