HitRate: 2423817/3000000 0.807939
CumReqs: 93937,94493,94313,93365,92479,94673,93786,93413,93919,91900,95131,94088,93113,92119,94335,95238,95268,93267,93914,93120,93351,93433,93925,92545,92566,94136,94283,94376,92765,93890,94935,93924
CumProbs: 0.015570280274321049,0.015874404134229272,0.015907201805395836,0.015704452565457033,0.015434120245538606,0.015993005813801323,0.015699151931733147,0.01575679632348046,0.015732943471722945,0.015357261056542188,0.016097362040240426,0.01585651449541114,0.015603077945487619,0.015579556383337854,0.01591979081049009,0.015998969026740698,0.01605595083927253,0.015525224887667978,0.015788600125823796,0.015737250236623607,0.015760109219557884,0.015842269042278187,0.015976772623021912,0.01552522488766798,0.01541126126260433,0.01569981451094862,0.015864134156389237,0.015834649381300088,0.015436770562400545,0.01587904218873768,0.015938343028523712,0.015685237768207926
