HitRate: 2688363/3000000 0.896121
CumReqs: 94888,93363,97453,92180,93362,91005,92882,87100,94995,95344,99113,92914,99225,92612,91251,97574,97144,91900,90591,93000,95317,91731,89718,88317,92279,95169,102236,92419,87758,94490,94548,98122
CumProbs: 0.01614482103551226,0.017346248485834943,0.016726881105564178,0.014808030778200776,0.016995625800415134,0.016377579032895464,0.01622834979202,0.014703372217675278,0.016485208972110962,0.016183448958482248,0.01660175304739646,0.015784623907646914,0.016626514536479786,0.017339645422079383,0.015174500816633907,0.016970204004956264,0.017341956494393844,0.015512907834105943,0.014761479178724142,0.01576085287812692,0.01632970682066772,0.015585541535417016,0.014811662463266335,0.014929196998115154,0.016923652405479616,0.017790304523395813,0.017910150130559077,0.01692266194591629,0.015278499070783847,0.016486859738049853,0.015625159917950326,0.01684111410853522
