HitRate: 2700025/3000000 0.900008
CumReqs: 3000000
CumProbs: 0.9000000000004421
