HitRate: 2348690/3000000 0.782897
CumReqs: 3000000
CumProbs: 0.8048311173658022
