HitRate: 2162626/3000000 0.720875
CumReqs: 186067,171023,136344,148351,174022,277705,266463,243970,143585,163555,213144,202635,185990,139741,155586,191819
CumProbs: 0.13254034779954496,0.12109576706786981,0.0824887607367756,0.09866279284344631,0.12109410457793206,0.22467720264123106,0.21253404363770093,0.19366544783987694,0.09214982226320075,0.10839800142109636,0.15901516756069836,0.14813649840384344,0.13446684113944404,0.08608971394200633,0.09955621493600911,0.13712915252580435
