HitRate: 1756296/3000000 0.585432
CumReqs: 88121,94512,90135,92460,100648,96050,91375,87407,95904,90857,97709,94544,95936,91846,96570,90818,94628,98840,92527,98073,96253,93944,90454,90222,93026,93032,92235,94244,94592,94821,93446,94771
CumProbs: 0.002396037704012252,0.0025257320950606934,0.002679578757911523,0.0027255673302475736,0.002653772220917187,0.003118620739853562,0.0028443435710291828,0.0023976919692041986,0.0028770980218296815,0.0028145667975741835,0.002565765312705747,0.0027338386562072953,0.0029581570162349555,0.0032489768369787803,0.002774533579929127,0.0028416967467220695,0.00253234915582847,0.003122590976314225,0.002884376788674233,0.002804972059460905,0.002909190766553402,0.003117297327700007,0.002592895261853636,0.002430446420004696,0.003137479363041727,0.002429784713927918,0.002256748574850534,0.003565603194716937,0.0024268070365824172,0.003011755208453952,0.0029647740770027318,0.0024863605834924154
