HitRate: 2444346/3000000 0.814782
CumReqs: 374944,374385,374631,373469,376086,377399,374673,374413
CumProbs: 0.06313654590623896,0.063349186624603,0.06305766836001409,0.06355393958834465,0.06346980353903837,0.0638648485830471,0.06360915387070191,0.06373108541090765
