HitRate: 2707307/3000000 0.902436
CumReqs: 375360,373085,372552,377099,377934,373637,373000,377333
CumProbs: 0.11287263224215707,0.11218769481130794,0.11176888168579098,0.11340088898824202,0.1137541690035707,0.11233572645614905,0.11207359401539668,0.1135056754334666
