HitRate: 367602/30000000 0.012253
CumReqs: 30000000
CumProbs: 0.007815972222222236
