HitRate: 300174/3000000 0.100058
CumReqs: 187206,187539,187653,187811,188025,187721,187468,187683,187019,187155,187133,187383,187708,187881,187460,187155
CumProbs: 0.006250000000000026,0.006250000000000026,0.006250000000000026,0.006250000000000026,0.006250000000000026,0.006250000000000026,0.006250000000000026,0.006250000000000026,0.006250000000000026,0.006250000000000026,0.006250000000000026,0.006250000000000026,0.006250000000000026,0.006250000000000026,0.006250000000000026,0.006250000000000026
