HitRate: 1883389/3000000 0.627796
CumReqs: 186121,187837,187533,188335,186841,187425,187649,187934,187863,187687,186806,188214,187354,186772,187765,187864
CumProbs: 0.039486318529148884,0.03933850745496933,0.03908138724048371,0.0395642372702711,0.039311703574679634,0.03865942142621345,0.039105448236650624,0.039306353214637296,0.039010256269564586,0.0391796102681259,0.03940392350529838,0.03939487806370182,0.03909565370992819,0.03896993760896031,0.039256959600392216,0.03917293967809924
