HitRate: 28103312/30000000 0.936777
CumReqs: 234723,234039,234550,234298,233990,234840,234266,233828,234261,234335,234743,233880,234265,233467,234242,234724,234289,235422,235074,234235,234385,234595,234555,233786,233454,234079,234386,233482,234321,234527,234870,234256,234538,234534,234761,233893,235016,233853,235510,235411,233942,234185,234704,234561,235189,234565,233619,234581,234309,235068,234741,233664,234670,234386,234592,234259,235011,234700,234065,234730,234293,235423,234498,233669,235466,233965,233459,234861,234270,234409,233911,234443,234371,234369,233690,234721,234671,234375,234394,233810,234739,234474,233221,234409,233885,234394,235081,233063,234204,234944,233959,234838,234081,233766,234963,234673,234045,234512,234495,233667,234679,234180,234876,234710,234090,234607,233863,234533,233827,234684,233611,234485,233773,234768,233898,234194,234260,234746,234504,234421,234026,234785,233907,234475,234420,234391,234305,235277
CumProbs: 0.006749479166665987,0.006750520833332653,0.006739453124999322,0.006748046874999321,0.006744531249999321,0.00674726562499932,0.006737890624999321,0.006744270833332654,0.006751302083332653,0.006744270833332654,0.006746614583332654,0.0067441406249993206,0.006739453124999321,0.006746093749999321,0.006749739583332654,0.006745572916665987,0.006735546874999322,0.006743619791665987,0.006742968749999321,0.006742708333332654,0.006747526041665988,0.006738932291665988,0.00675312499999932,0.006741015624999321,0.006746093749999321,0.006736458333332656,0.006746354166665987,0.006750260416665988,0.0067391927083326544,0.006748046874999321,0.006744401041665989,0.006744531249999321,0.006742187499999321,0.006741015624999321,0.006745833333332655,0.006744140624999322,0.006748567708332654,0.006744401041665987,0.006745572916665987,0.006742838541665989,0.006746354166665988,0.006747005208332654,0.006740104166665989,0.006751302083332653,0.0067462239583326545,0.006747916666665988,0.006750520833332654,0.006737890624999321,0.006739843749999322,0.006747526041665989,0.006747916666665987,0.006743229166665988,0.00674960937499932,0.006743098958332655,0.006749609374999321,0.006741796874999322,0.006749869791665987,0.006745833333332655,0.006742057291665988,0.006743880208332655,0.006743489583332655,0.006741536458332654,0.006739583333332654,0.006743098958332655,0.006743619791665987,0.006746354166665987,0.006746354166665987,0.006736458333332656,0.006744010416665988,0.006744401041665988,0.006741796874999322,0.006738932291665988,0.00674726562499932,0.006751302083332653,0.006739322916665988,0.0067441406249993206,0.006740364583332655,0.006747265624999321,0.0067449218749993205,0.006745833333332654,0.006738932291665988,0.0067391927083326544,0.0067477864583326535,0.006740234374999321,0.006742317708332655,0.006741406249999321,0.006741927083332656,0.00674882812499932,0.006744791666665987,0.006742447916665988,0.006741796874999321,0.006742317708332654,0.006747786458332654,0.006749218749999321,0.0067416666666659875,0.006740494791665988,0.006742838541665987,0.006747526041665988,0.0067481770833326534,0.006737369791665988,0.006750130208332654,0.006740624999999322,0.006748046874999321,0.006736328124999322,0.006746744791665988,0.006744791666665988,0.0067437499999993215,0.006748958333332654,0.006742447916665988,0.006745703124999321,0.006740494791665988,0.006744010416665987,0.006749739583332654,0.006745182291665988,0.006746744791665987,0.006744270833332654,0.006744010416665987,0.006745572916665987,0.006747005208332654,0.006744401041665988,0.006752083333332654,0.006747916666665987,0.006751171874999319,0.006738671874999322,0.006745182291665988,0.006754036458332653,0.0067404947916659885,0.006747526041665988
