HitRate: 16179949/30000000 0.539332
CumReqs: 30000000
CumProbs: 0.4607302951338676
