HitRate: 2558902/3000000 0.852967
CumReqs: 47138,48441,47670,47605,47676,48650,47140,46355,46259,47540,48438,47838,46116,44436,45046,46575,47394,49170,47106,48538,49004,49551,49819,48703,48572,47472,47165,46762,46054,45884,45936,46599,46619,47966,48048,47061,44885,45509,45906,47494,47502,47537,46169,46005,46716,45708,45157,45294,46333,46146,46656,47667,47267,47798,47188,46955,45776,45820,47674,44662,44937,43248,45741,45904
CumProbs: 0.03829936880148032,0.03920816709870053,0.03805194200242178,0.03842694299909532,0.038047661552370306,0.03843306991779651,0.038656912276374675,0.03832908016066184,0.03832177821645593,0.03903703302703172,0.03951073616607006,0.039590218248400595,0.038911305298066586,0.038660437352887704,0.03916695727565513,0.03900329300897818,0.03857692661168607,0.03875259292458587,0.03853806683964932,0.0394234485571761,0.039689340042731176,0.03941094292859397,0.039709063685125626,0.03959785591417847,0.039478758686273666,0.0386576676499134,0.03816591947634338,0.03819907198164461,0.038521868273768085,0.03906447826559773,0.03828384167874405,0.03881092454783783,0.038160967583146826,0.03836768814151879,0.03831078333495121,0.038347460916765046,0.03790137087707875,0.037909008542857114,0.03886581502496914,0.03930628172831403,0.039087223402146425,0.03960700432703367,0.039209258193812,0.03932684467464009,0.03866345884704195,0.0387284209713534,0.038817890770470785,0.03847159396826024,0.03906036567633185,0.03899607499516593,0.0394576082271953,0.03901613435913253,0.03896720293991569,0.038965272540872835,0.03813922961131631,0.038043213241532516,0.03814762265063304,0.03838909039177641,0.038668998252991145,0.03806906380262803,0.03841796244702653,0.03805823678190911,0.0382248386123471,0.03861175772485074
