HitRate: 10059/3000000 0.003353
CumReqs: 374371,374428,374766,375575,375796,373942,375527,375595
CumProbs: 0.0013681444158359713,0.0013701426793449824,0.0013554887469455707,0.001393788797534942,0.0013684774597541396,0.0013368382875281377,0.0013764705137901826,0.001377469645544688
