HitRate: 332455/3000000 0.110818
CumReqs: 93140,93896,93614,93939,92962,93861,94132,93334,94055,93812,93451,94002,93946,94246,93005,94084,93930,93575,94165,93388,93606,93540,93745,93686,93665,94235,94093,93993,93610,93594,93511,94185
CumProbs: 0.002777777777777778,0.0028472222222222223,0.0025694444444444445,0.0028472222222222223,0.0031944444444444446,0.0029861111111111113,0.0028472222222222223,0.0025694444444444445,0.002916666666666667,0.0025694444444444445,0.002916666666666667,0.002777777777777778,0.0028472222222222223,0.0030555555555555557,0.0029861111111111113,0.0028472222222222223,0.002916666666666667,0.0027083333333333334,0.0025,0.0027083333333333334,0.002777777777777778,0.0028472222222222223,0.002361111111111111,0.0028472222222222223,0.0027083333333333334,0.0028472222222222223,0.0028472222222222223,0.0031944444444444446,0.002777777777777778,0.0028472222222222223,0.002638888888888889,0.002777777777777778
