HitRate: 302892/3000000 0.100964
CumReqs: 3000000
CumProbs: 0.10876276034273097
