HitRate: 1744111/3000000 0.581370
CumReqs: 23369,23329,23727,23422,23530,23536,23474,23069,23520,23619,23717,23409,23287,23457,23412,23477,23417,23152,23443,23182,23438,23616,23016,23309,23366,23457,23438,23456,23458,23459,23431,23464,23498,23516,23494,23274,23324,23413,23536,23721,23582,23386,23361,23543,23710,23278,23438,23439,23626,23451,23596,23352,23424,23541,23305,23269,23516,23211,23321,23625,23428,23568,23525,23530,23647,23693,23223,23569,23560,23525,23139,23584,23189,23449,23310,23431,23325,23316,23522,23169,23394,23415,23390,23471,23498,23632,23104,23499,23666,23419,23432,23635,23379,23370,23409,23641,23477,23188,23375,23629,23216,23624,23291,23336,23343,23390,23464,23468,23389,23298,23281,23581,23476,23437,23558,23475,23661,23580,23258,23387,23337,23394,23170,23783,23467,23576,23414,23415
CumProbs: 0.0032647569444445084,0.003244791666666733,0.0033029513888889507,0.0032404513888889446,0.0032282986111111705,0.00330902777777784,0.0032178819444445075,0.003272569444444512,0.0033090277777778417,0.0032968750000000636,0.0032864583333333986,0.003243055555555617,0.003346354166666733,0.003245659722222286,0.003241319444444511,0.003296875000000065,0.0032578125000000614,0.0032890625000000667,0.0032769097222222912,0.0032335069444445067,0.003267361111111178,0.0032690972222222886,0.0032847222222222878,0.003261284722222284,0.003250868055555616,0.003223958333333404,0.003234375000000068,0.003277777777777843,0.0032309027777778433,0.0032968750000000645,0.0032335069444445062,0.0033098958333333955,0.0033012152777778395,0.003269965277777848,0.003256076388888953,0.0032456597222222886,0.003277777777777843,0.0032508680555556205,0.003305555555555621,0.0032881944444445132,0.0032951388888889537,0.0032526041666667304,0.003294270833333399,0.003273437500000061,0.003304687500000067,0.00326996527777784,0.003361111111111178,0.0032734375000000628,0.003261284722222285,0.0032673611111111735,0.0032230902777778416,0.0032586805555556227,0.0032144097222222843,0.0032881944444445063,0.003265625000000062,0.0032413194444445136,0.00328559027777784,0.003260416666666725,0.003315104166666732,0.003321180555555619,0.0032743055555556244,0.003300347222222286,0.003304687500000071,0.0032838541666667287,0.003309027777777843,0.0032552083333333964,0.0032951388888889602,0.0032552083333333964,0.003280381944444513,0.003214409722222285,0.0032421875000000653,0.003263020833333395,0.003288194444444512,0.0032560763888889546,0.0033098958333333942,0.0033315972222222852,0.0032664930555556227,0.0033046875000000628,0.00326041666666673,0.003302083333333402,0.003245659722222285,0.0032491319444445054,0.0032890625000000636,0.003275173611111174,0.0033437500000000598,0.0032664930555556166,0.0032526041666667282,0.0032343750000000636,0.0032968750000000667,0.003291666666666729,0.0032447916666667378,0.003246527777777833,0.003294270833333397,0.003263020833333399,0.0032274305555556188,0.0032934027777778456,0.0033098958333333973,0.0032621527777778403,0.0032395833333334,0.0032604166666667317,0.003265625000000064,0.003228298611111177,0.0032560763888889502,0.0032595486111111735,0.0032934027777778365,0.0032803819444445115,0.003230034722222283,0.0032196180555556157,0.0032647569444445067,0.0032864583333333942,0.003264756944444513,0.003315972222222283,0.003286458333333398,0.0032890625000000623,0.003232638888888952,0.0032899305555556227,0.0033125000000000693,0.0032821180555556214,0.003197048611111176,0.003265625000000064,0.0032170138888889532,0.00324652777777784,0.0032630208333334016,0.0033029513888889555,0.003269097222222285,0.0032256944444445097,0.0033428819444445055,0.003260416666666731
