HitRate: 2108494/3000000 0.702831
CumReqs: 3000000
CumProbs: 0.1252627534599961
