HitRate: 2905849/3000000 0.968616
CumReqs: 94776,92120,95571,92931,94316,94079,94013,94580,94646,94818,93361,94202,94194,93407,92601,93258,92978,93916,93393,93551,93119,94494,93287,93571,94500,92272,92622,93486,94111,93502,94232,94093
CumProbs: 0.028792849145448763,0.02835442223971546,0.029247352612672604,0.028332351028177608,0.028562327602720126,0.02885497551866641,0.02881873513428945,0.028771595386190098,0.028959064442215274,0.02906914801581146,0.02875769869744404,0.028888491062112776,0.0288339942435008,0.028583853846071854,0.02844134466540155,0.02855115575490467,0.028455513838240663,0.028847073479967678,0.028607014993981942,0.028520092568295848,0.028849525836805213,0.02896424163998341,0.02870728914022797,0.028772685322562334,0.028888218578019712,0.028268317266308542,0.02857104709369804,0.028659604423942494,0.02871028646525163,0.02866723397854817,0.028801296152333622,0.02866396416943145
