HitRate: 2286079/3000000 0.762026
CumReqs: 335745,340797,352237,355699,362788,411668,414775,426291
CumProbs: 0.24800053707336409,0.25221518081305305,0.26206514581443,0.26642656328004327,0.2728645327873074,0.32201694742900777,0.324797750083834,0.3382005607019593
