HitRate: 2957349/3000000 0.985783
CumReqs: 3000000
CumProbs: 0.9865738875053981
