HitRate: 301035/3000000 0.100345
CumReqs: 3000000
CumProbs: 0.10000000000000062
