HitRate: 2901210/3000000 0.967070
CumReqs: 375003,374562,374823,373538,375846,377443,374097,374688
CumProbs: 0.11268784842725801,0.11309079905140469,0.11313859602253219,0.11271032249977525,0.1132724908489374,0.11378591261827387,0.1131661346747716,0.11317879612407733
