HitRate: 1883767/3000000 0.627922
CumReqs: 23614,23240,23449,23403,23296,23450,23382,23136,23231,23663,23298,23532,23528,23579,23259,23486,23594,23515,23403,23425,23211,23738,23304,23548,23372,23514,23642,23427,23230,23319,23613,23566,23369,23480,23538,23664,23349,23179,23613,23281,23571,23452,23295,23502,23495,23269,23332,23673,23263,23145,23566,23416,23429,23487,23561,23534,23323,23411,23310,23681,23365,23279,23531,23545,23343,23258,23477,23603,23311,23418,23321,23456,23543,23192,23313,23246,23223,23141,23600,23222,23289,23614,23488,23653,23339,23503,23477,23537,23331,23649,23220,23391,23333,23752,23584,23374,23506,23458,23655,23518,23480,23385,23798,23648,23377,23527,23488,23674,23222,23488,23279,23533,23338,23317,23433,23182,23677,23451,23323,23671,23319,23465,23471,23428,23340,23414,23585,23474
CumProbs: 0.004855147738037757,0.0049132734639427585,0.004931613557748201,0.004833410291216893,0.004888138406404486,0.0049267702253611035,0.004920126939588244,0.004944992196716988,0.004890011696348387,0.004897255726125822,0.004892712440222733,0.004919168342476614,0.004882187470908398,0.004883202491190347,0.004879205736933272,0.004865044592684592,0.004946236368311983,0.004898573220715692,0.004861502451846338,0.0048893198343490365,0.004927220634168661,0.004870738992641461,0.004896664313645541,0.004927286673691786,0.0049151556513865775,0.004888624405211783,0.004901621997895333,0.00492408735786617,0.00487665500273765,0.0049331670395352046,0.00490409500103591,0.004887780593987237,0.004942419679922441,0.004917625521413603,0.004896863327390227,0.004930323542327335,0.004920566592728976,0.004961615602002653,0.004952476133474319,0.004932427461979838,0.004922612448056467,0.004897957462179968,0.004880443262529844,0.004891704608469691,0.00490519263514726,0.004896382224920544,0.004905561067598733,0.004908739102666131,0.004853033116971454,0.004886353915137508,0.004879432406169361,0.004922088933266227,0.004903484450792819,0.004915978412428352,0.004900476404089228,0.004921615304153964,0.004909448651159221,0.004835022949516402,0.004855057447402013,0.004910885149810694,0.0048812635008048805,0.004912508685846418,0.004945889976161405,0.004948416744072899,0.004922118040026676,0.0049371195911211314,0.004889757303804572,0.004922483746262466,0.004868866747068755,0.004904948944017243,0.004852599079021241,0.004893201151682448,0.004892343926391677,0.0049615359720909,0.004998109064184307,0.004872247702100297,0.004896721442105476,0.004870641581293103,0.004865912397319776,0.004925056534322253,0.004856873215551368,0.004886814482828384,0.004912212952479755,0.0049215951220199705,0.004910612921577234,0.004803587146389436,0.004888717639075404,0.004957434523013747,0.004837193993753016,0.0048391342726483875,0.004864726208670241,0.004934765890433926,0.004832306879155901,0.004927103881608575,0.004893218716106858,0.0049014328717687265,0.004920853103077419,0.004894695524773259,0.004903309159193538,0.004879071297879422,0.004862202533182494,0.004960632916537544,0.004938949492189579,0.004930870223169228,0.0049243864820483745,0.00484269118387906,0.004873340656886227,0.004911982797485304,0.004898949845377474,0.004905501117980291,0.00485464585665055,0.00489610824702628,0.004908797994350149,0.0049376625420659475,0.004870945574686389,0.0049053993935145885,0.004928926729780752,0.004904315010710301,0.004894418061120632,0.004861791444271734,0.004912659265182162,0.004873896791321817,0.004907291766968235,0.004923177588498081,0.004921333378188109,0.004878014339991077,0.0048770369848879615,0.004954178621258684
