HitRate: 2851883/3000000 0.950628
CumReqs: 46989,46865,46754,47124,46756,46972,46901,47017,47137,46292,47160,46779,46762,46809,47220,46668,46812,47048,46749,46798,46931,46911,46691,46810,47075,46738,47132,46490,46785,46705,46949,46796,46877,46794,46854,46968,46590,47041,46914,46974,46753,46701,46839,47035,46709,46655,46741,47198,46815,47346,47077,46808,46868,46778,46550,46760,47039,46974,47066,47127,47083,46641,47032,46768
CumProbs: 0.013246527777777664,0.013300347222222118,0.013255208333333204,0.013276041666666552,0.01330729166666652,0.013246527777777671,0.013293402777777661,0.013270833333333218,0.013272569444444337,0.013243055555555433,0.013322916666666528,0.013267361111110982,0.013248263888888747,0.013284722222222088,0.013265624999999889,0.013270833333333235,0.01325694444444433,0.013282986111111006,0.013272569444444325,0.013284722222222108,0.013289930555555397,0.013291666666666582,0.013293402777777654,0.01326388888888878,0.013260416666666549,0.013236111111110978,0.01325694444444434,0.013277777777777663,0.013255208333333227,0.013253472222222102,0.013262152777777664,0.013277777777777663,0.013272569444444333,0.013237847222222116,0.013276041666666542,0.013269097222222113,0.013276041666666563,0.013286458333333213,0.013249999999999878,0.01331249999999985,0.013284722222222118,0.01332465277777764,0.013277777777777668,0.013236111111110994,0.013305555555555472,0.01328819444444434,0.013265624999999873,0.013253472222222104,0.01328124999999988,0.013223958333333214,0.013263888888888764,0.013237847222222092,0.013267361111110999,0.013281249999999882,0.013253472222222113,0.013248263888888792,0.013255208333333232,0.013253472222222108,0.013227430555555442,0.013241319444444323,0.013281249999999887,0.013289930555555435,0.01331249999999989,0.013241319444444344
