HitRate: 2970993/3000000 0.990331
CumReqs: 70306,90812,83583,97380,96382,59383,82946,84559,116297,83352,93380,74330,79533,92707,72199,109219,131200,108064,92467,136842,80421,92516,99387,113856,131511,87467,111491,74206,71804,110307,85935,86158
CumProbs: 0.028536974584211634,0.03195642777715692,0.027744160008300902,0.03279643200815025,0.033233290949333964,0.026466871278112633,0.03083773033268445,0.026513067964500425,0.03459663696634581,0.028772828291174096,0.028057276136510042,0.028669654115433537,0.0278619450091117,0.03240307455261227,0.032481329942552005,0.026854223637261757,0.033984873682327166,0.03220221117106065,0.03632170729335312,0.0404282002541758,0.036065710507167455,0.0294305045562391,0.028581138048987372,0.031524013552984384,0.029660400451036514,0.02806243011687427,0.035507331111513545,0.033283364942051266,0.030502106914075757,0.028912222182137605,0.028677739717657507,0.032604552629068854
