HitRate: 733932/3000000 0.244644
CumReqs: 187556,187491,187728,188673,188414,187374,187774,187360,187004,186570,186164,188136,186854,187535,187766,187601
CumProbs: 0.00104653088479913,0.0010445355923590941,0.0010595002856593685,0.0009780258443578785,0.0010990735857200917,0.001067481455419515,0.0010744649789596412,0.0009391176417771667,0.0009830140754579697,0.0010445355923590946,0.0010631583217994348,0.0010076226822184203,0.0010089528771784438,0.0010032995485983404,0.0010791206613197269,0.0010518516646392272
