HitRate: 1313250/3000000 0.437750
CumReqs: 24118,23464,22015,22867,22651,23205,23438,22882,21993,22909,23751,24729,24395,23710,23570,24363,24130,23744,23822,24904,25372,24461,24215,23354,23586,23965,24439,24814,23881,22258,21514,21961,22631,23522,22622,23172,22807,24105,24967,24672,24466,24327,23482,24188,24081,24182,24207,23460,22872,22831,22844,22451,21398,22152,21894,23279,22067,23268,22797,23481,22839,23835,23924,23265,22163,21486,23411,24035,25822,25218,25126,22972,21808,22418,22945,22925,22125,23419,23424,23756,23830,24044,22850,23322,24396,24972,24549,23401,22978,23206,24260,25073,26421,24571,24528,23109,22930,23582,23096,24065,22874,23134,23873,22911,23780,21756,22350,21797,21811,21770,22309,23183,23645,23823,24711,23953,23882,22670,22323,21664,22290,22596,23635,23736,24026,23443,23892,25359
CumProbs: 0.00034822076797963843,0.0005136920871150009,0.0005419351837545708,0.000420656004067006,0.0004954171422305734,0.0006313162778256801,0.00033127490999589645,0.000568849193493455,0.0005519033355097132,0.00033725580104898193,0.0006798279497007062,0.00032695537756866815,0.000619686767444681,0.00021198936065936004,0.0005847982363016827,0.0004648481435148037,0.0004027133309077497,0.0005492451617083419,0.00035220802868169543,0.000585795051477197,0.0006934510904327339,0.0005884532252785683,0.0003296135513700394,0.0005529001506852277,0.0003545339307578953,0.0005804787038744545,0.0006555721137631933,0.0006947801773334195,0.0006004150073847392,0.00037978658187092244,0.0006904606449061913,0.00043461141652420505,0.0005688491934934552,0.00040869422196083526,0.00031798404098903996,0.00030668680233321205,0.00035121121350618125,0.0005605424003641698,0.000416668743364949,0.00045787043728620386,0.000651252581335965,0.0008462960840115832,0.00048777489255163087,0.00036383753906269465,0.000316322682363183,0.00021929933861313105,0.00037878976669540826,0.0005166825326415435,0.0004050392329839498,0.0005532324224103988,0.00038909019017572193,0.00042796598202077697,0.00040703286333497804,0.0002844245967467275,0.000323632660316954,0.0004226496344180345,0.0003914160922519219,0.0004488991007065759,0.00043594050342489097,0.000546919259632142,0.0004545477200344898,0.0004784712842468315,0.0002877473139984417,0.0003439012355524101,0.00047481629526994584,0.0004954171422305733,0.00033160718172106787,0.00037347341909266566,0.0005110339133136297,0.0005150211740156864,0.0005681846500431123,0.0006569012006638787,0.0005020625767340017,0.00038676428809952205,0.00045056045933243284,0.0004309564275473198,0.0007422950340329314,0.0007638926961690729,0.0002983800092039268,0.0003425721486517245,0.0005412706403042279,0.00040836195023566374,0.0005316347602742572,0.0004419213944779763,0.00047016449111754623,0.00043560823169971945,0.0004937557836047163,0.0008386538343326405,0.0004751485669951173,0.00041268148266289205,0.0007220264587974753,0.0005462547161817992,0.00037679613634437973,0.0004994044029326304,0.0004974107725816018,0.00035519847420823814,0.00042431099304389143,0.0005200052498932577,0.0003578566480096092,0.0004160041999146062,0.0004003874288315499,0.0005864595949275397,0.0004987398594822874,0.0004173332868152918,0.0005718396390199976,0.0007054128725389049,0.0006279935605739662,0.00023325475107033032,0.0004864458056509452,0.00036117936526132346,0.0006947801773334197,0.0003488853114299811,0.00043793413377591934,0.00031964539961489713,0.0007349850560791605,0.0004891039794523165,0.0003844383860233222,0.0005811432473247973,0.0006356358102529086,0.0004964139574060875,0.0006233417564215662,0.0006605561896407643,0.0004798003711475171,0.00040802967851049233,0.0005711750955696549,0.0006612207330911073,0.0006412844295808226,0.00024023245729892998
