HitRate: 1681798/3000000 0.560599
CumReqs: 39363,50068,42116,50981,41152,36061,28706,29216,32265,43350,49942,52532,38743,36451,56758,69671,78663,58475,51986,53388,56194,57762,47844,51717,49661,57659,50589,50526,38558,48860,42900,55626,40196,41390,31366,36815,46989,49650,67147,68637,64350,43938,37235,40552,51633,56714,54992,40821,33547,34795,56860,53285,56003,35174,41364,36761,32455,27776,32080,51292,54924,54696,35010,43770
CumProbs: 0.004303878515682717,0.004848310994740704,0.005336503199372771,0.005328516414838913,0.00832988348612496,0.0032562786109916796,0.008091943863553771,0.009059343140217316,0.012301312095585834,0.00648127564922575,0.010265680387518787,0.014955586822337968,0.013832778029953105,0.00981043366908888,0.010474667916154737,0.008910589278274214,0.007910244515408506,0.005609385004279583,0.003400040732601123,0.010661359004633669,0.01057749776702816,0.01955231410426215,0.012393492900414114,0.01564444698838322,0.012939922075605563,0.014573885078157345,0.014484699317529263,0.010558196371071334,0.005897242030187383,0.012227101555958741,0.007549840863318163,0.0100184228496581,0.00622869358834249,0.005534176116585756,0.006802743726713531,0.006059307199686919,0.011137903815153859,0.011254044973583708,0.009818420453622738,0.015918992706734587,0.011683334642278576,0.010293966916076197,0.00490521683454444,0.00580273174653673,0.01695461243462484,0.01648771832208306,0.01844614444632282,0.011527259561179434,0.012417453254015692,0.013504321515998195,0.02511045057444948,0.019209547934684084,0.02195567068357558,0.009861349420492226,0.012176185804555399,0.007129536327223887,0.002968754367772792,0.00548725375744934,0.008544861103161301,0.015416490846479359,0.01415923784777455,0.01338219026916795,0.009727903562239017,0.002775740408204557
