HitRate: 504717/3000000 0.168239
CumReqs: 23645,23582,23426,23527,23739,23697,23558,23505,23299,23343,23297,23326,23265,23613,23561,23350,23405,23606,23614,23367,23466,23529,23593,23532,23297,23300,23379,23468,23325,23482,23476,23329,23216,23663,23334,23271,23399,23475,23612,23394,23334,23477,23614,23611,23480,23543,23679,23713,23714,23594,23379,23377,23089,23135,23328,23309,23358,23598,23441,23288,23300,23788,23407,23265,23313,23416,23610,23309,23679,23241,23275,23381,23541,23476,23209,23400,23315,23685,23246,23400,23492,23280,23201,23466,23608,23295,23562,23749,23451,23287,23407,23323,23531,23740,23512,23164,23471,23564,23257,23362,23545,23390,23451,23708,23332,23534,23606,23465,23417,23498,23306,23068,23097,23118,23404,23295,23485,23760,23509,23443,23271,23188,23618,23576,23203,23384,23542,23483
CumProbs: 0.004372386494769895,0.0043826233698551955,0.004338263577818871,0.004382313161519276,0.004385725453214383,0.004409611495080098,0.004393480661612341,0.004395962328299691,0.0042814954523457995,0.004314687744289068,0.004281185244009879,0.004368043578067034,0.004332059411100504,0.0043236837860306946,0.004373006911441728,0.00436556191137968,0.004384484619870709,0.004317169410976409,0.004383864203198879,0.004235274410293958,0.0043962725366355985,0.004393790869948259,0.004354084202950704,0.004315618369296816,0.004227829410231914,0.004322442952687031,0.004329267536077232,0.0043699048280825435,0.0043568760779739675,0.004361529203012742,0.004373937536449483,0.004324614411038458,0.004398133786651114,0.0043494310779119295,0.004334851286123755,0.0043574964946458085,0.0043336104527800946,0.004375488578129078,0.004286458785720492,0.00431934086932784,0.004343537119529478,0.004337643161147029,0.00434974128624785,0.004391929619932748,0.004328026702733561,0.004404337953369491,0.004363700661364175,0.004350671911255608,0.004420468786837246,0.004330508369420898,0.0043658721197156,0.004307242744227034,0.004351602536263359,0.0042920425357670265,0.0042948344107902915,0.004347880036232328,0.0043574964946458085,0.00425140524376171,0.004347259619560503,0.004351912744599279,0.004365872119715607,0.004374247744785407,0.0043153081609609055,0.004325234827710292,0.004344467744537231,0.004341055452842126,0.004364010869700089,0.004423260661860504,0.004357496494645796,0.004371145661426211,0.00436183941134867,0.00430103857750866,0.00435501482795846,0.00437362732811356,0.004346018786216831,0.0043364023278033535,0.004341365661178048,0.004338883994490699,0.004388207119901726,0.00432895732774131,0.004299797744164992,0.0043401248278343765,0.004375798786464994,0.004350671911255602,0.0043283369110694815,0.004388517328237649,0.0044269831618915225,0.004313136702609474,0.004340124827834376,0.004329267536077227,0.004338573786154781,0.004348190244568256,0.00442574232854786,0.004300418160836821,0.004386966286558064,0.004304761077539685,0.004387276494893973,0.004336402327803358,0.004298246702485391,0.004309103994242534,0.004337643161147026,0.004337643161147028,0.004393170453276431,0.004368353786402961,0.004309724410914379,0.004405888995049067,0.004400305245002547,0.004403407328361734,0.004299177327493144,0.004318720452656001,0.004311585660929883,0.004259160452159671,0.004293593577446619,0.004334230869451933,0.004319651077663752,0.00428118524400988,0.004311585660929874,0.004387276494893969,0.004335781911131519,0.0044514896204290895,0.004322442952687031,0.004337643161147031,0.004331749202764575,0.00438541524487846,0.004365872119715598,0.004315618369296815,0.004387586703229885,0.004288009827400075
