HitRate: 29747069/30000000 0.991569
CumReqs: 30000000
CumProbs: 0.9986905799104803
