HitRate: 2352938/3000000 0.784313
CumReqs: 41520,48366,46119,45382,49578,45083,47583,44937,44581,50398,47435,42569,46467,47475,47667,44804,43518,44595,46045,49905,43574,44170,49592,43354,48875,43754,43536,50940,49049,44887,46198,48820,46061,46865,50769,44862,46349,48876,47182,48023,48725,50564,48853,48240,49392,46607,50185,47155,48244,49028,49244,48160,45598,46910,45962,43541,47838,47634,46669,45181,47156,47495,46373,45483
CumProbs: 0.005967753427861878,0.007807687498907528,0.00702847824304162,0.00677169948550125,0.007295205496947416,0.006706362063425552,0.007510576999345125,0.006646133328672648,0.006422964356150676,0.007261057955368742,0.007269393182053269,0.006722763638514529,0.007176899053682761,0.007239816571237154,0.006830852707133607,0.006467867028935194,0.006973358195611514,0.00690344984277329,0.006930337670787946,0.007242505354038604,0.00662919399702339,0.006825744019810817,0.00742238492345693,0.006675441061208649,0.007252184972123905,0.006645595572112352,0.006523793711205811,0.006850211943304181,0.00787490706894428,0.006570847410231502,0.006458456289130058,0.007615977285162748,0.006059440921391982,0.006344989654908045,0.007283105974340795,0.006482655334343303,0.006421351086469782,0.007294398862106965,0.00761382625892156,0.00703331805208426,0.00689296358984754,0.0073277397688452,0.006891350320166651,0.007283912609181242,0.007085211560152612,0.0074422819161877995,0.007394959338881938,0.006725183543035877,0.006923884592064433,0.0071260810587349815,0.006905331990734307,0.006844565499421116,0.006903718721053416,0.006709050846227021,0.006696144688779989,0.006343645263507316,0.007155926547831289,0.006905331990734303,0.006899416668571079,0.006922271322383575,0.0073831286945554705,0.0068948457378086025,0.006913667217418857,0.007055903827616628
