HitRate: 18830502/30000000 0.627683
CumReqs: 30000000
CumProbs: 0.6274149032695542
