HitRate: 2667385/3000000 0.889128
CumReqs: 186695,189445,183236,191128,184786,183333,195870,195028,186333,182394,185633,189480,187458,187101,186730,185350
CumProbs: 0.03081892096112053,0.03204443027090957,0.032094539099985706,0.03332038025632491,0.030839163600681084,0.03106349186859806,0.03340466928006887,0.032907563147909644,0.030929094015777963,0.032006599764189854,0.031733158206847266,0.031668779976113684,0.03214929378076423,0.03205704043981614,0.032604919094151835,0.03210980404129367
