HitRate: 1146186/3000000 0.382062
CumReqs: 3000000
CumProbs: 0.010651482699588596
