HitRate: 1718300/3000000 0.572767
CumReqs: 335219,341033,352456,355163,362791,411358,414941,427039
CumProbs: 0.17352900264292676,0.1806191809522924,0.19065511437263596,0.19112499758735596,0.20407740161237836,0.25938219009504826,0.2575176322677989,0.2619565644215875
