HitRate: 101161/3000000 0.033720
CumReqs: 93137,93114,93751,93955,93886,93419,93771,93990,93479,93658,93861,93935,94004,93849,93562,94305,93926,93714,93775,94151,93471,93788,94242,93785,93242,93592,94022,93540,93636,93618,94168,93654
CumProbs: 0.004066065667121738,0.004097665543043861,0.0041418408797921314,0.004168604040011878,0.004104114497313683,0.004125396046404092,0.004064130980840797,0.004134424582381841,0.004075094203099488,0.004063163637700337,0.004040914745469441,0.00409315127505498,0.004111530794723972,0.004094763513622456,0.004108306317589074,0.004099277781611315,0.004137649059516744,0.004170216278579341,0.004096053304476409,0.004102502258746219,0.004138938850370716,0.0041137879287184076,0.004060261608278898,0.004081220709655814,0.004115400167285871,0.00408057581422883,0.004103147154173204,0.004035755582053583,0.004084767634504225,0.004053812654009082,0.004103469601886707,0.004111530794723973
