HitRate: 2699657/3000000 0.899886
CumReqs: 23493,23551,23510,23238,23422,23284,23652,23451,23480,23591,23366,23347,23343,23378,23118,23348,23183,23200,23263,23412,23633,23561,23471,23374,23135,23311,23568,23371,23363,23425,23617,23472,23165,23524,23468,23522,23287,23119,23390,23454,23595,23625,23414,23028,23555,23533,23231,23563,23396,23505,23419,23419,23525,22987,23455,23755,23347,23406,23482,23381,23173,23326,23724,23346,23460,23180,23419,23140,23745,23693,23728,23389,23586,23431,23418,23485,23496,23321,23504,23369,23544,23722,23463,23398,22884,23389,23504,23463,23076,23713,23245,23479,23268,23538,23543,23392,23418,23590,23334,23423,23407,23775,23632,23712,23603,23455,23502,23550,23232,23453,23326,23413,23555,23640,23385,23544,23459,23306,23541,23566,23530,23515,23768,23245,23588,23502,23616,23380
CumProbs: 0.007031249999999978,0.007031249999999978,0.007031249999999978,0.007031249999999978,0.007031249999999978,0.007031249999999978,0.007031249999999978,0.007031249999999978,0.007031249999999978,0.007031249999999978,0.007031249999999978,0.007031249999999978,0.007031249999999978,0.007031249999999978,0.007031249999999978,0.007031249999999978,0.007031249999999978,0.007031249999999978,0.007031249999999978,0.007031249999999978,0.007031249999999978,0.007031249999999978,0.007031249999999978,0.007031249999999978,0.007031249999999978,0.007031249999999978,0.007031249999999978,0.007031249999999978,0.007031249999999978,0.007031249999999978,0.007031249999999978,0.007031249999999978,0.007031249999999978,0.007031249999999978,0.007031249999999978,0.007031249999999978,0.007031249999999978,0.007031249999999978,0.007031249999999978,0.007031249999999978,0.007031249999999978,0.007031249999999978,0.007031249999999978,0.007031249999999978,0.007031249999999978,0.007031249999999978,0.007031249999999978,0.007031249999999978,0.007031249999999978,0.007031249999999978,0.007031249999999978,0.007031249999999978,0.007031249999999978,0.007031249999999978,0.007031249999999978,0.007031249999999978,0.007031249999999978,0.007031249999999978,0.007031249999999978,0.007031249999999978,0.007031249999999978,0.007031249999999978,0.007031249999999978,0.007031249999999978,0.007031249999999978,0.007031249999999978,0.007031249999999978,0.007031249999999978,0.007031249999999978,0.007031249999999978,0.007031249999999978,0.007031249999999978,0.007031249999999978,0.007031249999999978,0.007031249999999978,0.007031249999999978,0.007031249999999978,0.007031249999999978,0.007031249999999978,0.007031249999999978,0.007031249999999978,0.007031249999999978,0.007031249999999978,0.007031249999999978,0.007031249999999978,0.007031249999999978,0.007031249999999978,0.007031249999999978,0.007031249999999978,0.007031249999999978,0.007031249999999978,0.007031249999999978,0.007031249999999978,0.007031249999999978,0.007031249999999978,0.007031249999999978,0.007031249999999978,0.007031249999999978,0.007031249999999978,0.007031249999999978,0.007031249999999978,0.007031249999999978,0.007031249999999978,0.007031249999999978,0.007031249999999978,0.007031249999999978,0.007031249999999978,0.007031249999999978,0.007031249999999978,0.007031249999999978,0.007031249999999978,0.007031249999999978,0.007031249999999978,0.007031249999999978,0.007031249999999978,0.007031249999999978,0.007031249999999978,0.007031249999999978,0.007031249999999978,0.007031249999999978,0.007031249999999978,0.007031249999999978,0.007031249999999978,0.007031249999999978,0.007031249999999978,0.007031249999999978,0.007031249999999978,0.007031249999999978
