HitRate: 1617551/3000000 0.539184
CumReqs: 46962,46978,46754,46932,46858,46560,46765,46928,46658,46849,46879,46881,46833,46820,46716,46984,47056,46262,47100,47269,47127,46763,46927,46702,46681,46872,46714,46607,47038,47020,46672,46795,46881,46687,46745,46805,46529,47480,46890,47004,46571,46777,47188,46748,46746,47083,46968,46631,47081,46957,47158,47017,46455,47108,46960,46877,46502,47085,47419,47112,47146,46578,47176,46674
CumProbs: 0.0072222222222222115,0.00711805555555555,0.007430555555555548,0.007534722222222215,0.006909722222222215,0.007222222222222217,0.007256944444444439,0.007118055555555547,0.007326388888888881,0.007222222222222216,0.0074652777777777695,0.007395833333333324,0.007256944444444437,0.007187499999999997,0.007187499999999994,0.007083333333333332,0.007222222222222215,0.007256944444444442,0.007152777777777775,0.007222222222222215,0.007326388888888883,0.007083333333333331,0.0069791666666666596,0.007430555555555545,0.007569444444444437,0.00701388888888888,0.0075347222222222135,0.007291666666666654,0.007395833333333322,0.007256944444444434,0.007395833333333325,0.007013888888888884,0.007361111111111104,0.0070486111111111045,0.007430555555555553,0.007361111111111102,0.0073263888888888806,0.0070486111111111045,0.007118055555555549,0.007326388888888878,0.007187499999999995,0.007083333333333326,0.007256944444444436,0.00708333333333333,0.006979166666666663,0.007569444444444436,0.007569444444444435,0.007222222222222218,0.007222222222222215,0.007361111111111104,0.007395833333333327,0.007291666666666662,0.0070486111111111045,0.007256944444444442,0.007291666666666661,0.007152777777777771,0.007118055555555549,0.007222222222222217,0.007291666666666657,0.007361111111111103,0.007395833333333322,0.007118055555555549,0.007222222222222215,0.007013888888888886
