HitRate: 101071/3000000 0.033690
CumReqs: 374402,374910,375254,375500,375506,374396,375531,374501
CumProbs: 0.012631778073966907,0.012882894944557804,0.012529865922241694,0.012860247799729966,0.012712708312101632,0.012731691948207315,0.012710043942121893,0.012791307226504097
