HitRate: 16459595/30000000 0.548653
CumReqs: 2609457,4188550,3264791,2767400,7149580,3146966,2770534,4102722
CumProbs: 0.03120559216561442,0.08474543282623458,0.05066284538149188,0.03560658675113095,0.18164203393251374,0.049083589102351825,0.03640281373304408,0.08145707638023368
