HitRate: 2972306/3000000 0.990769
CumReqs: 3000000
CumProbs: 0.9976755648155616
