HitRate: 2939806/3000000 0.979935
CumReqs: 3000000
CumProbs: 0.9800391413407725
