HitRate: 39697/3000000 0.013232
CumReqs: 47051,47224,47132,46988,46760,46838,46559,46701,46821,46839,47326,46872,46471,46510,46801,47116,47053,46980,46654,46842,46733,47170,46870,46953,46980,46836,47401,46962,46925,47272,47075,46433,46709,47075,47002,46531,47117,46539,46763,46959,46896,47014,46992,46869,46603,46855,47281,46517,46660,46922,46358,47262,46687,47002,46775,47082,46666,47138,46603,46877,46964,46561,46678,46895
CumProbs: 0.00021804032140675968,0.00020553129377071731,0.00022756914387255837,0.0002013900824357025,0.00021187711475580918,0.00020696698097344359,0.00019885301270255478,0.0002047079016883467,0.00020674633554951258,0.00021195485876674916,0.00020516112811360364,0.00019201333007643902,0.00021475554200244945,0.00020252911628754238,0.0001905068431987116,0.00021171831732383315,0.00019670862346569734,0.0001938383883653598,0.00021798265086689275,0.00020761860924657763,0.00020682093290823035,0.0001980487175440158,0.00021660089077294147,0.0002142104116312521,0.00021073439172550183,0.00022702623785896654,0.00020504763162310357,0.00018928729845208112,0.0002115447089253627,0.0001957008809652008,0.00020016494966874625,0.0001933919435181681,0.00021809045083181805,0.0001989144809261382,0.00020658764662278566,0.00019766965445648047,0.00019006153765663484,0.00020729900703551836,0.00022174290027251401,0.00019414258283105475,0.00021172146397605547,0.00021681866080777284,0.00021837316125820227,0.00020498529535752777,0.00021675024824825055,0.0002104290579546919,0.00019990893153362684,0.0001891496595436687,0.0002121936245672706,0.00019001710475715137,0.00023831984394784202,0.00022361792522861964,0.00020209010404991014,0.00019396908293783339,0.00020441227913732622,0.00023350904672097628,0.0001986364362254628,0.0001985757275386227,0.00021833312282130505,0.00021096415159035256,0.0001899017636774175,0.00018032644671240347,0.0002040780829702705,0.0001854984036607122
