HitRate: 3639895/30000000 0.121330
CumReqs: 30000000
CumProbs: 0.07865082465218409
