HitRate: 2705722/3000000 0.901907
CumReqs: 375378,374936,374745,374640,376279,374363,374621,375038
CumProbs: 0.1146723303014182,0.11460190895168462,0.11477136909207865,0.11471357308392997,0.11496411597361911,0.11458647797863576,0.11458283065773305,0.11465241031802721
