HitRate: 331688/3000000 0.110563
CumReqs: 23578,23543,23619,23346,23393,23829,23571,23389,23399,23553,23353,23641,23471,23340,23596,23517,23639,23404,23510,23380,23395,23514,23356,23657,23573,23449,23331,23589,23357,23180,23458,23925,23569,23471,23463,23431,23417,23635,23042,23317,23523,23468,23308,23341,23599,23269,23161,23273,23454,23639,23477,23547,23316,23486,23629,23279,23518,23290,23527,23568,23309,23700,23476,23798,23556,23566,23510,23196,23269,23696,23561,23573,23346,23163,23481,23545,23436,23288,23534,23540,23472,23361,23259,23463,23415,23523,23292,23270,23259,23328,23447,23620,23551,23338,23167,23380,23093,23369,23387,23458,23355,23416,23528,23549,23565,23657,23550,23374,23538,23359,23223,23269,23257,23371,23500,23523,23338,23331,23419,23142,23155,23412,23298,23370,23633,23235,23574,23192
CumProbs: 0.0007100694444444416,0.0007083333333333305,0.0006805555555555528,0.0007083333333333305,0.0006631944444444417,0.000699652777777775,0.0007309027777777748,0.0007222222222222194,0.0007118055555555527,0.0007204861111111082,0.0007135416666666638,0.0007118055555555527,0.0007118055555555527,0.0007083333333333305,0.000685763888888886,0.0007118055555555525,0.0007187499999999972,0.0007204861111111083,0.0006874999999999971,0.0006944444444444415,0.0006996527777777748,0.0007135416666666639,0.0007152777777777748,0.0007135416666666637,0.0006996527777777751,0.0007256944444444416,0.0007100694444444416,0.0006927083333333306,0.0006805555555555528,0.0007065972222222194,0.0006961805555555526,0.0007083333333333305,0.0006788194444444417,0.000684027777777775,0.0006927083333333306,0.000703124999999997,0.0007170138888888859,0.0007135416666666638,0.0006979166666666637,0.0007065972222222192,0.0007065972222222194,0.0007083333333333303,0.0007152777777777749,0.0006892361111111082,0.0006961805555555528,0.0006961805555555526,0.0007100694444444416,0.000703124999999997,0.0007048611111111083,0.0007204861111111082,0.0006961805555555526,0.0007083333333333305,0.0007048611111111083,0.000718749999999997,0.0006979166666666639,0.0006961805555555528,0.0006996527777777748,0.0006909722222222193,0.0007031249999999972,0.0007118055555555525,0.000701388888888886,0.0007048611111111081,0.0007135416666666637,0.0006909722222222195,0.0007083333333333303,0.000685763888888886,0.0007013888888888861,0.0006805555555555526,0.0006961805555555528,0.0006961805555555528,0.000670138888888886,0.0006979166666666639,0.0006909722222222193,0.0006909722222222193,0.0007274305555555526,0.0007065972222222194,0.0006927083333333304,0.0006944444444444417,0.0007083333333333305,0.0007222222222222193,0.0006996527777777751,0.0007100694444444417,0.0006996527777777748,0.000699652777777775,0.000684027777777775,0.0006996527777777748,0.0006996527777777748,0.0006961805555555528,0.0006840277777777749,0.0007170138888888859,0.0006909722222222195,0.0007118055555555525,0.0007048611111111083,0.0007065972222222192,0.0007135416666666638,0.0006961805555555528,0.0006996527777777748,0.000699652777777775,0.0006944444444444417,0.000715277777777775,0.000703124999999997,0.0006944444444444415,0.000703124999999997,0.0007204861111111083,0.0006909722222222195,0.0007100694444444417,0.0006666666666666639,0.0006788194444444416,0.0006944444444444415,0.0007013888888888861,0.0007065972222222192,0.0006736111111111083,0.0007309027777777748,0.0007118055555555527,0.0007118055555555528,0.0007135416666666638,0.0007048611111111083,0.0006631944444444417,0.0007065972222222195,0.0006961805555555526,0.0006979166666666639,0.000701388888888886,0.0007326388888888859,0.0007013888888888861,0.0007135416666666638,0.0006805555555555527,0.0006909722222222193,0.000697916666666664
