HitRate: 14999197/30000000 0.499973
CumReqs: 30000000
CumProbs: 0.5000000000140482
