HitRate: 2720610/3000000 0.906870
CumReqs: 31665,53105,38811,60087,23620,24800,37484,25269,34343,71371,45522,43237,29814,32893,104571,64711,56721,43150,48416,69840,50707,52304,38675,66271,46635,63117,43012,45055,26924,74992,26930,63849,29743,30370,33896,46338,57761,44007,104737,63458,30671,39669,42659,40354,73395,57213,36099,29413,36902,39496,96160,24657,48786,33679,40637,34143,22183,26300,49651,80261,37267,46794,20811,64589
CumProbs: 0.006608387393170047,0.015816860152551373,0.007968707744539984,0.012125586078139414,0.005727681786043603,0.006713628943707177,0.010382095251748867,0.007030982721487843,0.009871527110288587,0.01822666358218779,0.010761029998729275,0.012946014017001566,0.008347316666286539,0.009798542257903714,0.013105668381593492,0.00749169960216739,0.014743917657446915,0.009878369440199663,0.0066953827306109525,0.01329171459012815,0.015636678798226215,0.01576928966840767,0.009688739154092534,0.01471491921163328,0.01409259301495865,0.012709139071984574,0.010596814080863309,0.01032572748629091,0.007629849501324477,0.017471074864863986,0.007607041734954202,0.010399689814377368,0.008456793944863854,0.007949809880976044,0.009906064585077857,0.007107551651445195,0.013062659450723829,0.013076669935779852,0.018331253482257195,0.017299364966619202,0.008715499180549535,0.011490226872110333,0.012648861403720277,0.010211037003971817,0.02272011938236569,0.0171797871057922,0.010056595843121666,0.008443109285041696,0.01019181331517401,0.011626747645098126,0.021222626607540235,0.006852104668098122,0.01163652240211396,0.008673793550615322,0.008339822685907737,0.009457077412817313,0.00494211714720458,0.007136224272024968,0.013666739434302235,0.013048648965667807,0.009230628875283874,0.013406079247213385,0.005226562576365285,0.015064855512800058
