HitRate: 1059103/3000000 0.353034
CumReqs: 23337,23199,23502,23246,23340,23589,23329,23445,23486,23321,23291,23380,23490,23492,23214,23776,23457,23359,23464,23475,23226,23609,23136,23611,23424,23424,23410,23212,23370,23477,23377,23537,23437,23564,23177,23488,23455,23384,23722,23611,23455,23341,23513,23499,23456,23315,23610,23683,23234,23370,23333,23288,23331,23533,23332,23406,23413,23405,23136,23860,23448,23257,23773,23489,23125,23166,23356,23475,23661,23633,23417,23352,23592,23223,23437,23665,23421,23553,23527,23252,23524,23447,23533,23767,23331,23450,23722,23621,23516,23271,23307,23244,23411,23396,23554,23541,23551,23364,23681,23212,23267,23436,23535,23701,23399,23654,23439,23640,23468,23320,23495,23245,23699,23212,23272,23212,23347,23244,23181,23237,23431,23546,23527,23649,23526,23491,23625,23581
CumProbs: 0.006076388888888885,0.005581597222222221,0.005737847222222213,0.005911458333333325,0.005885416666666657,0.005885416666666666,0.005980902777777773,0.0056684027777777765,0.005694444444444441,0.005928819444444444,0.006180555555555548,0.0057378472222222145,0.005755208333333325,0.0055729166666666635,0.005807291666666653,0.005468749999999997,0.005902777777777773,0.005737847222222215,0.005381944444444443,0.0057291666666666585,0.0061371527777777666,0.005946180555555548,0.005885416666666663,0.0059288194444444345,0.005711805555555548,0.005946180555555546,0.00575520833333333,0.0060590277777777726,0.005894097222222213,0.005598958333333326,0.005842013888888879,0.0054861111111111065,0.005746527777777767,0.0059895833333333225,0.005616319444444439,0.005729166666666662,0.005989583333333324,0.005520833333333329,0.00574652777777777,0.005677083333333324,0.005677083333333332,0.0057812499999999965,0.005798611111111106,0.005868055555555549,0.005624999999999991,0.0057291666666666585,0.005677083333333328,0.00580729166666666,0.005755208333333328,0.005963541666666658,0.005590277777777773,0.006024305555555558,0.00586805555555555,0.005972222222222215,0.005720486111111103,0.005998263888888879,0.005703124999999992,0.005694444444444436,0.005859374999999991,0.0058506944444444405,0.005677083333333331,0.005824652777777769,0.006041666666666661,0.005737847222222212,0.005520833333333329,0.005477430555555556,0.00572916666666666,0.0059982638888888785,0.005824652777777776,0.005868055555555549,0.005824652777777777,0.0058854166666666595,0.005572916666666662,0.005920138888888878,0.005772569444444441,0.00558159722222222,0.005937499999999994,0.005720486111111098,0.005694444444444437,0.005868055555555548,0.005729166666666665,0.005755208333333325,0.0057378472222222214,0.005815972222222217,0.00568576388888888,0.005781249999999992,0.005920138888888882,0.005980902777777771,0.0056770833333333265,0.0057291666666666585,0.005659722222222213,0.00583333333333333,0.005781249999999991,0.0057031249999999955,0.005842013888888882,0.005963541666666664,0.005963541666666657,0.006059027777777774,0.005902777777777767,0.005807291666666656,0.00558159722222222,0.00555555555555555,0.005998263888888879,0.005781249999999989,0.005607638888888883,0.005772569444444442,0.006111111111111102,0.005833333333333331,0.005920138888888882,0.005598958333333324,0.005598958333333331,0.005850694444444443,0.0058333333333333275,0.00570312499999999,0.005789930555555544,0.005824652777777769,0.005711805555555544,0.005529513888888884,0.00594618055555555,0.005842013888888881,0.005651041666666663,0.005763888888888887,0.005668402777777767,0.005807291666666661,0.005763888888888888,0.005868055555555551,0.005781249999999991,0.005894097222222218
