HitRate: 1148381/3000000 0.382794
CumReqs: 187673,187372,187105,186924,187070,188085,187985,187190,187000,187611,187578,188380,187883,187635,187745,186764
CumProbs: 0.06881453702420907,0.07358438531608848,0.07416674698393827,0.06987750105164302,0.07147268447908559,0.07139747107732397,0.07033442029856163,0.07124253320472163,0.07120661815474541,0.06846458216526284,0.07253530150120577,0.07114242217169636,0.07456458857618606,0.07069816861873064,0.07109852599950332,0.07195667014047905
