HitRate: 2729573/3000000 0.909858
CumReqs: 191033,187119,186109,179891,191952,195351,191903,185542,182775,187846,192038,183093,185564,181833,187214,190737
CumProbs: 0.03713378037766996,0.036720397936825584,0.0345391324290447,0.03488821093464662,0.03676506224652602,0.03737864216063752,0.03622433900781245,0.03422933317452691,0.035342773235498344,0.03644164196139033,0.03752118782989422,0.0348188387089417,0.03631145025013593,0.03448053032057243,0.035333903727189094,0.037680838979461624
