HitRate: 1615300/3000000 0.538433
CumReqs: 29401,19285,19277,26794,25645,25956,17883,17278,25293,24693,24709,17613,17476,24374,23546,23825,17710,17393,23796,22804,23202,17687,17290,22765,22076,22341,17420,17238,22443,21836,21780,17579,17403,21768,21266,21276,17360,17764,21957,21568,21162,17508,17943,21423,20820,20692,17408,17554,20997,20660,20558,17443,17850,20914,20439,19789,17305,17536,20869,19955,19816,17371,17797,20467,20071,19764,17202,17386,20145,21271,20737,18787,17685,20119,20931,20780,18873,17419,20062,20975,20631,18464,17532,19739,20662,20221,18465,17609,19588,20615,20093,18296,17154,19782,20135,20049,18310,17372,19412,20390,19765,80974,80166,81997,19614,19460,49243,48476,50168,19768,19488,42851,42012,43710,19656,19274,35413,34615,36258,19667,19313,31427,30288,31764,19453,18950,28514,27944
CumProbs: 0.018900411588795,0.008600967612908177,0.008238258633867495,0.015839264494907492,0.015304114785884945,0.015357273206405696,0.0068460914623038925,0.006616926807985968,0.014532345278203249,0.013766734368020866,0.014035119564308376,0.007240565838972786,0.006696988575477522,0.013832209983540305,0.01287438600403611,0.013124295407825545,0.006763112464417908,0.006627299182721713,0.012902910034559395,0.01227570549975722,0.012437773855003253,0.006955649670450224,0.006583216590094788,0.012067609731621258,0.01135353655840718,0.01180084521888626,0.006640588787851893,0.006718705735080491,0.01162743207877295,0.010837510915303706,0.011213833636185026,0.00689665678914066,0.006561499430491826,0.010929565741083457,0.010261844117469745,0.01053995341507193,0.006554044286150495,0.006966994455317448,0.011329226305120236,0.01085987634832766,0.01052796035678372,0.006724216059158851,0.0070285804303109435,0.010868628039510954,0.010262492390890707,0.010041755291045583,0.006815946748228125,0.0067981192291510575,0.010627470326904849,0.01025309242628643,0.009255399631391742,0.006516768564443902,0.007113180111749384,0.010305278436675669,0.009747763294629251,0.009460902305843738,0.006258107469471205,0.006592616554699062,0.00996169352355405,0.009668998073979671,0.009121531169958475,0.006604609612987264,0.0068947119688777,0.009856673229354596,0.009029152207468253,0.008986366161683275,0.006203976638819015,0.006484030756684195,0.00974387365410334,0.010388905707982645,0.00991566611066413,0.008011687073233518,0.0064542101793189305,0.009479053961631288,0.01026638203141662,0.010023927771968543,0.007913149513243914,0.007169579899375016,0.009569163967148095,0.009966555574211432,0.00998081758947308,0.008013631893496461,0.006610768210486618,0.009154268977718184,0.009839818120409013,0.009528971015047065,0.007792894793651351,0.006703795446397851,0.008573091855805843,0.009716322033711493,0.00943659205255683,0.007767936266943452,0.006765057284680861,0.0087024224032922,0.009420385217032215,0.009257668588365194,0.007550764670913735,0.006380307009326733,0.008786373811309664,0.009473219500842442,0.009308558051912453,0.07014610138088717,0.0691873049912512,0.0711872284949876,0.00919478606652972,0.00857633322291076,0.03802544991796111,0.037418990132630336,0.03955764414845727,0.00912606908390539,0.0086735742360584,0.0321148170021374,0.03122862723565192,0.03314006141742391,0.00868427074750464,0.008653477760007891,0.024659672660818824,0.02428237752980603,0.025253491114440366,0.009360744062301671,0.008674546646189872,0.02071071511689345,0.019832628768170307,0.021603387617588687,0.008673574236058381,0.007803267168387096,0.018055711321252565,0.017213604147394052
