HitRate: 2311777/3000000 0.770592
CumReqs: 19345,17951,23254,23860,25593,23844,19773,21201,18481,18511,17546,21222,20400,19190,21566,28277,32424,29667,23189,22372,19859,19955,19415,21658,25966,29751,25625,24916,17734,24714,20652,23013,17894,19874,15219,18712,19997,24233,31867,35913,34161,20670,13479,28091,35198,40033,25468,20524,16239,17552,33776,34034,30334,11902,13279,20057,20830,20154,16854,19610,23381,25435,23770,17673,15731,18570,19031,14429,24876,28044,29609,17492,18120,26438,24993,22176,16351,19664,36517,37030,40143,39044,36208,37034,26837,28550,31874,42607,43839,37221,22857,21656,19631,27819,24406,28099,18749,20529,13711,13798,27661,28682,33571,20156,18703,14741,17863,21560,22636,18158,27105,29437,36388,24978,22375,16697,15958,17810,21922,23154,20765,14002,15341,17147,17384,15408,14431,15147
CumProbs: 0.011892033570179213,0.009669981471004976,0.011927067384297585,0.01038363324008283,0.018447249456327107,0.01483357640745104,0.014609749261694793,0.013384214541887473,0.010723266604730346,0.00760687908403444,0.008972224673147487,0.008592042912529648,0.009712151802814132,0.008518082638279766,0.010727808025079015,0.011193627997986198,0.020302095281593994,0.021953225965505946,0.011536829621479101,0.014655487852349339,0.011003861504845043,0.01057988747657925,0.00926514628563717,0.012232964483497772,0.01340465093345651,0.018038197237778376,0.017458841756154257,0.01865420846935968,0.011926742997129824,0.015854747211567894,0.010365143171520362,0.010019670837853125,0.005867839477658808,0.009185995816703084,0.006818618266371171,0.012583302624681448,0.013171416559835157,0.015541713594676924,0.012632933861349132,0.02467840256188007,0.026014877693062256,0.012820754031483722,0.008209590441737474,0.008967358865631051,0.021332024539240452,0.016205409739919335,0.01543142195763763,0.010036214583409022,0.010761219903358576,0.008617669498782897,0.023438594806691176,0.019450578966217016,0.01855429722168877,0.006176331674201096,0.007415490655054472,0.007139112788120684,0.010494249264289903,0.008179098047967778,0.009192483560058333,0.009040670365545409,0.013794564309107237,0.013823759154205867,0.014873151641918084,0.00849018534185217,0.006571110857368264,0.008898264398897595,0.009612564942310985,0.008931351890009393,0.015969904656123655,0.014645431850148686,0.015667575815768855,0.007577359851768037,0.012489554733198044,0.010287290251257327,0.01175287147520904,0.008635186405842087,0.010710939892355364,0.009450046971261892,0.011777200512791226,0.00868027622216109,0.010302536448142167,0.008103191450711316,0.015572205988446627,0.010449483835138648,0.00915582781010116,0.01122249845591708,0.01104862693399629,0.02153898355227304,0.011855702207389797,0.010665525688868588,0.010933145102272779,0.0071955561553113815,0.008482400049825872,0.008526841091809352,0.014263303766524281,0.017134778975559362,0.011665935714248628,0.011395396816334584,0.006610686091835306,0.005664124336303855,0.009049428819075007,0.01233092940816209,0.012514208157948003,0.011674045393442708,0.011047004998157486,0.009181130009186637,0.0078131893227315,0.011294188019992634,0.012178467439313653,0.011741517924337357,0.010572426571720708,0.013804944698475635,0.014885802741460822,0.01412900747907053,0.013072154086499787,0.011379826232281967,0.009534387634880183,0.011125506692756046,0.009647598756429347,0.016416585786132833,0.009638515915732,0.007856008428876163,0.009669008309501691,0.011416481982239157,0.011339926610647161,0.008942056666545559,0.008261168001411733,0.008572579682463886
