HitRate: 26996802/30000000 0.899893
CumReqs: 30000000
CumProbs: 0.9000000000196768
