HitRate: 977313/3000000 0.325771
CumReqs: 187234,187751,187234,187478,187982,187636,187407,187534,187832,187894,187006,187949,187482,187538,186974,187069
CumProbs: 0.051750000000002176,0.05284722222222444,0.051666666666668824,0.05172222222222439,0.051583333333335486,0.051972222222224404,0.051680555555557735,0.05138888888889104,0.05127777777777994,0.05156944444444658,0.051527777777779955,0.05161111111111327,0.05061111111111323,0.05147222222222438,0.050986111111113244,0.05179166666666884
