HitRate: 1067418/3000000 0.355806
CumReqs: 374878,374523,374433,373687,375833,377664,374935,374047
CumProbs: 0.001207784611744239,0.0013300961328563073,0.0012547762315720363,0.0013001014819023942,0.0012414452755925192,0.0013390945281424814,0.0012314470586078814,0.0012211155677237556
