HitRate: 1165643/30000000 0.038855
CumReqs: 468913,468599,468889,468874,468527,469266,468181,468294,468846,467812,469037,467713,469246,470275,468998,469190,467437,470129,468306,468928,469088,469161,468207,467995,469381,468487,469508,468493,469356,468756,467602,468948,469776,467596,468429,468367,468444,468349,468649,467680,469075,469542,468022,469287,468688,468896,468104,469710,469813,467910,468127,467767,468078,469424,469904,469495,467550,469751,469860,468900,468372,469546,467910,468537
CumProbs: 0.0013197916666666434,0.0013179687499999795,0.001305729166666645,0.0013018229166666454,0.0012999999999999793,0.0013083333333333126,0.001300260416666648,0.0012872395833333134,0.001293749999999979,0.0013020833333333144,0.0013166666666666444,0.001300520833333311,0.0013122395833333126,0.0013007812499999784,0.001308593749999978,0.0013057291666666467,0.0013026041666666455,0.0013151041666666459,0.0012958333333333103,0.0013096354166666447,0.0013273437499999778,0.0013049479166666468,0.0013229166666666465,0.0012986979166666453,0.0013109374999999788,0.0013124999999999788,0.001300781249999979,0.0012830729166666464,0.0012942708333333111,0.0013171874999999777,0.0013218749999999784,0.001316406249999979,0.001308854166666646,0.0013067708333333126,0.0013062499999999789,0.0013148437499999781,0.0012979166666666462,0.0013140624999999804,0.0013151041666666478,0.0013203124999999754,0.0013031249999999783,0.0013062499999999771,0.001285677083333314,0.0012882812499999802,0.0013127604166666463,0.0012848958333333135,0.0013002604166666466,0.0013057291666666426,0.00129531249999998,0.0013307291666666426,0.0013005208333333124,0.0012888020833333141,0.0012924479166666488,0.0013239583333333103,0.0013218749999999782,0.0013174479166666447,0.0012885416666666468,0.0013127604166666444,0.0013166666666666476,0.0013065104166666475,0.0013234374999999757,0.0013169270833333086,0.001297395833333315,0.0013156249999999776
