HitRate: 3481149/30000000 0.116038
CumReqs: 1874305,1875081,1874913,1874127,1876773,1873821,1876950,1874807,1876264,1872042,1874991,1875173,1874052,1876257,1874647,1875797
CumProbs: 0.00528124999999991,0.005196874999999911,0.005240624999999913,0.005259374999999914,0.0052958333333332505,0.005248958333333253,0.005214583333333251,0.005259374999999915,0.005317708333333239,0.005274999999999904,0.005278124999999905,0.005282291666666577,0.005262499999999914,0.00518958333333325,0.005197916666666578,0.00522395833333325
