HitRate: 2713527/3000000 0.904509
CumReqs: 3000000
CumProbs: 0.5461835620608999
