HitRate: 24095715/30000000 0.803191
CumReqs: 3163364,3633283,3351658,3406428,4395366,4355060,4354862,3339979
CumProbs: 0.24255306199686236,0.29032478853346233,0.26219329584279477,0.2665655394524305,0.36520836470374707,0.3621395873979448,0.3621341709237691,0.26099605808705595
