HitRate: 2770035/3000000 0.923345
CumReqs: 187391,186452,187652,187068,187085,187801,187430,187815,187153,187370,187671,188418,187782,188205,187339,187368
CumProbs: 0.054861111111111215,0.055138888888889,0.05583333333333345,0.055000000000000104,0.054444444444444566,0.054861111111111215,0.05472222222222233,0.05527777777777788,0.05444444444444456,0.054861111111111215,0.05472222222222233,0.054583333333333435,0.05472222222222233,0.054305555555555655,0.054861111111111235,0.055277777777777905
