HitRate: 28518023/30000000 0.950601
CumReqs: 468208,469387,468423,468810,468663,469362,469341,469475,468918,468674,468317,469924,467460,469232,469081,469353,468435,469349,468509,470252,467849,469040,468019,468317,468913,469338,467243,469158,469653,468495,469528,469604,468441,467783,469633,469141,468512,468193,469435,468419,467650,468860,468801,468936,469653,468509,467659,467628,468522,468495,468848,469538,467310,469306,467364,468673,469192,468711,468162,469689,468839,468528,468959,468281
CumProbs: 0.013267881944443368,0.013266493055554484,0.013263541666665548,0.013271006944443386,0.013267187499998933,0.013269965277776642,0.013272222222221157,0.013273611111109954,0.013294270833332318,0.013272743055554596,0.013278645833332325,0.013265104166665612,0.013254687499999028,0.013280208333332322,0.013280902777776698,0.013269965277776715,0.013268055555554447,0.013282986111110073,0.013276562499998966,0.01328333333333227,0.013261458333332293,0.013274305555554533,0.01326770833333229,0.013274305555554472,0.013282812499998863,0.013292187499998928,0.013285416666665637,0.013269618055554516,0.013257291666665625,0.013281076388887746,0.013273263888887879,0.013276736111110068,0.013286805555554417,0.013267881944443343,0.013267708333332259,0.013273784722221169,0.013265104166665645,0.013290104166665616,0.013269791666665599,0.013270833333332299,0.013268576388887817,0.013252604166665596,0.013289062499998974,0.013282986111110092,0.01328836805555442,0.013264062499998968,0.013266666666665544,0.013265798611110071,0.01327135416666559,0.013287499999999045,0.013265798611110127,0.01326718749999889,0.01326996527777672,0.013263368055554501,0.013266145833332242,0.013268055555554503,0.013275347222221153,0.013271701388887853,0.013281597222221206,0.013277256944443339,0.013276215277776829,0.013263541666665535,0.013288541666665687,0.013263715277776743
