HitRate: 2680328/3000000 0.893443
CumReqs: 3000000
CumProbs: 0.7355534499278565
