HitRate: 350884/30000000 0.011696
CumReqs: 3751440,3749797,3751062,3748639,3749991,3750570,3747947,3750554
CumProbs: 0.0010104166666666627,0.0010416666666666625,0.001054166666666662,0.0010458333333333294,0.0010291666666666624,0.0010083333333333294,0.0010520833333333291,0.0010312499999999955
