HitRate: 16810095/30000000 0.560337
CumReqs: 30000000
CumProbs: 0.439757486991663
