HitRate: 301238/3000000 0.100413
CumReqs: 94009,94397,93564,93560,93368,93571,94040,93983,94097,93709,93604,93331,94187,93848,93457,93792,94294,94040,93832,93603,93299,93877,93579,93865,93511,93523,94065,93536,93411,93633,93994,93421
CumProbs: 0.003124999999999998,0.003124999999999998,0.003124999999999998,0.003124999999999998,0.003124999999999998,0.003124999999999998,0.003124999999999998,0.003124999999999998,0.003124999999999998,0.003124999999999998,0.003124999999999998,0.003124999999999998,0.003124999999999998,0.003124999999999998,0.003124999999999998,0.003124999999999998,0.003124999999999998,0.003124999999999998,0.003124999999999998,0.003124999999999998,0.003124999999999998,0.003124999999999998,0.003124999999999998,0.003124999999999998,0.003124999999999998,0.003124999999999998,0.003124999999999998,0.003124999999999998,0.003124999999999998,0.003124999999999998,0.003124999999999998,0.003124999999999998
