HitRate: 1618362/3000000 0.539454
CumReqs: 29557,83494,29534,36701,276178,36342,31388,129096,33693,85213,35905,30518,26947,96609,31049,32826,26751,52765,90941,67915,43851,27829,32048,33454,33184,25466,27725,26059,52709,33370,21579,31327,144405,42689,27136,43640,103862,27009,28049,27723,39178,38984,28402,58858,34873,50833,39053,39581,49528,50634,43113,31144,29189,31102,28955,56347,25336,35665,37309,27306,39105,28147,29336,31486
CumProbs: 0.002164269520769367,0.019938632443877575,0.002702342063063965,0.0047411611518945185,0.08451499099385693,0.004562469157329151,0.0041338745781854015,0.03640491672520465,0.00435782190098334,0.021938185880271046,0.005347116686537972,0.003527586283775532,0.0023313149235101764,0.02548540499026511,0.0029492498097446035,0.004751809464419828,0.0014002530970783364,0.010862277055115997,0.022623005479555074,0.01348675333283863,0.006116790026258073,0.002709995537691533,0.003572841612008102,0.004661631567721104,0.003999106872786939,0.00110709174286588,0.002426484216705139,0.0020834088975302902,0.01074847321500174,0.0025785554299572306,0.0007344008044800112,0.0037242473057273614,0.041156393429858065,0.007509389648708842,0.0021496280910470646,0.007617536572794028,0.027058693165879742,0.0029529101671751786,0.002408515189318678,0.002891682370154643,0.005429308348842711,0.004058005351442564,0.0023635926208525238,0.011345444235951964,0.004959451558663385,0.00902211554683577,0.005253943951941504,0.007016572434646812,0.009282666443939462,0.009502620649540407,0.004943146330109001,0.0037072765576401483,0.0029715447140944715,0.0021156865948726376,0.00243546873039837,0.011126821069416681,0.0012218938622793846,0.004775435407835361,0.00502800007054507,0.002247459462373355,0.005303192397371065,0.0021343211417919304,0.002470075746105629,0.0035295828423740285
