HitRate: 2969244/3000000 0.989748
CumReqs: 3000000
CumProbs: 0.9968168880109238
