HitRate: 2111633/3000000 0.703878
CumReqs: 3000000
CumProbs: 0.700870516169463
