HitRate: 2769641/3000000 0.923214
CumReqs: 3000000
CumProbs: 0.8761319444448649
