HitRate: 2940197/3000000 0.980066
CumReqs: 3000000
CumProbs: 0.9800976371700104
