HitRate: 351146/30000000 0.011705
CumReqs: 30000000
CumProbs: 0.008239583333333406
