HitRate: 1652024/3000000 0.550675
CumReqs: 3000000
CumProbs: 0.10116731776754198
