HitRate: 363562/3000000 0.121187
CumReqs: 374947,374836,375670,375123,374845,374900,374411,375268
CumProbs: 0.009805555555555541,0.009555555555555555,0.009861111111111102,0.010499999999999989,0.009749999999999995,0.010027777777777773,0.009930555555555547,0.009888888888888885
