HitRate: 1511840/3000000 0.503947
CumReqs: 46940,46766,46726,46901,46791,46897,46513,46766,46772,47236,46673,47088,46379,46764,46945,47141,46956,46570,47041,47063,46816,47211,46807,46428,46513,47195,46834,47383,46821,46835,46768,47369,46930,46969,47303,47326,47001,46413,47053,46872,46634,47098,46517,46831,47032,47263,46729,46832,46978,46575,46897,46974,47095,47002,46672,46372,47004,46932,46587,47070,46457,46985,46752,46937
CumProbs: 0.010227132141694599,0.010227132141694581,0.010239503672511144,0.010228506756229674,0.010218884454483466,0.010314649267100639,0.010187955627442154,0.010214989713300475,0.010230339575609995,0.010314649267100741,0.010264475836566825,0.010253020715440365,0.010221633683553862,0.010215677020568161,0.01027524365042568,0.01031648208648087,0.010227361244117085,0.010179478837808582,0.010297466585410945,0.010342599762649254,0.010249584179102442,0.010260351992961306,0.010258977378426244,0.010220717273863767,0.010170543843329912,0.010281200313411409,0.010285324157016927,0.010332290153635397,0.010236067136173192,0.01029013530789003,0.01023400521437046,0.010304568760509298,0.010253708022707914,0.010262413914764089,0.010281658518256426,0.010314649267100677,0.010231255985300114,0.010197348826765795,0.010302277736284076,0.010267912372904768,0.010197348826765814,0.010325187978537027,0.010223924707779145,0.010246605847609594,0.01027730557222839,0.010295404663608227,0.010233547009525407,0.010265392246256952,0.010254853534820607,0.010182915374146442,0.010266079553524512,0.010255082637243102,0.010283720440059275,0.010274327240735586,0.010258290071158535,0.01016687820456943,0.010291968127270294,0.010250042383947496,0.010227590346539622,0.010261268402651406,0.01017787512085085,0.010280283903721307,0.01025164610090521,0.010258977378426088
