HitRate: 16810666/30000000 0.560356
CumReqs: 3751578,3749755,3751076,3748604,3749930,3750640,3747536,3750881
CumProbs: 0.05497708333332827,0.05484374999999496,0.05503124999999494,0.05488333333332829,0.05511249999999492,0.05490624999999498,0.05489999999999495,0.05484166666666163
