HitRate: 1676725/3000000 0.558908
CumReqs: 94132,93108,92910,92795,93164,94045,94245,93734,94165,93910,93196,93826,92758,93471,93964,94792,93910,93411,93662,94005,94018,94074,93396,93054,93577,93300,93536,93895,94668,94325,94972,93982
CumProbs: 0.04763645989382968,0.04731682027816788,0.04738170173063365,0.04734418242425561,0.04729215288889177,0.047415904413243344,0.047614694550350514,0.047459849678172204,0.047746323056151695,0.04772517957962899,0.04758857613817572,0.0477736852022388,0.04748306604455001,0.04744347384831696,0.047716888020208584,0.047783427784558276,0.04760412281208973,0.047560177547161034,0.04771502241933921,0.04776539364281868,0.0479316394092001,0.04764993367788762,0.04735019380483603,0.04736843523556138,0.047490113870057214,0.047351022960777575,0.047857429952386586,0.04769864658948339,0.047851418571807025,0.047910703221664,0.04802388300775386,0.047527633176434964
