HitRate: 23778285/30000000 0.792609
CumReqs: 488652,291800,291059,357065,1105054,326336,709049,304266,513868,525439,355728,372910,344742,307926,540430,326901,322130,659976,489061,387711,1344748,327168,328663,324661,402599,335121,325802,528841,425855,466881,2290476,362828,625127,426492,358289,478943,890811,326569,622951,529070,448886,310650,295702,334603,309229,284704,348430,382129,335569,323315,431460,350663,337542,805285,330825,293372,593191,469028,475684,302503,356988,319811,474309,344124
CumProbs: 0.013124478196663222,0.006614578010123393,0.006547243300733183,0.008756081999493452,0.03368807556945171,0.007644050900356151,0.020499352903684088,0.007013544295471777,0.014006172543533849,0.014378562762422225,0.00870458883767477,0.00924225811859793,0.008395694924452751,0.007121767763172873,0.014872871092805717,0.007722315301705419,0.007562858902946511,0.01883107855306226,0.01315856842634477,0.009756506631037535,0.041656829401756426,0.007700358331252099,0.007787958511149614,0.007676449630091778,0.010234680654243532,0.007997151514090908,0.007655208294230986,0.014441766308482783,0.010978355111286631,0.012453375593073992,0.07324572100933377,0.008930859484301976,0.017698098877670244,0.011037037147876001,0.008768703191398459,0.012732245382253848,0.02647002242473524,0.007652638515466808,0.017549409526644792,0.01449560154714993,0.011781362181821494,0.007143497031710395,0.006678627306156898,0.008009935350221533,0.007117506484462656,0.006336553970916516,0.008428321356104142,0.009524771138430808,0.00800915465793873,0.0075970792480085985,0.011236276324211791,0.00848518177736699,0.008168936345148757,0.023726897444943856,0.007850641595688223,0.006596426914548641,0.016520131809482537,0.012484375582469506,0.012698740671784404,0.006949722701354082,0.008730286625316467,0.007488432905320991,0.012709735421433555,0.00835139063740467
