HitRate: 2706043/3000000 0.902014
CumReqs: 3000000
CumProbs: 0.9924386173685698
