HitRate: 2960668/3000000 0.986889
CumReqs: 3000000
CumProbs: 0.9303857652753392
