HitRate: 976484/3000000 0.325495
CumReqs: 46648,47008,46820,46736,46852,46583,46769,46968,46830,46867,46847,46843,47446,47046,46652,46985,47169,47036,47012,47024,46394,46742,46854,46931,46647,46691,46494,47156,46932,46784,46664,46678,46949,47177,46629,46906,46743,47097,46680,47198,46861,46838,46898,47303,47000,47082,47206,46784,46977,46865,46847,47117,46775,46957,46871,46941,46602,47088,46659,46527,46742,46886,47019,46668
CumProbs: 0.012868055555556094,0.012854166666667206,0.012940972222222766,0.012836805555556097,0.012791666666667204,0.012968750000000551,0.012881944444444989,0.012840277777778318,0.012868055555556092,0.012895833333333875,0.012958333333333877,0.012892361111111644,0.012881944444444982,0.012781250000000535,0.012892361111111661,0.012826388888889427,0.012798611111111644,0.012881944444444984,0.012913194444444989,0.01286805555555609,0.012840277777778318,0.012906250000000542,0.012836805555556094,0.012878472222222766,0.012864583333333872,0.012829861111111649,0.012850694444444985,0.012934027777778322,0.012850694444444982,0.012937500000000544,0.012940972222222763,0.012857638888889427,0.01282291666666721,0.01289583333333387,0.012833333333333878,0.012732638888889423,0.012812500000000532,0.013013888888889437,0.012868055555556096,0.012920138888889435,0.012888888888889432,0.01295486111111166,0.012815972222222758,0.01285763888888943,0.012770833333333871,0.012934027777778325,0.012934027777778322,0.012812500000000535,0.012940972222222765,0.012868055555556089,0.012878472222222765,0.012795138888889423,0.012802083333333871,0.012909722222222761,0.012871527777778315,0.012829861111111649,0.012840277777778315,0.012954861111111654,0.012920138888889434,0.012833333333333873,0.012913194444444989,0.01293750000000054,0.01274652777777832,0.012881944444444982
