HitRate: 14997102/30000000 0.499903
CumReqs: 30000000
CumProbs: 0.5000000000063982
