HitRate: 302044/3000000 0.100681
CumReqs: 186950,185878,188322,186914,188821,186784,188585,187193,187231,188034,187204,188166,187042,187587,186977,188312
CumProbs: 0.006178727182200468,0.006220385267301601,0.0066179700315068405,0.006302701643461446,0.00625071235325523,0.006259377234956265,0.006285371880059374,0.006237715030703675,0.006421343869829482,0.006485663953225635,0.00642500978131838,0.006245046853681476,0.006293703497079602,0.006105408952422467,0.00630170184941902,0.006526655508965153
