HitRate: 3318969/30000000 0.110632
CumReqs: 30000000
CumProbs: 0.08935000000000401
