HitRate: 2408960/3000000 0.802987
CumReqs: 341087,366109,406187,406196,398314,378655,356670,346782
CumProbs: 0.21944387548602565,0.22179084099886417,0.23034871389236547,0.2473858808241884,0.22965161544548293,0.24478440071056132,0.22641370438345806,0.2253661789096099
