HitRate: 395955/3000000 0.131985
CumReqs: 92889,93901,94001,93770,93778,93618,93473,93920,93928,93962,94016,93723,94023,93116,94226,93628,93495,93347,93924,93403,93246,93660,93845,93555,94053,93896,93899,93836,93795,94568,93336,94170
CumProbs: 0.004092199157818812,0.004013061656924553,0.00412480013555896,0.004060782387863578,0.0042405402252532615,0.004116238988166119,0.004053559306294777,0.004024769190367148,0.004156764197438974,0.004246075642548043,0.004101730543988702,0.004278070519437312,0.003978677748790257,0.004114217566960966,0.00414289353715012,0.004159830724873222,0.004132642989426405,0.004174057710832375,0.004024291123709616,0.0041509284423075915,0.004049098725202794,0.0041485582906809,0.00425059481555902,0.0042053664112481366,0.004136706230504795,0.004215042541158645,0.004094290455312535,0.004126996247485539,0.00408792129671123,0.004147812654259973,0.004027573790222795,0.004297055603232654
