HitRate: 1695082/3000000 0.565027
CumReqs: 46917,46581,46803,46785,47188,46625,46828,45970,46334,47855,46545,46655,47412,46968,47228,45926,46337,47308,46926,47925,47088,46385,47354,47655,46918,47118,46895,46938,46175,48288,46211,46986,47538,46606,46942,46251,47104,46837,47024,46858,47147,46876,45957,46787,46716,46409,46323,46696,46144,46897,46965,47444,47091,46496,46046,46997,47793,46717,47544,47406,45715,47062,47333,47152
CumProbs: 0.0015932917394028132,0.0016089285553877643,0.0015417235164737182,0.0016115901410873315,0.0016109247446624393,0.0016209056910358125,0.0016182441053362463,0.0015107825827162615,0.0015017997309802256,0.0016245653713727166,0.001582645396604549,0.0016388713945078848,0.001670810422902679,0.0015483774807226337,0.001620240294610921,0.001543387007535947,0.0014924841810317437,0.0016152498214242346,0.001701751356660136,0.001680791369276052,0.0016402021873576675,0.0015204308308771892,0.0016105920464499937,0.0016761335943018111,0.0015533679539093204,0.001612920933937114,0.0014379216741906367,0.0016162479160615718,0.00160061110007662,0.0015982822125894997,0.0014771800632592384,0.001692103108499208,0.0015593565217333445,0.001550040971784863,0.0016248980695851621,0.0015347368540123572,0.0016425310748447882,0.0015710009591689467,0.0016052688750508612,0.001627559655284728,0.0016089285553877648,0.0015270847951261038,0.0015959533251023797,0.0015859723787290064,0.001620240294610921,0.0015749933377182958,0.0015377311379243693,0.001540392723623935,0.001512778771990936,0.001614251726786897,0.001638205998082993,0.0015427216111110558,0.0016568370979799562,0.0016006111000766202,0.0016112574428748853,0.0015513717646346457,0.001620905691035812,0.001570002864531609,0.001735021177904713,0.0015636815984951397,0.0015956206268899337,0.001612920933937114,0.0016392040927203308,0.0014894898971197319
