HitRate: 29897/3000000 0.009966
CumReqs: 3000000
CumProbs: 0.010000000000000042
