HitRate: 1164221/30000000 0.038807
CumReqs: 234872,234058,234733,235286,234306,234232,234282,234674,233975,234425,233807,234039,233504,233836,234106,234094,233384,234796,235376,234110,234757,234714,234838,234391,234070,234559,234330,234254,233243,234033,234438,234503,234111,234853,235172,235190,234259,234147,235086,235250,235082,234147,233757,234821,233999,235250,234476,234618,234091,234866,234506,234548,234716,234101,234648,234233,234512,234670,234174,234167,234229,235856,234051,234414,233967,234342,234361,234429,233950,234479,234726,233686,234177,233913,234821,234414,234105,234245,233982,234219,234972,233311,234334,233764,234649,234404,234941,234125,234461,233834,233616,234708,233840,235011,234446,234435,234540,234409,234871,234869,234838,234605,234877,234388,234395,234468,233932,234038,234210,233944,234225,234592,233381,233478,234275,233834,235183,234221,234872,234355,234136,234836,234387,234323,234420,233667,234142,234597
CumProbs: 0.0006561197916666552,0.0006447916666666569,0.0006510416666666554,0.0006483072916666564,0.0006542968749999898,0.0006601562499999892,0.0006507812499999892,0.0006580729166666559,0.0006449218749999897,0.00065078124999999,0.0006582031249999899,0.0006475260416666555,0.0006496093749999894,0.0006634114583333223,0.0006471354166666561,0.0006535156249999898,0.0006507812499999906,0.0006497395833333229,0.0006582031249999903,0.0006557291666666555,0.0006489583333333234,0.0006475260416666563,0.0006553385416666546,0.0006503906249999901,0.0006518229166666564,0.0006596354166666552,0.0006595052083333229,0.000645833333333324,0.0006585937499999889,0.0006566406249999897,0.0006496093749999896,0.0006535156249999883,0.0006507812499999898,0.0006619791666666551,0.0006515624999999892,0.0006571614583333223,0.0006589843749999884,0.0006509114583333226,0.0006583333333333211,0.0006579427083333218,0.000651562499999989,0.0006509114583333236,0.000647395833333323,0.0006596354166666554,0.0006510416666666564,0.0006536458333333221,0.0006578124999999879,0.0006570312499999891,0.0006458333333333226,0.0006593749999999884,0.0006520833333333222,0.0006464843749999903,0.0006598958333333227,0.0006499999999999897,0.0006579427083333221,0.0006408854166666571,0.0006552083333333232,0.0006531249999999893,0.0006393229166666562,0.0006404947916666576,0.0006429687499999902,0.0006516927083333227,0.0006559895833333228,0.0006618489583333222,0.0006501302083333229,0.0006523437499999894,0.0006513020833333216,0.0006520833333333215,0.0006484374999999906,0.0006532552083333232,0.0006494791666666567,0.0006471354166666556,0.0006570312499999897,0.0006518229166666558,0.0006653645833333217,0.000648046874999989,0.0006736979166666539,0.0006496093749999895,0.0006598958333333227,0.0006480468749999895,0.0006484374999999902,0.0006595052083333228,0.0006579427083333216,0.0006550781249999898,0.0006609374999999882,0.000654296874999989,0.0006499999999999898,0.0006520833333333226,0.0006529947916666567,0.0006488281249999896,0.0006537760416666559,0.0006584635416666561,0.000651822916666656,0.0006557291666666564,0.0006492187499999904,0.0006545572916666545,0.0006507812499999889,0.000661718749999989,0.0006503906249999891,0.0006488281249999899,0.0006641927083333222,0.0006489583333333224,0.0006503906249999907,0.0006532552083333221,0.0006651041666666552,0.0006539062499999889,0.0006565104166666557,0.0006578124999999891,0.0006444010416666565,0.0006520833333333211,0.0006563802083333224,0.0006619791666666558,0.0006489583333333233,0.0006533854166666562,0.0006588541666666563,0.0006472656249999899,0.0006572916666666543,0.0006611979166666545,0.0006496093749999907,0.0006615885416666547,0.0006359374999999918,0.0006576822916666548,0.0006595052083333228,0.0006579427083333223,0.0006652343749999891,0.0006540364583333236,0.0006562499999999891,0.0006580729166666549
