HitRate: 1647435/3000000 0.549145
CumReqs: 47226,46845,46890,47331,47020,46590,46853,46403,46846,46705,46886,47405,47665,47219,46552,46403,45881,46816,46286,46742,47270,47233,47331,46846,46926,47036,47301,46601,46004,46980,47231,47093,46983,47179,46452,46763,47136,46990,46843,47545,47183,47284,46870,47016,47109,46937,46675,47365,47206,47133,47365,46938,46545,46511,46005,46141,45903,46418,46407,47137,46726,47316,46827,46676
CumProbs: 0.01650378685529154,0.016752290409100448,0.01711523638900556,0.01683076521556642,0.016663708998771457,0.016509731916387427,0.016828981697237667,0.016905970238429616,0.016926183446155714,0.01677636790653889,0.01670591893255236,0.017160716106389237,0.017082241299923254,0.0169425323641694,0.01666341174571662,0.016480898370072293,0.01663011940357954,0.01672583488722363,0.01667084307208655,0.016718998066963378,0.017171119963307037,0.01696839337993663,0.017046868186402612,0.016889324067361093,0.01690002517733372,0.016700865630620832,0.017046570933347816,0.01676299151907306,0.01657066879262043,0.016927372458374883,0.016878920210443255,0.01712028969093705,0.016825711913634904,0.01696869063299146,0.016944910388607824,0.016811443767004705,0.01685781524355274,0.01673177994831953,0.01670978322226469,0.01704032861919709,0.017093834169060292,0.017174092493855018,0.016982364273512005,0.01686613832908706,0.01691399607090907,0.01682006410559381,0.016912212552580325,0.016743670070511373,0.016908942768977604,0.016694028810360525,0.01675942448241553,0.016659844709059072,0.016546888548236882,0.016589098482017804,0.016371806498962405,0.016391425200578832,0.01652132478552447,0.016756451951867507,0.016810552007840287,0.016813524538388247,0.016575722094552,0.016811443767004743,0.0165682907681821,0.016839980060265044
