HitRate: 347577/3000000 0.115859
CumReqs: 93241,93934,93855,93904,93357,93274,93654,94375,94022,93737,93507,93535,94027,93890,93137,93961,94012,93971,93916,93624,93432,93721,93509,94009,94100,93673,93919,93361,93905,93753,94064,93621
CumProbs: 0.002708333333333332,0.0026562499999999985,0.002395833333333332,0.0021354166666666652,0.002656249999999999,0.0024999999999999988,0.002916666666666666,0.002447916666666665,0.0026562499999999985,0.002656249999999999,0.0028645833333333327,0.0029166666666666655,0.002552083333333332,0.002656249999999999,0.002656249999999999,0.002916666666666666,0.0026041666666666657,0.0024479166666666655,0.0026562499999999985,0.0026041666666666657,0.0027604166666666654,0.002552083333333332,0.002395833333333332,0.002864583333333333,0.0021354166666666657,0.0029166666666666655,0.0024479166666666655,0.0027083333333333326,0.002499999999999999,0.0026562499999999985,0.0022916666666666654,0.0026562499999999985
