HitRate: 2721214/3000000 0.907071
CumReqs: 3000000
CumProbs: 0.732497060695001
