HitRate: 2999011/30000000 0.099967
CumReqs: 469386,468348,468925,470414,468343,468859,470143,469942,469588,467536,468124,468074,468564,469288,468623,468608,468233,466324,466699,470052,469211,468311,468681,468741,468790,468715,468707,468282,468386,468826,469364,469610,468933,468940,467810,468602,468178,468258,468467,468714,468244,467609,469818,469655,468958,469671,469915,467777,469819,468808,468104,468205,468099,470108,468359,469307,468267,469060,469579,467958,468761,468974,469139,468207
CumProbs: 0.0015624999999999806,0.0015624999999999806,0.0015624999999999806,0.0015624999999999806,0.0015624999999999806,0.0015624999999999806,0.0015624999999999806,0.0015624999999999806,0.0015624999999999806,0.0015624999999999806,0.0015624999999999806,0.0015624999999999806,0.0015624999999999806,0.0015624999999999806,0.0015624999999999806,0.0015624999999999806,0.0015624999999999806,0.0015624999999999806,0.0015624999999999806,0.0015624999999999806,0.0015624999999999806,0.0015624999999999806,0.0015624999999999806,0.0015624999999999806,0.0015624999999999806,0.0015624999999999806,0.0015624999999999806,0.0015624999999999806,0.0015624999999999806,0.0015624999999999806,0.0015624999999999806,0.0015624999999999806,0.0015624999999999806,0.0015624999999999806,0.0015624999999999806,0.0015624999999999806,0.0015624999999999806,0.0015624999999999806,0.0015624999999999806,0.0015624999999999806,0.0015624999999999806,0.0015624999999999806,0.0015624999999999806,0.0015624999999999806,0.0015624999999999806,0.0015624999999999806,0.0015624999999999806,0.0015624999999999806,0.0015624999999999806,0.0015624999999999806,0.0015624999999999806,0.0015624999999999806,0.0015624999999999806,0.0015624999999999806,0.0015624999999999806,0.0015624999999999806,0.0015624999999999806,0.0015624999999999806,0.0015624999999999806,0.0015624999999999806,0.0015624999999999806,0.0015624999999999806,0.0015624999999999806,0.0015624999999999806
