HitRate: 2786718/3000000 0.928906
CumReqs: 3000000
CumProbs: 0.9553840475871983
