HitRate: 2962762/3000000 0.987587
CumReqs: 20642,18002,13788,52652,14619,13990,17651,13505,47722,14649,14268,17651,13397,43340,14447,13977,17044,13521,39775,14791,14315,17244,13378,36995,14785,13757,16914,13449,35580,14565,14312,17219,13364,33226,14419,13912,16941,15638,31662,14468,14145,16561,15407,30037,14276,14032,16583,15324,29188,14434,14151,16614,15471,27672,14366,14006,16165,15517,27115,14088,14269,16507,15126,26266,14222,14022,16220,15543,25727,19938,14077,16607,15181,24529,19679,13810,16012,15335,24102,19351,13958,16283,14972,23715,19115,13865,16039,15557,23220,18992,13866,15957,14888,22771,18638,13747,15867,15354,22097,18831,13809,281036,14779,21854,18323,13849,147177,15127,21954,18511,13731,119080,14897,21008,18499,13595,88062,14773,21130,18118,13752,71055,14639,20213,17361,13500,60237,14950
CumProbs: 0.006784317954001783,0.005919571673702051,0.0045063717796654185,0.017469312555993505,0.00480030031828946,0.004603283000733492,0.005779795874084638,0.0044206426225667375,0.015779755938141887,0.004820268289663376,0.004677031375007821,0.005791510417290664,0.004378576762872354,0.01431011324502166,0.004726285704396814,0.004573464163481774,0.005622714499276497,0.004428363571497988,0.013154633301517704,0.004823196925464891,0.0047105775669160025,0.0056847483303447965,0.004342634414399305,0.012287224625034775,0.004830917874396139,0.004513826488978352,0.005574258888742457,0.0043820378779105005,0.011716406883359098,0.004775007554549167,0.0047041878160763466,0.005633364084009253,0.004357543833025159,0.01098850776687528,0.0047167010781373345,0.004566009454168848,0.00557612256607069,0.0051291062469132846,0.010444047747413162,0.00470125918027484,0.004606211636534998,0.005461905769811888,0.005040980933249735,0.009955764287416317,0.004656797164015588,0.004581185112413022,0.005473087833781284,0.005047903163326026,0.009634679307723746,0.004746519915389046,0.004641089026534774,0.005447528830422671,0.005071598489356404,0.009136544981849114,0.0046991292633282835,0.004605679157298361,0.005321331251339519,0.005075059604394554,0.00899943157841488,0.004612601387374657,0.004664518112946836,0.005396144584087123,0.004969096236303638,0.008670625649791068,0.0046528035697408045,0.004557756026000962,0.005330649637980679,0.005088904064547139,0.008490381428189196,0.006567598904690213,0.004606211636535005,0.005390819791720751,0.005024740316532284,0.008098210470405464,0.006465362891255764,0.0045463077224132484,0.005253972627904841,0.0050329937447001665,0.007957635951933101,0.00638389356805018,0.004579587674703111,0.005355143682866017,0.004904666248670468,0.0077813853246060044,0.006291508420493531,0.004503709383482233,0.005275005557752036,0.005074527125157911,0.007632024898729105,0.0062630207813334105,0.004566009454168843,0.005241991845080491,0.004882302120731681,0.007480268316287344,0.0061767591449980955,0.004505306821192138,0.005207380694699035,0.004995187718898887,0.007291238187280937,0.0062294745894252304,0.004539917971573601,0.09368785800908684,0.004840768740273935,0.007187138496518256,0.00601435297782357,0.004523677354856145,0.04895614101647625,0.004936082523632094,0.007235860346670615,0.006080380403166651,0.0045156901663065754,0.03967609288035325,0.004865262785159273,0.006906788178428474,0.006070529537288853,0.004453922574856598,0.029283961858512255,0.004874314932182115,0.006974146801863145,0.005949390510953764,0.004485871329054864,0.02366231231770903,0.004788585775083431,0.006645607112857645,0.005732937701260514,0.004422772539513292,0.019921113201092116,0.004923835501189428
