HitRate: 2797621/3000000 0.932540
CumReqs: 24977,22433,25810,25098,22273,21497,26110,26406,24440,24437,24141,24744,22941,23467,23733,23668,21765,23333,22784,23730,22854,24600,24828,24837,24464,24289,23024,22550,20848,24635,21073,23161,28576,23470,24617,21169,23309,25037,23731,23230,21413,26150,22555,22824,25945,22641,22439,23510,24370,23454,23073,23326,23740,23350,23588,21272,23177,23466,23155,25586,23108,22946,22567,23804,21211,21955,20603,24010,22977,20922,23073,22522,24341,24947,24280,26440,23538,23422,22023,22809,26327,23650,25137,21503,22384,25826,25442,25786,23763,23425,22712,22519,23151,25163,21450,22186,21323,23363,26384,21660,21823,25039,22878,23971,25882,21195,21438,23373,23725,25105,22718,23248,23090,23976,21628,22190,20772,25258,21170,23586,21898,23689,25061,23132,24165,20622,21045,22548
CumProbs: 0.007403048199582772,0.00753576063564118,0.0070421532523670645,0.007612317329140078,0.007414470607009792,0.007297537031443467,0.007537938862173828,0.007369684144400774,0.007434180900755808,0.007340039012567065,0.007351886439805245,0.007274851599018827,0.007169499813308708,0.007237502983106433,0.007291427371656966,0.007677398487735599,0.0070597915745334115,0.00729195864642098,0.007134329423928868,0.007412132998047916,0.0074054920634973875,0.0073949728231693535,0.0074995808242097365,0.007222574162236726,0.007210992372380594,0.00784172177225462,0.007357358569874948,0.007467757465843452,0.007334779392402998,0.007490814790603012,0.0071657277624839685,0.007146389361072674,0.007468394995560292,0.0074657386217400505,0.00752088494224801,0.007329679154668137,0.0072554069426546824,0.0075557365667692075,0.007571409172308656,0.007312678362218748,0.007286645898780535,0.007620658342935618,0.007107606303297424,0.0072514755094007675,0.007393432126353588,0.007540329598611896,0.0075541427424771854,0.007264810505978291,0.0073212850133963095,0.007348433153838987,0.007390935134962616,0.007242496965888467,0.0073207537386321755,0.007141979780531206,0.0073902444777692675,0.007023505508149182,0.007229321351740175,0.007269379468949096,0.00741202674309515,0.007531988584816432,0.007161955711659263,0.007490496025744501,0.007168915411068271,0.007716606565322101,0.007138845259423274,0.007261091582630066,0.0072477565860524845,0.007473654615724402,0.007686695796106387,0.007205254604928865,0.007408839094510807,0.007297802668825576,0.0072845739272007866,0.008036699610659061,0.007523222551209771,0.007813670464713186,0.007337382638746849,0.0074224397284704206,0.006995029180796324,0.007600257391996332,0.007674742113915317,0.00751238454602323,0.007271876460340078,0.007245153339708693,0.006937970271137864,0.007800441723088388,0.0074968181954366405,0.007187085007998579,0.007311297047832256,0.0076320807503625415,0.007308693801488452,0.007246959673906422,0.00702398365543679,0.007649453435146774,0.007140810976050293,0.007298918345829964,0.007104046762378335,0.007369577889448007,0.00754187029542772,0.007005548421124414,0.007243347005510877,0.007214286275917609,0.007330476066814294,0.00753560125321202,0.00767771725259403,0.007181294113070442,0.007131779305061521,0.007507337435764773,0.007170402980407629,0.007275064108924385,0.0074275930936816914,0.0071708280002187935,0.007442734424456888,0.007432533948987305,0.007494586841427692,0.007500909011119896,0.007106012479005308,0.0076701731509445665,0.0070354591903401455,0.007672032612618687,0.007412079870571587,0.007064254282551357,0.007402570052295172,0.0073440235732973825,0.0074807205700861325,0.007091136785612035,0.0071610525445603,0.0072808018763761
