HitRate: 101214/3000000 0.033738
CumReqs: 23395,23334,23373,23135,23446,23463,23535,23378,23401,23475,23443,23296,23576,23309,23580,23647,23654,23385,22964,23485,23408,23533,23493,23500,23364,23429,23461,23473,23499,23433,23263,23641,23221,23402,23721,23085,23446,23227,23529,23493,23371,23334,23649,23430,23269,23339,23467,23392,23506,23457,23077,23239,23188,23229,23424,23376,23519,23443,23297,23678,23465,23543,23361,23381,23291,23502,23264,23415,23560,23604,23245,23721,23444,23261,23470,23586,23274,23764,23364,23679,23489,23517,23516,23633,23489,23200,23581,23430,23754,23329,23498,23416,23549,23306,23496,23279,23573,23303,23438,23591,23334,23547,23613,23590,23864,23603,23472,23589,23541,23202,23309,23143,23677,23647,23658,23097,23310,23383,23529,23612,23197,23539,23107,23395,23532,23584,23409,23357
CumProbs: 0.0016357667319193592,0.0016278460536980931,0.0016527815221724662,0.0016357667319193648,0.0016307796382244917,0.001658355332772627,0.0016521948052671924,0.001669209595520298,0.0016284327706033701,0.0016495545791934303,0.0016442741270459194,0.0016231523184558545,0.0016621689926569429,0.0016378202410878464,0.0016519014468145536,0.0016609955588463843,0.0016498479376460787,0.0016416339009721636,0.00165424831443567,0.0016093644711817825,0.001624325752266416,0.0016645158602780642,0.0016771302737415717,0.001621392167740019,0.0016583553327726309,0.0016601154834884663,0.0016351800150140848,0.0016536615975303922,0.0016407538256142426,0.0016334198642982472,0.0016272593367928085,0.001668622878615021,0.0016436874101406383,0.0016436874101406359,0.0016530748806251139,0.0016662760109939006,0.0016475010700249585,0.001616405074045135,0.001646914353119677,0.001612298055708183,0.0016472077115723168,0.0016703830293308595,0.0016422206178774387,0.001652781522172472,0.001653954955983035,0.0016014437929605092,0.001676250198383654,0.0016847575935102093,0.0016533682390777542,0.0016257925445296133,0.0016369401657299308,0.001644567485498555,0.0016489678622881568,0.0016404604671616016,0.0016351800150140867,0.001613764847971383,0.0016668627278991798,0.00162403239381377,0.0016404604671616057,0.0016595287665831931,0.0016307796382244919,0.0016387003164457647,0.0016483811453828763,0.001620512092382093,0.0016348866565614462,0.0016519014468145546,0.0016586486912252671,0.001641340542519523,0.0016439807685932756,0.0016387003164457625,0.0016448608439512003,0.0016739033307625367,0.0016595287665831912,0.0016651025771833425,0.001659822125035827,0.0016395803918036825,0.0016422206178774395,0.0016595287665831877,0.0016290194875086515,0.0016633424264675047,0.001637233524182566,0.0016516080883619154,0.0016287261290560088,0.0016583553327726287,0.001673316613857257,0.0016472077115723153,0.0016527815221724748,0.0016583553327726294,0.0016345932981088054,0.0016334198642982518,0.0016568885405094293,0.0016325397889403262,0.0016249124691716888,0.0016451542024038365,0.0016554217482462313,0.001625499186076976,0.001658648691225266,0.001648087786930236,0.0016718498215940636,0.0016442741270459196,0.0016398737502563248,0.0016457409193091203,0.0016827040843417317,0.0016671560863518232,0.0016938517055420411,0.00164222061787744,0.001641047184066884,0.0016692095955202991,0.0016431006932353595,0.0016483811453828754,0.0016551283897935872,0.0016325397889403244,0.0016451542024038387,0.0016392870333510456,0.0016480877869302366,0.0016398737502563228,0.0016495545791934375,0.0016351800150140846,0.0016331265058456067,0.001636060090372004,0.001670383029330859,0.0016413405425195246,0.0016527815221724746,0.001644567485498556,0.0016316597135824095,0.001665395935635985,0.0016076043204659527,0.0016601154834884717
