HitRate: 1343701/3000000 0.447900
CumReqs: 185595,188372,189700,187928,188301,187268,187445,186541,185790,188445,186597,187919,186496,187101,188123,188379
CumProbs: 0.0008974416928808276,0.0009848591614836635,0.001058316425975021,0.000891458748261621,0.0010430266786148278,0.000973225658057431,0.0009117342828044839,0.0009399870768396218,0.0009436433207735811,0.0009682398708747594,0.0009954955074733616,0.0009615921546311974,0.0009463024072710064,0.0009828648466105952,0.0010586488117871984,0.0009964926649098968
