HitRate: 2908524/3000000 0.969508
CumReqs: 3000000
CumProbs: 0.9497211091664445
