HitRate: 29606/3000000 0.009869
CumReqs: 23254,23280,23513,23368,23222,23640,23406,23443,23335,23434,23443,23525,23305,23550,23411,23273,23658,23405,23603,23407,23397,23572,23500,23237,23422,23450,23242,23486,23361,23244,23349,23910,23420,23527,23192,23228,23470,23360,23399,23742,23345,23655,23393,23260,23673,23455,23442,23522,23518,23723,23541,23527,23232,23528,23559,23537,23531,23443,23332,23662,23290,23767,23478,23691,23503,23484,23561,23312,23398,23598,23463,23407,23269,23140,23469,23464,23533,23462,23419,22974,23513,23375,23192,23275,23446,23516,23194,23470,23375,23344,23377,23413,23509,23402,23551,23772,23464,23410,23488,23172,23400,23607,23633,23492,23274,23459,23325,23584,23560,23365,23438,23449,23595,23231,23369,23489,23326,23282,23314,23338,23606,23246,23422,23566,23670,23361,23515,23283
CumProbs: 7.812499999999997e-05,7.812499999999997e-05,7.812499999999997e-05,7.812499999999997e-05,7.812499999999997e-05,7.812499999999997e-05,7.812499999999997e-05,7.812499999999997e-05,7.812499999999997e-05,7.812499999999997e-05,7.812499999999997e-05,7.812499999999997e-05,7.812499999999997e-05,7.812499999999997e-05,7.812499999999997e-05,7.812499999999997e-05,7.812499999999997e-05,7.812499999999997e-05,7.812499999999997e-05,7.812499999999997e-05,7.812499999999997e-05,7.812499999999997e-05,7.812499999999997e-05,7.812499999999997e-05,7.812499999999997e-05,7.812499999999997e-05,7.812499999999997e-05,7.812499999999997e-05,7.812499999999997e-05,7.812499999999997e-05,7.812499999999997e-05,7.812499999999997e-05,7.812499999999997e-05,7.812499999999997e-05,7.812499999999997e-05,7.812499999999997e-05,7.812499999999997e-05,7.812499999999997e-05,7.812499999999997e-05,7.812499999999997e-05,7.812499999999997e-05,7.812499999999997e-05,7.812499999999997e-05,7.812499999999997e-05,7.812499999999997e-05,7.812499999999997e-05,7.812499999999997e-05,7.812499999999997e-05,7.812499999999997e-05,7.812499999999997e-05,7.812499999999997e-05,7.812499999999997e-05,7.812499999999997e-05,7.812499999999997e-05,7.812499999999997e-05,7.812499999999997e-05,7.812499999999997e-05,7.812499999999997e-05,7.812499999999997e-05,7.812499999999997e-05,7.812499999999997e-05,7.812499999999997e-05,7.812499999999997e-05,7.812499999999997e-05,7.812499999999997e-05,7.812499999999997e-05,7.812499999999997e-05,7.812499999999997e-05,7.812499999999997e-05,7.812499999999997e-05,7.812499999999997e-05,7.812499999999997e-05,7.812499999999997e-05,7.812499999999997e-05,7.812499999999997e-05,7.812499999999997e-05,7.812499999999997e-05,7.812499999999997e-05,7.812499999999997e-05,7.812499999999997e-05,7.812499999999997e-05,7.812499999999997e-05,7.812499999999997e-05,7.812499999999997e-05,7.812499999999997e-05,7.812499999999997e-05,7.812499999999997e-05,7.812499999999997e-05,7.812499999999997e-05,7.812499999999997e-05,7.812499999999997e-05,7.812499999999997e-05,7.812499999999997e-05,7.812499999999997e-05,7.812499999999997e-05,7.812499999999997e-05,7.812499999999997e-05,7.812499999999997e-05,7.812499999999997e-05,7.812499999999997e-05,7.812499999999997e-05,7.812499999999997e-05,7.812499999999997e-05,7.812499999999997e-05,7.812499999999997e-05,7.812499999999997e-05,7.812499999999997e-05,7.812499999999997e-05,7.812499999999997e-05,7.812499999999997e-05,7.812499999999997e-05,7.812499999999997e-05,7.812499999999997e-05,7.812499999999997e-05,7.812499999999997e-05,7.812499999999997e-05,7.812499999999997e-05,7.812499999999997e-05,7.812499999999997e-05,7.812499999999997e-05,7.812499999999997e-05,7.812499999999997e-05,7.812499999999997e-05,7.812499999999997e-05,7.812499999999997e-05,7.812499999999997e-05,7.812499999999997e-05,7.812499999999997e-05
