HitRate: 27707632/30000000 0.923588
CumReqs: 30000000
CumProbs: 0.876377777781894
