HitRate: 2511165/3000000 0.837055
CumReqs: 374007,350814,281363,359339,390515,450872,382391,410699
CumProbs: 0.3143616866511708,0.2889730152623638,0.2205636179656867,0.2979438968327608,0.3298306301180325,0.39020603058938425,0.32155707787652477,0.3498899208917548
