HitRate: 2851910/3000000 0.950637
CumReqs: 94033,93499,94516,93549,93402,93714,93864,93618,93815,93793,93642,93620,93288,93930,93304,93391,93976,93522,93712,93572,93590,94149,93905,93618,94015,93674,93613,94082,93717,93684,93976,94217
CumProbs: 0.026770833333333303,0.026458333333333302,0.026562499999999968,0.026631944444444392,0.026423611111111075,0.026527777777777733,0.026388888888888837,0.026631944444444403,0.02663194444444442,0.02642361111111107,0.0266319444444444,0.02645833333333329,0.026527777777777733,0.02666666666666663,0.02656249999999996,0.026562499999999975,0.026597222222222185,0.026493055555555506,0.02656249999999998,0.026423611111111064,0.026840277777777716,0.02649305555555552,0.026493055555555513,0.026631944444444396,0.02649305555555552,0.026631944444444396,0.026631944444444413,0.026562499999999954,0.026597222222222168,0.026666666666666616,0.026423611111111096,0.026354166666666626
