HitRate: 347828/3000000 0.115943
CumReqs: 3000000
CumProbs: 0.0831666666666642
