HitRate: 18831863/30000000 0.627729
CumReqs: 30000000
CumProbs: 0.6274860512358074
