HitRate: 9770089/30000000 0.325670
CumReqs: 1874906,1874947,1876081,1873045,1873288,1875474,1875463,1872627,1876554,1875339,1875103,1875785,1875283,1875034,1874422,1876649
CumProbs: 0.05147500000000328,0.05141666666666909,0.05148611111111351,0.05149444444444685,0.0513694444444472,0.05145555555555885,0.05149861111111348,0.051502777777780624,0.051506944444447554,0.05149722222222524,0.05149305555555785,0.051390277777780546,0.051438888888891886,0.05142500000000279,0.05124305555555826,0.051447222222224545
