HitRate: 4998111/30000000 0.166604
CumReqs: 234995,233728,233805,234149,235901,235288,233665,235068,235019,234834,234148,234713,234163,233998,233973,234836,233645,234316,233676,234401,234860,234318,234952,234560,233932,234309,234579,234762,234782,234796,235507,234401,234823,234948,234647,234889,233662,234443,234362,233992,234572,233681,234028,233796,234249,234884,235046,234148,234191,234680,234345,234053,234698,234563,234854,234992,234427,234129,233908,233640,235085,234852,234022,234292,233463,234599,233733,235336,234036,235212,233725,234694,234023,233966,234062,234435,233709,234330,234178,234035,233305,234370,234660,233671,234348,234583,234145,234764,233813,234066,234583,233265,234854,234082,234270,234821,233834,236450,233915,234028,234624,234487,234700,234710,233986,234488,233516,234949,234486,233499,233736,234716,233542,234722,235031,234370,234322,234328,234657,234220,234214,232896,234123,234447,234858,234895,234750,234385
CumProbs: 0.003906249999999646,0.003906249999999646,0.003906249999999646,0.003906249999999646,0.003906249999999646,0.003906249999999646,0.003906249999999646,0.003906249999999646,0.003906249999999646,0.003906249999999646,0.003906249999999646,0.003906249999999646,0.003906249999999646,0.003906249999999646,0.003906249999999646,0.003906249999999646,0.003906249999999646,0.003906249999999646,0.003906249999999646,0.003906249999999646,0.003906249999999646,0.003906249999999646,0.003906249999999646,0.003906249999999646,0.003906249999999646,0.003906249999999646,0.003906249999999646,0.003906249999999646,0.003906249999999646,0.003906249999999646,0.003906249999999646,0.003906249999999646,0.003906249999999646,0.003906249999999646,0.003906249999999646,0.003906249999999646,0.003906249999999646,0.003906249999999646,0.003906249999999646,0.003906249999999646,0.003906249999999646,0.003906249999999646,0.003906249999999646,0.003906249999999646,0.003906249999999646,0.003906249999999646,0.003906249999999646,0.003906249999999646,0.003906249999999646,0.003906249999999646,0.003906249999999646,0.003906249999999646,0.003906249999999646,0.003906249999999646,0.003906249999999646,0.003906249999999646,0.003906249999999646,0.003906249999999646,0.003906249999999646,0.003906249999999646,0.003906249999999646,0.003906249999999646,0.003906249999999646,0.003906249999999646,0.003906249999999646,0.003906249999999646,0.003906249999999646,0.003906249999999646,0.003906249999999646,0.003906249999999646,0.003906249999999646,0.003906249999999646,0.003906249999999646,0.003906249999999646,0.003906249999999646,0.003906249999999646,0.003906249999999646,0.003906249999999646,0.003906249999999646,0.003906249999999646,0.003906249999999646,0.003906249999999646,0.003906249999999646,0.003906249999999646,0.003906249999999646,0.003906249999999646,0.003906249999999646,0.003906249999999646,0.003906249999999646,0.003906249999999646,0.003906249999999646,0.003906249999999646,0.003906249999999646,0.003906249999999646,0.003906249999999646,0.003906249999999646,0.003906249999999646,0.003906249999999646,0.003906249999999646,0.003906249999999646,0.003906249999999646,0.003906249999999646,0.003906249999999646,0.003906249999999646,0.003906249999999646,0.003906249999999646,0.003906249999999646,0.003906249999999646,0.003906249999999646,0.003906249999999646,0.003906249999999646,0.003906249999999646,0.003906249999999646,0.003906249999999646,0.003906249999999646,0.003906249999999646,0.003906249999999646,0.003906249999999646,0.003906249999999646,0.003906249999999646,0.003906249999999646,0.003906249999999646,0.003906249999999646,0.003906249999999646,0.003906249999999646,0.003906249999999646,0.003906249999999646,0.003906249999999646
