HitRate: 2266338/3000000 0.755446
CumReqs: 31278,60510,31206,42604,47577,51293,44412,43647,33572,72930,36235,35017,48723,60073,82825,48179,35009,87690,59431,50522,67787,33259,54045,47155,57075,31062,49731,30151,45900,69336,30029,53733,41541,55076,45016,30395,36938,46095,59306,30972,46300,37870,57568,50389,39776,46060,43320,48078,52391,44141,70285,57566,56587,39020,28619,31121,58985,38537,41215,31290,35394,57919,35632,34602
CumProbs: 0.006364835359559449,0.01630199156805896,0.006527050713144946,0.007359300167785397,0.009657676743888339,0.009481454843708112,0.007523144189579582,0.0060280267740024165,0.007746923201453552,0.014385700553714622,0.005040728105894703,0.006283076215483229,0.007468420937767607,0.006065160409160544,0.010857028012767457,0.0072921990375873855,0.004994799662409652,0.006337473733653463,0.012894817675480045,0.009854745597139792,0.010083736347281573,0.007347573756682829,0.006654086833422749,0.011602632318705614,0.014615668504781597,0.006383076443496774,0.007381450055423578,0.00626092632784505,0.006671024982793123,0.010913054199146387,0.0033781835984642316,0.007927379638976375,0.0063309590608187066,0.010325104975809392,0.00708112363774119,0.00503942517132775,0.007103273525379374,0.005417601929385504,0.005890567177189002,0.0064570179801712885,0.008035848941675115,0.007449854120188548,0.013256056284167426,0.008367120055322603,0.00893682819472227,0.009368099536383305,0.007480147348870179,0.004852128327328432,0.013069736641093318,0.007285684364752619,0.01817137693799302,0.007857998373286195,0.008084383254294059,0.009136502917107622,0.004925418396719467,0.005835843925377026,0.004653756539510019,0.008980476502715157,0.008706860243655285,0.0066609272398992425,0.005753107580375592,0.0058573423457317355,0.007986337428130942,0.007645620038873052
