HitRate: 2960052/3000000 0.986684
CumReqs: 28450,53025,36873,59523,23150,25002,37361,27291,34238,64340,52956,44205,30190,25345,105615,53669,40230,42094,54222,71333,48948,54552,37725,74561,49084,63381,42765,44095,27077,74823,26898,62625,28897,30557,34039,45698,51639,44611,115021,63784,29757,44000,43504,40010,79504,55171,37883,30009,36367,40770,96012,24901,50124,34249,36075,33989,25433,26124,51983,81548,39714,47248,20968,64765
CumProbs: 0.010525661096345923,0.016757078190798667,0.012505309401584942,0.01794972148396259,0.0076822490018325,0.008235336949794305,0.012241659688596002,0.008712576303685637,0.011249863472530678,0.022379279377677454,0.016694275554908326,0.01425255761459206,0.00964126648948435,0.012037475273358333,0.028185944345335657,0.01792120241259208,0.016263152146211816,0.013741641484933443,0.016956711690392125,0.022513683086370313,0.016358721374740617,0.01787872719991261,0.012399121369886279,0.02369024647759128,0.01632019028895279,0.020441802890741628,0.013628778776956589,0.011655805147995779,0.008764456742029834,0.023368648438732566,0.008699530345505508,0.020113530175604674,0.009560563585393369,0.009144609895510974,0.011059331804225664,0.014725246052839166,0.01450983604567905,0.014239208262035657,0.03437185228334609,0.021240943677868003,0.009849091637237415,0.014027438987390927,0.013699773061006525,0.012758643705780271,0.01989447943592918,0.01816634506862781,0.012175823108942854,0.009720149027317632,0.011727406220798287,0.012932792077766049,0.025197509738959477,0.008253237217994916,0.015827781216247377,0.010849079501462352,0.013181272071940883,0.010880632516595667,0.008103360396111696,0.008609118821373522,0.01751344037086929,0.02565108433150082,0.011173711484083927,0.015009526583415256,0.006729894054683805,0.020333491098409
