HitRate: 929517/3000000 0.309839
CumReqs: 370276,372425,377600,377958,378392,377192,374669,371488
CumProbs: 0.0019074263309489668,0.0018740971970865,0.0014344859214405654,0.00199474866166863,0.0019620861104834124,0.0015231414175147268,0.0018487670553510257,0.002357702929430891
