HitRate: 2743675/3000000 0.914558
CumReqs: 3000000
CumProbs: 0.9190135904330449
