HitRate: 1327242/30000000 0.044241
CumReqs: 937059,938325,938714,938360,938354,935752,937189,937365,937506,935781,939032,935277,937126,936705,937799,937887,937238,936647,936893,938275,937802,937463,937765,937721,938532,937395,939410,936565,937388,936750,937929,937996
CumProbs: 0.004152867245805153,0.004119376621296758,0.0041380022097931395,0.004127588893810469,0.004142048842112684,0.004117196393734968,0.004160118208388935,0.004173648938674811,0.004137409043244014,0.0041528798455921665,0.004141294085356718,0.004103016874243918,0.004169259332166651,0.004149870499527628,0.0041229653318702285,0.004089722208758524,0.004178074664861767,0.004111436418245321,0.004167194614226538,0.0041374702127577176,0.004152861824815157,0.004128231678260098,0.004175552114150989,0.004157162505819956,0.004168439807817944,0.004171517189694171,0.004172240234309665,0.004113563653351183,0.004146763807847154,0.004122594089540771,0.004148772078481025,0.004213427781379735
