HitRate: 901122/3000000 0.300374
CumReqs: 93680,94050,93666,93896,93907,93290,93750,93865,93124,94102,93163,93762,94417,94203,93848,93082,93331,93985,93352,93992,93881,93593,94265,93849,93499,93971,93348,93803,93718,93546,94214,93848
CumProbs: 0.02812499999999898,0.02812499999999898,0.02812499999999898,0.02812499999999898,0.02812499999999898,0.02812499999999898,0.02812499999999898,0.02812499999999898,0.02812499999999898,0.02812499999999898,0.02812499999999898,0.02812499999999898,0.02812499999999898,0.02812499999999898,0.02812499999999898,0.02812499999999898,0.02812499999999898,0.02812499999999898,0.02812499999999898,0.02812499999999898,0.02812499999999898,0.02812499999999898,0.02812499999999898,0.02812499999999898,0.02812499999999898,0.02812499999999898,0.02812499999999898,0.02812499999999898,0.02812499999999898,0.02812499999999898,0.02812499999999898,0.02812499999999898
