HitRate: 2939968/3000000 0.979989
CumReqs: 23693,23334,23736,23529,23403,23503,23471,23219,23044,23565,23144,23546,23377,23624,23488,23373,23371,23297,23368,23348,23445,23438,23398,23446,23478,23351,23578,23302,23344,23188,23346,23504,23162,23291,23362,23750,23510,23367,23571,23367,23247,23541,23414,23399,23398,23477,23345,23399,23378,23379,23458,23468,23855,23499,23257,23379,23259,23353,23497,23625,23470,23200,23417,23634,23463,23495,23657,23492,23519,23376,23243,23439,23369,23385,23526,23167,23285,23340,23353,23435,23315,23388,23459,23358,23571,23577,23540,23401,23584,23693,23444,23601,23348,23638,23637,23297,23598,23551,23662,23536,23357,23585,23511,23577,23431,23471,23236,23412,23316,23421,23369,23540,23276,23217,23559,23378,23379,23366,23251,23548,23377,23579,23797,23523,23388,23509,23537,23369
CumProbs: 0.0076610942138952655,0.0076406703147549855,0.007654535671383985,0.007653828957612665,0.007652127337877067,0.007648783030779691,0.0076624958956529755,0.007657302332712128,0.007648650015868348,0.007658005574288357,0.00764966910512894,0.007652045687039282,0.007668325684092056,0.00765313988964533,0.007658014146270003,0.007649401474841319,0.007663632605522402,0.0076544892036480615,0.007667879127250908,0.00763344534136081,0.00765114245516351,0.007651924648488363,0.0076532855590801955,0.007647718911488961,0.00766085807750225,0.007654065066879162,0.007654172162396626,0.007658840732151668,0.007667738096451657,0.007652475981529162,0.007660415833778465,0.007656834467986245,0.007658995502535415,0.007654164173635286,0.007647254396888844,0.007640812322109125,0.007657986721354025,0.007661578707180486,0.007652627198338238,0.0076529935149208346,0.007670475583203024,0.007650542891162712,0.007665761942728072,0.007655060488247389,0.007675146770667643,0.007651638585727574,0.007661746077834711,0.007662144688544354,0.007659755736938935,0.007663539317405717,0.007650986776041206,0.007657056525713196,0.007661895843374726,0.007651365001167886,0.0076470588553392395,0.0076626470446457175,0.007637858107992785,0.0076656973273474495,0.007662870309503012,0.007661933006712871,0.007655287713577237,0.007634725197898368,0.007650317442620209,0.00765705333834662,0.007652995888491701,0.007663698211021147,0.007651112683803212,0.00766068042589537,0.007648466938956636,0.007649839405447763,0.0076549725983090094,0.007647306479815282,0.007636689348135006,0.007666033682684103,0.007652726345784117,0.007664624907340337,0.007658003783937734,0.007664463938545825,0.007648695507049436,0.007669731339885501,0.007650607913441165,0.00765979504327249,0.007664554758148807,0.0076508035499336085,0.007660674634382433,0.007651872796137401,0.007662054547104483,0.007664650609722025,0.007662445331811896,0.007659870834781088,0.007660889612086617,0.007655787099324223,0.0076661497028280385,0.00765256376296143,0.007653068967347855,0.007646143701356088,0.00766305594987128,0.0076639243377267414,0.007650549984748784,0.007669930231560824,0.007660369257536451,0.007664447065847788,0.00765612156936741,0.007637661535635287,0.007652471098754826,0.007648825863561379,0.007653119951650048,0.007664464508202847,0.007660211489671786,0.007660318042658785,0.007652194055563311,0.0076599497729664505,0.007649447454299833,0.007653509800492386,0.007656913311228782,0.007647847979491045,0.007661479505481544,0.0076607626735167075,0.007661621879043731,0.0076520638618105055,0.007651842441556829,0.007643071161341264,0.007649966872984912,0.007652202885246942,0.007653493592394169,0.007653515361429822,0.007662080859832943,0.007659005593602408
