HitRate: 300088/3000000 0.100029
CumReqs: 3000000
CumProbs: 0.09999999999999977
