HitRate: 2085656/3000000 0.695219
CumReqs: 41855,46387,46540,44233,46400,52959,49453,42172,44096,50379,45841,47665,46567,45970,42225,47482,46972,47783,46077,49130,42207,47684,46127,47334,47015,48759,47188,44054,45968,49045,43371,48705,49091,47001,54826,47912,48126,47024,47023,45823,47083,47694,45892,46194,45411,44925,49461,49118,45394,48721,47014,46624,44570,45356,41134,47541,44223,47780,50462,51212,46465,49022,46621,47614
CumProbs: 0.0015809934917874141,0.0016604754952659986,0.0017170108115478371,0.0019830593587564886,0.002398760213770007,0.002413060323182473,0.001478232240428072,0.0015693538678470348,0.001640854414909361,0.0018902749279174718,0.001851697888572217,0.0019318450134188235,0.0016265543054968955,0.0023359062444919644,0.0018184418201711355,0.002756928070449655,0.0019544591399315594,0.0024912120839250145,0.0019035773552779048,0.0018317442475315683,0.0019268566031586615,0.00225243351280525,0.0017519296833689727,0.002027955051097949,0.0018902749279174718,0.0014409854438188609,0.0017991533004985088,0.001490869546420483,0.0016664615875781935,0.0016751081653624744,0.001656152206373858,0.0018134534099109735,0.001813120849226963,0.002413392883866484,0.0019780709484963272,0.0024034160633461593,0.0018653328766166605,0.002160314203334254,0.001995364104064889,0.0019950315433808785,0.002130051181089269,0.0024396651779033385,0.0017535924867890264,0.0016761058474145068,0.0018004835432345516,0.0018626723911445737,0.0018330744902676117,0.0018746445757689633,0.001715015447443772,0.0018583491022524333,0.0014004130403695416,0.0018799655467131363,0.001941489273255137,0.0019897105724367057,0.0012397862299923178,0.0021476768973418426,0.0018207697449592118,0.0022381334033927842,0.0020419225998264032,0.002232812432448611,0.002087815974219896,0.0023109641931911523,0.001591967994359771,0.002413060323182473
