HitRate: 1764076/3000000 0.588025
CumReqs: 23761,21804,23502,16980,19266,18478,16700,14502,14321,17306,16697,105473,101528,104812,54226,55477,53939,19020,17530,21732,23260,25374,23469,17897,19393,22542,22131,22855,17867,18792,14610,13990,27993,27242,27090,20251,22961,24377,20552,28063,28857,23759,13093,14209,14404,15146,13277,15194,14457,13140,13637,14747,14112,11284,10574,14745,15947,16759,13828,14743,18564,19121,19544,13252,12420,13648,14283,12863,19475,25392,26711,20775,18246,29888,28143,25870,13650,25863,34755,79653,86519,76897,33831,23704,22805,21971,14965,18519,29560,27337,24344,12461,10870,10771,10947,10423,11037,12753,12889,11262,39952,40730,46929,19964,20090,15636,13948,16012,17181,16617,16088,14125,18480,18291,18656,14343,13669,13515,31092,32146,31731,13859,11913,13118,12522,13198,12827,13712
CumProbs: 0.0140900216491117,0.01178363906324669,0.01376490306717335,0.007555437035423312,0.009520096413101848,0.008460721258471264,0.005156732727618706,0.005966042210952477,0.005839514958941741,0.008083796242638755,0.00782542825821788,0.09769763573368703,0.09281388306158755,0.09552873945315654,0.045523907506918315,0.04496101067710677,0.04504801891864695,0.008889120615672973,0.008942919604716909,0.011980569930549492,0.011830132016741449,0.012183478463301615,0.01291972759114362,0.007398689363640982,0.007784580877647485,0.011526599448925666,0.012278789017965875,0.011526931541450628,0.008178774704778048,0.008085788797788528,0.006062681135716584,0.004899028928247757,0.019938835198752388,0.01937593836894085,0.018067493820588344,0.010293871996264626,0.012505608212515305,0.013096068721898745,0.010299849661713947,0.018745958849086863,0.018700462173166992,0.015649528146335905,0.003050601934306121,0.004629037705453192,0.005798003393321421,0.005114224884423501,0.004196321145426969,0.004869472693526089,0.0031638454853183556,0.0037287348702796787,0.005116549532098238,0.00533074921069909,0.005789368987672393,0.0025292166701148945,0.0014323150601635419,0.006728194555741565,0.0064379456889242835,0.0056791142693848225,0.0031193450869733716,0.00477781515663642,0.007580011882270543,0.008314268454962772,0.009657250625911386,0.0041627798004057505,0.0033508135768722798,0.00474659845928994,0.005419085822339134,0.004274362888793172,0.009861487528763362,0.016139032528130728,0.01722796391748298,0.011156648376117366,0.007462783220958758,0.019279963629226664,0.017453786834457516,0.016455184611895084,0.004218571344599462,0.015167661892615227,0.023849888865236524,0.06910214468673546,0.07625807441462881,0.06835958580091916,0.023623733855737013,0.013106695682697542,0.013590886584092965,0.012508929137764933,0.005966706396002402,0.008190730035676701,0.020126467475356253,0.017610534506239856,0.01596601232262523,0.004938547938718302,0.002076906651115881,0.0018746623034136781,0.0013599188897217029,0.0014482555013617454,0.002577370086234466,0.0035244979674277023,0.0024352344855504875,0.0023030616606153874,0.030067657210110624,0.029556566814193243,0.03595765023284668,0.011284503998227953,0.0107491708479883,0.005295215310528098,0.0034720273484836147,0.005028212920458194,0.008590901528256591,0.006222417640223579,0.00580066013352112,0.0026205421144795994,0.00785033519759007,0.008771559861836226,0.007708531689431055,0.00440487525110346,0.0052815995170046315,0.00406149158029217,0.020932123940915422,0.02059073282525391,0.019926547775328783,0.0033073094561021847,0.0026507625342511933,0.004634683278377553,0.004744937996665127,0.003668294030736492,0.003810097538895507,0.003919688072133153
