HitRate: 2439166/3000000 0.813055
CumReqs: 3000000
CumProbs: 0.5069042867274761
