HitRate: 35179/3000000 0.011726
CumReqs: 3000000
CumProbs: 0.008687500000000008
