HitRate: 2743177/3000000 0.914392
CumReqs: 93298,96304,93387,89532,92785,90433,95791,91662,92103,96379,95599,91729,96925,98168,100784,100317,89865,93798,93141,94414,96254,93279,93793,95490,89199,91188,94242,86544,89161,97090,95845,91501
CumProbs: 0.019279631965257893,0.020453172159913702,0.019993882160772556,0.017958721160641476,0.01840354533303797,0.01868894403985333,0.020031252213196106,0.018613299820834733,0.019128343527220572,0.019643989976387513,0.019984539647666652,0.019438756059448482,0.02030339057882892,0.02019188316433932,0.01977719613099405,0.02129490245361518,0.019016836112731007,0.018951438520989704,0.019327550016349396,0.019962238164768772,0.019973388906217717,0.019555688158967365,0.0188296844792227,0.0200601838666853,0.01845809355472074,0.01947009868406177,0.018674176841718185,0.018229051297931242,0.01738069083363846,0.020135526714313453,0.02030971937802967,0.018996945600957115
