HitRate: 3964711/30000000 0.132157
CumReqs: 936395,939228,938752,938109,936525,936412,936823,937646,937439,935204,937208,937023,936267,938354,936798,937674,937291,937792,937659,936902,936582,939105,938831,937727,938182,936749,938415,936306,938556,937440,937492,939114
CumProbs: 0.004157125873989995,0.0041192285293116205,0.004137117848407464,0.004129149498742599,0.004109775466404554,0.004105037809768767,0.004139545434137233,0.004149792761055292,0.004117961478149639,0.004150289864536558,0.00412580615198571,0.004141246455297227,0.004114585885399764,0.004058220160935134,0.00413424523368649,0.004108182489611775,0.0041280945519525,0.004130093469317001,0.004126356080822743,0.004138005297891127,0.004168048372409235,0.004092874501424968,0.004163380678662462,0.0041199436594553315,0.00418580766369961,0.0041099290314628644,0.004154145564293046,0.004101974774635896,0.004130135971354314,0.004133304737493584,0.004180081626905985,0.004081035384776398
