HitRate: 1646473/3000000 0.548824
CumReqs: 3000000
CumProbs: 0.5495668954058877
