HitRate: 2441939/3000000 0.813980
CumReqs: 186602,176642,153808,162198,179509,247299,239827,224830,158851,171188,203668,196519,186375,156290,165187,191207
CumProbs: 0.15355651148338642,0.14446845454938753,0.12114916469342263,0.12951129504495962,0.14680964961137333,0.21489743359899607,0.20768651252078202,0.19169245892458747,0.12650510792460384,0.13897729710565554,0.1710938200306328,0.16492356997750549,0.15379496187311406,0.12366233611885631,0.13324089079223334,0.15873040652895162
