HitRate: 28214522/30000000 0.940484
CumReqs: 30000000
CumProbs: 0.972214977598592
