HitRate: 1511910/3000000 0.503970
CumReqs: 3000000
CumProbs: 0.5063135804048873
