HitRate: 10048/3000000 0.003349
CumReqs: 187032,187665,186483,186744,187432,187893,188467,187518,187619,188089,187623,187846,187203,187806,187098,187482
CumProbs: 0.0006548629153630506,0.0006375332097147664,0.0006515302796614574,0.0006468645896792274,0.0006308679383115801,0.0006282018297503056,0.0006035403255585166,0.0006362001554341291,0.0006491974346703424,0.0006668604038887858,0.0006332007833026951,0.0006708595667306978,0.0006601951324855997,0.0006358668918639697,0.0006312012018817395,0.0006545296517928913
