HitRate: 2962445/3000000 0.987482
CumReqs: 25147,12994,28646,24387,17797,29216,23936,25636,15006,14444,21151,12843,14467,15866,30274,53679,21341,33835,19054,27807,16722,12299,18997,32470,26949,36849,13217,24825,14742,29111,12415,13436,15731,19549,9889,26662,20591,35381,57588,37838,16328,21191,12047,59600,34756,19983,18717,18713,13468,22498,64752,13529,11125,10383,18742,29306,12514,20893,21978,15724,28586,17600,14757,9408,23305,24019,10380,10144,53930,16682,14496,16529,22034,44053,14233,12705,23423,32810,62608,12370,24160,59777,14237,32848,29004,25100,45197,58302,25717,26901,16894,20458,23380,28130,18111,40278,12716,16084,10799,12833,42551,13780,26752,17369,11083,14475,26505,21538,19506,12815,50557,24316,30769,16237,17272,18183,13111,22261,26524,17848,18020,21033,27927,24677,10268,17207,16972,16412
CumProbs: 0.007973948339103728,0.004097445168613132,0.00876132496966786,0.008818455804966702,0.005865251915846009,0.008788942719433172,0.007490366955958083,0.007556162183340158,0.004930851382119458,0.005407663708950073,0.006564360052062166,0.00978128637521637,0.004271003772530462,0.005228689859980716,0.01170532294220011,0.01546187843478841,0.008377654857732036,0.010498264820104204,0.005896931099400337,0.008501663969423362,0.00559340661423446,0.004424796732007916,0.007788746958324541,0.00968787339806898,0.008733707219902544,0.011042226185579913,0.004219288182283645,0.008247688976483487,0.004752148295402703,0.010949896257442903,0.004028130031947235,0.007227186046429771,0.006117060810765072,0.0060453088138257725,0.0032483347444559356,0.009466931399946447,0.006853804900092793,0.010409454801251028,0.01678292746522939,0.012032945267847501,0.005367590895565107,0.0063388150956454085,0.003916034459370364,0.017718681810218948,0.010061796068911163,0.006699741178362733,0.005969224620844847,0.006068594367549469,0.00425990252017382,0.00671652843802401,0.020107887927171456,0.00471451234229114,0.003590578231743789,0.003278389354494667,0.005777524946003242,0.009279834683399046,0.004057643117480763,0.006559215569262746,0.006760121160692789,0.005941065346574329,0.009382995101640085,0.008865568436919293,0.004836896880466858,0.0030536566848357156,0.0070390062808719745,0.007575115541022233,0.0034213518238680705,0.0032453563596773266,0.019592627360471473,0.006253254223823444,0.004682833158736808,0.005628876469325208,0.007196589911885842,0.013708692849195979,0.004691768313072643,0.004121272246842028,0.0069152679314332475,0.011963630131181615,0.019040272365165145,0.008192724239205454,0.01064420567425622,0.016853054888653084,0.004715595391301549,0.011494399147423817,0.007477911892338426,0.0074949699142523,0.014625764598756072,0.017278693149742088,0.00933534094518229,0.008272057579217592,0.005567413437984749,0.005990885601052943,0.006946134828229783,0.012677900953543422,0.00540278998840326,0.010779857562809402,0.004558824047045485,0.005088705775385925,0.003474421225377895,0.0033555565964859973,0.0175667841865097,0.004556387186772072,0.008997971178441267,0.005709834382852954,0.0036669331869773106,0.0051103667555940195,0.007895698048102001,0.006919329365222265,0.006438997129107835,0.0041107125189905865,0.011734294503228434,0.007710496667322812,0.0098105286984973,0.005309647773508452,0.00555766599689111,0.005573370207541978,0.004384182394117744,0.0068692383484910535,0.009237054247488075,0.005910469212030401,0.005604237104338504,0.006249734314539635,0.008433702644020474,0.007646326013456345,0.003280013928010273,0.0054168696255385085,0.005527611386852375,0.005065149459409621
