HitRate: 9770679/30000000 0.325689
CumReqs: 469644,470105,468212,468033,468367,467892,469838,468629,468509,468662,468447,468511,469668,467202,468029,468608,468215,469023,467763,470029,469204,469523,468754,468108,468873,468874,467345,467724,468486,468189,468679,468667,468306,468838,468734,467452,466788,468445,469665,469310,469738,469298,469054,469685,469503,468948,468988,469845,469077,469150,467984,469024,469001,469868,468796,468890,467481,468735,468727,469159,469096,468750,469668,468185
CumProbs: 0.012874305555556223,0.012840625000000543,0.0128208333333342,0.012853472222222865,0.012858680555556274,0.012898958333333942,0.012827430555556374,0.012874305555556366,0.012812847222222971,0.012895138888889617,0.012845833333334005,0.012848263888889658,0.01289548611111179,0.012884027777778462,0.01284583333333412,0.012878819444445189,0.01286180555555626,0.01286805555555627,0.012856250000000695,0.012877083333334075,0.012869444444445162,0.012827777777778479,0.012877083333334063,0.012880555555556155,0.01285104166666739,0.012859027777778469,0.012851736111111779,0.012863888888889514,0.012878819444445076,0.012844097222223048,0.012891666666667313,0.012911805555556226,0.012840277777778441,0.012872222222222916,0.012881250000000562,0.01287222222222283,0.012819444444445157,0.012878125000000667,0.012868055555556226,0.01286527777777839,0.012857638888889493,0.012822569444445242,0.012831597222222855,0.012893750000000686,0.012843402777778415,0.012908333333333952,0.012875000000000605,0.012819791666667395,0.012835416666667387,0.012855555555556314,0.012876388888889664,0.012874652777778496,0.012837152777778521,0.012880208333333911,0.01285868055555632,0.012859375000000678,0.012879166666667347,0.012836458333334045,0.012814236111111751,0.012866666666667416,0.012863194444445097,0.012892708333334054,0.01282326388888965,0.012903819444445203
