HitRate: 3964179/30000000 0.132139
CumReqs: 30000000
CumProbs: 0.13218294509012168
