HitRate: 364111/3000000 0.121370
CumReqs: 3000000
CumProbs: 0.07935416666666509
