HitRate: 3479924/30000000 0.115997
CumReqs: 30000000
CumProbs: 0.08400996093821982
