HitRate: 2703017/3000000 0.901006
CumReqs: 59543,77694,62264,101728,67584,364928,76140,62222,95599,66291,212327,74346,62103,90411,65895,178147,72344,61445,86270,64897,142991,70962,60228,83256,64266,123162,69964,59375,80072,63458,111075,69013
CumProbs: 0.01693525330910584,0.022863153196397836,0.017784029796643588,0.030880476027924125,0.019400369618885825,0.11887492712275002,0.022455436758393517,0.01757241341060247,0.028765962841351102,0.01925147883869154,0.06787768903021597,0.021669385876702606,0.01784345405481426,0.027132786145960486,0.01895039593062681,0.05642861528933341,0.021224364209957797,0.01744927314228214,0.02559270745503728,0.018766510865065353,0.04468374079666801,0.020745668796916278,0.01696496543819118,0.02480797711241683,0.018090394860990146,0.038272523609587904,0.02011577166030717,0.016958362742838885,0.02373735006104193,0.01819207636941552,0.03360606866935219,0.019711356569979
