HitRate: 2577115/3000000 0.859038
CumReqs: 24744,24143,24198,23814,23810,22139,22887,22913,24099,23165,24213,24452,23896,23051,22726,24335,24546,24193,23054,23941,24190,23838,23440,22367,22206,21892,22261,22827,23113,22856,22323,22076,23671,24717,25585,25113,24764,24649,24651,23682,22565,23126,23670,24979,23223,22921,22581,23530,23108,23376,23201,23149,23354,24976,24985,23100,22817,23063,24118,23707,23216,22178,23723,23242,23644,22837,23386,23769,23295,22764,22991,22928,22938,22903,22912,23784,24573,24967,23444,22676,22585,24130,24290,22424,22329,21951,23987,23776,24381,24773,24547,23570,23953,23775,23141,22385,22816,23004,24595,23919,24040,23497,23857,24232,23627,24495,24451,24418,23037,22693,22385,21921,22727,23010,23240,23039,23031,22658,23178,22356,22381,21695,21388,22887,23398,23657,23651,24461
CumProbs: 0.020314096968881038,0.020733039024788343,0.020444791969738838,0.020612368792101755,0.02045556276716945,0.020652421237958754,0.020485403937540402,0.020433788038164483,0.02053771923934633,0.020472115291359592,0.020513053646961835,0.020345290317284173,0.020091640369132985,0.02020988600672694,0.019940103175844548,0.020706181971454723,0.02041509067985427,0.02045994568906783,0.019973441358367844,0.020184614265569542,0.020412059935988547,0.020477897018118862,0.020608358884833134,0.020445258238026037,0.020262900710963663,0.02041583670911352,0.020486895996058838,0.020828017874858853,0.020611669389671107,0.020547417619717005,0.020392103653303024,0.019930917690589557,0.020197856284921146,0.02050932350066533,0.020854921555021194,0.02046675320605849,0.020598520623976654,0.020524710354137835,0.020669906298722864,0.020632884596731703,0.020474260125480113,0.020411826801844984,0.02055954059518004,0.0205848123363376,0.020264812410940476,0.020682169154672008,0.020632511582101727,0.020570777660897484,0.020295073222769737,0.020192214438647937,0.020342819095362754,0.020214362182282508,0.020275536581542637,0.020229376021125508,0.020365992629228717,0.019998060323923848,0.01985626813783409,0.01991949411755731,0.02040264131659034,0.020708699820204745,0.02040254806293267,0.020189276948439836,0.020255813433000827,0.020760269092751405,0.020605607901939674,0.02046153100124362,0.02026504554508411,0.02042534858216931,0.020950040285577665,0.020766423834140544,0.02065633789156984,0.020374338831566814,0.02014936438306887,0.020794772945992687,0.02081584827256694,0.021422696448152465,0.020986828853425378,0.021083672776644056,0.020163399058509,0.0203159154152004,0.020460691718327165,0.02111864289817217,0.020778173794973924,0.020345103809969328,0.01984862133792671,0.020206482248231607,0.020480181732725273,0.02082997620166426,0.020448242355062842,0.02075686533425606,0.020801487209326282,0.0205726427340456,0.020153420917166126,0.02029330140327904,0.020269987988926784,0.020465261147540006,0.019999505755613493,0.020114301007883393,0.020404319882423607,0.020340487753927394,0.02030467834948281,0.01987067582790381,0.020225319487028146,0.020505173712910784,0.0207683355341173,0.02073704893205697,0.020469084547493775,0.020420359511497833,0.020206388994574085,0.020102504420220976,0.02010189827144811,0.020197996165407482,0.020185919816772917,0.020403760360479167,0.02074712032705691,0.020657783323259616,0.020417375394460736,0.020445164984368543,0.02022732444066267,0.02060206426295797,0.020295166476427134,0.020259683459783073,0.019892403930079915,0.02017211827547664,0.02060239065075907,0.020290830181357414,0.020303932320223393,0.02019972135806956
