HitRate: 28517045/30000000 0.950568
CumReqs: 30000000
CumProbs: 0.8493595486164983
