HitRate: 1510698/3000000 0.503566
CumReqs: 23645,23252,23217,23338,23823,23305,23574,23326,23283,23142,23355,23762,23254,23491,23775,23710,23079,23168,23307,23622,23557,23350,23724,23544,23709,23609,23285,23572,23561,23468,23361,23281,23450,23291,23182,23749,23789,23430,23654,23512,24118,22943,23533,23502,23123,23510,23359,23595,23494,23199,23531,23332,23297,23239,23648,23557,23421,23923,23328,23729,23691,23191,23558,23403,23376,23226,22981,23332,23675,23398,23267,22943,23600,23652,23116,23317,23490,23537,23700,23341,23405,23206,23657,23601,23445,23642,23693,23374,23382,23420,23097,23367,23318,23414,23248,23372,23711,23533,23166,23208,23982,23152,23545,23305,23635,23576,23454,23406,23426,23399,23352,23150,23375,23300,23500,22938,23296,23339,23618,23972,23520,23234,23251,23696,23452,23628,23289,23270
CumProbs: 0.004029594311098921,0.003913888518952676,0.00393696374815563,0.004015419527445677,0.003994651821163019,0.003938611978812984,0.00397058765356565,0.003965642961593588,0.004001244743792433,0.003928392948737389,0.0039010323198253164,0.004026297849784214,0.003924766841291208,0.003996300051820373,0.0039679504845138835,0.003948171716625634,0.0038581783227341123,0.0039389416249444534,0.003952457116334756,0.0039794880991153615,0.003923118610633853,0.003959050038964174,0.004040472633437458,0.003949160655020048,0.003997948282477724,0.0039445456091794584,0.003944545609179457,0.004064866447166293,0.00403783546438569,0.004025308911389803,0.003993333236637134,0.003934656225235335,0.003965972607725061,0.003967950484513885,0.00392048144158209,0.004042780156357751,0.0040272867881786245,0.003952786762466227,0.004025638557521272,0.004008826604816261,0.00408332663052866,0.0038347734473996847,0.003960368623490055,0.003942897378522104,0.003963994730936235,0.003966631899988001,0.003973884114880355,0.004027286788178622,0.004017727050365974,0.00390729559632326,0.0040164084658400896,0.003886198243909129,0.0038954283355903114,0.003931359763920626,0.003988058898533604,0.003977510222326537,0.003936963748155629,0.003995311113425961,0.0040084969586847916,0.004004870851238612,0.004042450510226281,0.003914547811215615,0.004002563328318314,0.0039725655303544756,0.003999926159266548,0.003978499160720949,0.003937623040418571,0.003912240288295319,0.00401673811197156,0.003960368623490057,0.0038937801049329568,0.0038885057668294224,0.003993333236637134,0.0040556363554851114,0.003931689410052099,0.0039798177452468305,0.003974213761011828,0.00397124694582859,0.004018386342628916,0.003985751375613308,0.003941249147864749,0.003982454914298598,0.003989047836928014,0.004034209356939512,0.003935315517498277,0.004019045634891858,0.004029264664967451,0.0039949814672944894,0.003935974809761218,0.0039132292266897345,0.0039020212582197267,0.003982125268167128,0.003947182778231224,0.00398344385269301,0.0039316894100520985,0.003962676146410351,0.004005859789633024,0.003945534547573871,0.003968609776776826,0.003896417273984722,0.004140355411273107,0.003955094285386524,0.004027946080441568,0.004018386342628917,0.003937623040418571,0.003975861991669183,0.003980147391378304,0.0039699283613027075,0.003971576591960063,0.003975861991669182,0.00396696154611947,0.003913888518952676,0.003960698269621527,0.003968609776776825,0.003958061100569761,0.0038950986894588373,0.0039135588728212035,0.004011793419999498,0.004037176172122749,0.004012782358393911,0.003996629697951841,0.003906636304060318,0.003971906238091534,0.004038494756648632,0.003975202699406241,0.00400783766642185,0.003907295596323259,0.003920481441582091
