HitRate: 9929/3000000 0.003310
CumReqs: 94088,93978,93946,93936,93565,94125,93628,93118,93834,93670,94000,94161,93712,94166,93283,93914,94007,93321,93900,93717,93610,93645,93511,93956,93731,93220,93509,94096,93448,93416,93948,93841
CumProbs: 0.0003325256757801358,0.00032386268222273757,0.0003161992648450391,0.00035984742469193066,0.0003281941790014367,0.0003215303378034381,0.0003381899407984348,0.00033552440431923534,0.00032719460282173686,0.0003385231328583347,0.00033452482813953546,0.00033685717255883504,0.00031619926484503894,0.0003098686157069403,0.0003338584440197357,0.0003315260996004361,0.0003185316092643387,0.000306203503048041,0.00031686564896483895,0.00032486225840243734,0.0003355244043192353,0.000295874549191143,0.00030120562214954193,0.00031953118544403834,0.0003145333045455393,0.0003328588678400358,0.0003358575963791352,0.00031986437750393837,0.0003278609869415367,0.0003115345760064399,0.00032919375518113657,0.0003115345760064399
