HitRate: 366318/30000000 0.012211
CumReqs: 30000000
CumProbs: 0.007787890625000483
