HitRate: 29735856/30000000 0.991195
CumReqs: 160781,154929,154914,1177868,148210,218303,140597,144778,2088077,371502,151719,181309,178551,163081,272937,149967,188321,166731,194913,179385,206678,143939,162928,156711,225407,139849,184084,186117,247086,149813,161775,139463,139481,155303,175611,309077,144225,157919,149150,173318,218644,170468,154275,141806,176935,190690,144861,204757,412856,132934,212302,181381,178044,139390,147691,152776,149691,186602,375249,168625,185333,178852,319875,163886,150641,522141,154751,166716,908088,156195,159780,146036,197886,201010,141281,157577,370154,160827,210503,189445,202587,470271,258047,276830,198043,150994,174214,167043,215050,174112,174266,312402,185245,277768,129042,267956,272970,133269,195766,231028,726790,198593,471274,416933,289168,147609,159305,163920,150613,159751,164811,141501,196659,189846,202999,140986,164458,608223,171610,135054,459767,331862,142639,136141,150791,156483,170276,209274
CumProbs: 0.005348856967715412,0.005160666513176005,0.005149647657594396,0.039256965584060874,0.00493679163982045,0.007276531446943746,0.004651443151114687,0.004812911068556624,0.06957000039725802,0.012346808910425989,0.005051710329365377,0.006020436279987786,0.005919082744066132,0.005404821155274839,0.009075015281412514,0.004977333054189301,0.006249014102395337,0.005534455816418809,0.006463854601561161,0.0059721744174650775,0.006864466119048325,0.004790746495569293,0.005408617948439757,0.005189971594550392,0.007496799819870172,0.004656055484577711,0.006123375588711533,0.0061881023036945626,0.008221244266570551,0.004965707074163608,0.0053731238223600555,0.004639074123261953,0.004621848099856761,0.005161318945414591,0.005811612655909555,0.010267008980946561,0.0047938817949371455,0.005227087739667573,0.0049703103460677295,0.00576987511577052,0.007264171480649754,0.005667189530695407,0.005133246236046124,0.0047070992456727636,0.005886216470057553,0.006302549792178401,0.004802988661597952,0.006789255180456763,0.01373134261275526,0.0044244148552734265,0.007081399838312541,0.006028591682967586,0.005928515826846328,0.004627457204795048,0.004907812774565497,0.00506965221592113,0.004968624896118454,0.006211218340362984,0.012496732401872072,0.005604528851133501,0.00614863015327206,0.005946312728459909,0.010647603514898279,0.005441819500127007,0.005008033615628966,0.017375892527301245,0.005151903985752225,0.005546743290241888,0.030254515266041584,0.005177638812933007,0.0053032682650582435,0.004830744216405935,0.006575248344706711,0.006661478138880556,0.004682315882172783,0.0052265259230177994,0.012322378947721115,0.005329718955389381,0.006997027663706536,0.006275365115578818,0.006739371298896606,0.01565873618365867,0.008563145944162336,0.009219710253392457,0.006581745482414483,0.005018381915854384,0.005765987707016827,0.005559773811892042,0.007147041770741921,0.0057756745134453545,0.005779136028931925,0.010399797064576603,0.006147252796324576,0.009231934296303248,0.004285899866440274,0.008913121470704154,0.009097777917285022,0.0044303682994488,0.006498234155900256,0.0076619376686531005,0.02420023406369019,0.006599478953116057,0.0156887752513015,0.013894405364558235,0.00963245519820245,0.004894428852119679,0.0052924759484480385,0.005428834286271125,0.005001898940276237,0.005329202446533918,0.005477204887500274,0.004702215065443579,0.006542363947580572,0.006315408144210073,0.006768087378944569,0.004668832282579401,0.0054802495712794495,0.020238602081285622,0.00569563376397728,0.004482653494108492,0.01530506354110028,0.011014832249522573,0.0047245608696082995,0.004514477688847561,0.0050064478428271525,0.005191457690204407,0.0056612089018436675,0.0069566402958389185
