HitRate: 16179971/30000000 0.539332
CumReqs: 1875055,1873732,1873944,1874859,1874496,1875102,1875529,1874704,1874265,1875085,1875560,1876747,1872256,1877857,1874938,1875871
CumProbs: 0.028740277777777257,0.028784722222221674,0.028872222222221765,0.028695833333332935,0.02866805555555502,0.028827777777777296,0.028769444444443765,0.028793055555555204,0.028840277777777343,0.02885277777777733,0.028727777777777307,0.0288305555555552,0.028765277777777345,0.028809722222221754,0.02871249999999949,0.02890138888888847
