HitRate: 363965/3000000 0.121322
CumReqs: 3000000
CumProbs: 0.07894010416667156
