HitRate: 2224730/3000000 0.741577
CumReqs: 94783,101581,85164,94232,107770,97096,118156,84759,85025,143878,96158,74933,117487,76624,126417,110959,65963,115425,92276,83623,101905,70445,111587,71295,88037,76997,94070,62605,73903,145746,65878,65223
CumProbs: 0.012465693549035725,0.01045757537200619,0.01487332571663646,0.02149761049759268,0.017538400480471596,0.016178668458106733,0.01715009397808475,0.014935296533655749,0.01859223400180506,0.02903893151763234,0.0139978231102362,0.013773343714543964,0.021074692634636544,0.014494248910401413,0.027647554822746986,0.019871865446852415,0.010644476719080356,0.011909604355889171,0.019691227107881296,0.014649505584955065,0.014335036651782684,0.012347026027083879,0.011791266465942753,0.012246158633424814,0.011868400355211446,0.01240767831608149,0.015525337823360756,0.00896763870749972,0.01412440180031815,0.028229025680310982,0.011921471108084353,0.013445689501154705
