HitRate: 907632/3000000 0.302544
CumReqs: 23474,23459,23358,23600,23243,23186,23521,23530,23408,23367,23701,23781,23472,23478,23191,23485,23559,22962,23290,23487,23421,23399,23213,23672,23263,23718,23895,23467,23272,23424,23507,23120,23391,23184,23219,23678,23096,23852,23696,23524,23379,23408,23612,23761,23449,23313,23662,23421,23315,23512,23310,23405,23510,23538,23561,23249,23444,23436,23612,23351,23239,23456,23156,23449,23507,23285,23426,23593,23659,23516,23474,23174,23438,23657,23380,23482,23240,23639,23372,23671,23544,23572,23618,23441,23732,23495,23547,23355,23295,23594,23519,23315,23387,23201,23256,23590,23313,23338,23337,23632,23354,23251,23549,23630,23265,23478,23582,23593,23377,23702,23394,23517,23361,23396,23604,23292,23302,23201,23369,23201,23510,23286,23407,23341,23165,23474,23384,23310
CumProbs: 0.00994321829250605,0.009986619568140773,0.009952010190785818,0.009950335543494468,0.009954801269604725,0.0099679193400538,0.009982293395971398,0.009960243873301716,0.009987177783904563,0.00994126453733287,0.009958429672069375,0.009971129080695647,0.00995703413265992,0.010028346196484099,0.009958011010246551,0.009964570045471076,0.010010064630220004,0.009960104319360764,0.009959546103596922,0.00995508037748669,0.009934426394226472,0.009955080377486627,0.009986898676022612,0.009960941643006463,0.009959825211478899,0.009996667451889027,0.010006017565932413,0.01002039162185,0.00998117696444376,0.009970431310990853,0.009946428033147896,0.009936101041517906,0.009972105958282233,0.010004063810759209,0.009986061352376927,0.009955499039309501,0.00996694246246721,0.009973222389809818,0.010001412285881162,0.009977269454097331,0.010043138914224422,0.009991224848192098,0.009985224028731352,0.00999666745188898,0.00998899198513685,0.009992480833660531,0.00992116876983655,0.009965267815175849,0.009961918520593027,0.009922843417127769,0.009932053977230324,0.00989884013928485,0.009990108416664424,0.010031695491066783,0.00997740900803821,0.009958569226010345,0.009980618748680038,0.010015507233916792,0.009979362763211442,0.009982991165676181,0.00997043131099081,0.010008669090810414,0.009977409008038162,0.009939729443982392,0.009951451975021982,0.009992759941542452,0.009939031674277685,0.009965826030939566,0.009997923437357477,0.00999610923612517,0.009968338001876622,0.00992312252500967,0.010002110055585873,0.009998062991298474,0.009994574142774753,0.009980060532916215,0.009967500678230946,0.009999039868885064,0.00995563859325046,0.010022345377023295,0.009967779786112846,0.009981456072325716,0.010007692213223835,0.00996708201640814,0.01005290769009079,0.00999610923612514,0.009930518883879946,0.009943636954328941,0.009961360304829314,0.009978944101388658,0.010026392441310764,0.009964988707293954,0.009934007732403664,0.009901491664162862,0.00993540327181302,0.00997964187109341,0.009948521342262092,0.010016902773326328,0.010003924256818291,0.01000797132110568,0.010014669910271178,0.010024299132196568,0.009982712057794305,0.009994713696715703,0.010029741735893495,0.00997001264916803,0.00999331815730615,0.010055698768909643,0.010019833406086325,0.009989968862723483,0.009957173686600882,0.009948521342262082,0.009992620387601504,0.009934286840285451,0.009978246331683913,0.009919354568604153,0.009913772410966214,0.009942241414919482,0.009989550200900695,0.009949777327730688,0.009977129900156402,0.009908190253328342,0.009910702224265416,0.009962058074534054,0.009990387524546299,0.009945590709502211,0.009945730263443222,0.009959685657537956
