HitRate: 3639127/30000000 0.121304
CumReqs: 1876037,1875856,1875271,1874195,1871913,1876888,1875692,1873948,1873824,1876057,1876747,1873706,1875292,1875657,1873851,1875066
CumProbs: 0.0048993055555557755,0.004961111111111332,0.004831944444444668,0.004947916666666883,0.0049097222222224575,0.0049611111111113465,0.00490625000000023,0.004902777777778005,0.004934722222222446,0.004882638888889106,0.0049652777777779945,0.004915972222222445,0.004874305555555765,0.004960416666666886,0.004915277777777994,0.004927083333333554
