HitRate: 22801567/30000000 0.760052
CumReqs: 30000000
CumProbs: 0.7612545192035638
