HitRate: 2681627/3000000 0.893876
CumReqs: 3000000
CumProbs: 0.8934750624323253
