HitRate: 1541971/3000000 0.513990
CumReqs: 432543,114979,81055,120977,151445,169247,71366,66359,68290,120775,67737,73724,98256,110045,95248,79797,54790,55104,79999,65355,79206,60032,96877,67859,100605,55884,58683,51145,62622,88451,52094,49451
CumProbs: 0.12916265338720787,0.022816409616949963,0.010548763510264004,0.026213542436849962,0.033895392288908165,0.040666344272101015,0.008860521719668597,0.008480842169209189,0.007801748657466432,0.023693669209853555,0.006823574236677577,0.007288182107634488,0.01947189905053468,0.021159807788892843,0.016561355549249767,0.012842161215933755,0.0038873857131247885,0.002973490374124239,0.012365230412198771,0.005999269949495961,0.011287140320236387,0.005781453786337664,0.01603746438006323,0.006157802814424626,0.018278572884485495,0.00527887796033481,0.006321664515149215,0.0013824998368044041,0.006476866857705429,0.01435754889539895,0.003676563646948642,0.0018577653793531595
