HitRate: 2783064/3000000 0.927688
CumReqs: 3000000
CumProbs: 0.9507448709686466
