HitRate: 300186/3000000 0.100062
CumReqs: 3000000
CumProbs: 0.0999999999999973
