HitRate: 2757679/3000000 0.919226
CumReqs: 3000000
CumProbs: 0.8250420460266307
