HitRate: 350121/30000000 0.011671
CumReqs: 30000000
CumProbs: 0.008334895833332658
