HitRate: 1920240/3000000 0.640080
CumReqs: 33803,42072,41126,44969,40742,47886,48002,46379,40758,49965,47156,47625,39710,48155,63756,63886,55211,57055,60934,66229,59239,50652,51387,44711,52741,44680,45886,36973,41856,48392,48392,50940,42033,50319,47481,43408,37515,37946,47772,45416,45434,38094,47262,48443,49295,45484,42854,45845,47768,48395,55844,57157,61483,51124,41210,32993,39728,42603,46113,36954,35769,41393,43002,42595
CumProbs: 0.016655713773716073,0.02430690464693138,0.02072881401463604,0.021832511811761386,0.016548587273371763,0.019794815077383336,0.020566322442248337,0.01771551263797861,0.015934657421245644,0.022521135370549596,0.021767973828373526,0.019678515665694552,0.013764608680326,0.014660605556294483,0.018272111794201816,0.018441810654074436,0.015553653996473668,0.01121945338621298,0.018398239325188227,0.02318813706688297,0.026872698991569435,0.020855269149599055,0.019030515000003273,0.020133885193152026,0.027240598257277877,0.01694138444130089,0.013061898150544506,0.014460767130575732,0.01199030554312481,0.01707242603193614,0.015123837579190062,0.01641590766285358,0.012296942865211269,0.019588424572132827,0.01849750333009442,0.016526637806940362,0.013212923583751625,0.01163780366431599,0.013645033228871346,0.012548542719230933,0.014153146996559493,0.016447030040629442,0.02280877166199393,0.02300041998829799,0.024845157980465625,0.02001856859339301,0.020346827777934295,0.015724990876229254,0.018898162993461684,0.017908471380189004,0.03222148911732348,0.027936429103551035,0.0284913902398913,0.018358926847997656,0.015309261429938931,0.01307958876528026,0.00951722312386116,0.01345272969461412,0.01584849757540297,0.018176779037014677,0.015690264854710905,0.01272675928249487,0.013788196166640345,0.016106321904977815
