HitRate: 1482881/3000000 0.494294
CumReqs: 83921,76388,75123,84775,82319,150880,145204,143916,82336,80487,115011,109852,108258,81626,79439,106187,101891,101021,79766,77944,97080,93811,92249,78915,76785,90819,88648,87714,78150,75648,87973,85864
CumProbs: 0.03714635842745007,0.031074421223462406,0.025983174908091277,0.03689961249296195,0.03447454708044912,0.10428112476401803,0.09882621799754909,0.09653827046004017,0.034608684132083616,0.03328122412479711,0.0652257145696022,0.06292120690226209,0.06160831980922733,0.03384956778061139,0.032447918391680194,0.05838505613884015,0.053270625641705004,0.05331931242340945,0.031954095320107345,0.02994535157155633,0.04884310932997713,0.046014307952174344,0.0446269002748982,0.03275593680654455,0.02855595667870037,0.04359752260457727,0.0420706786341205,0.04012519458152549,0.029744974000596173,0.028416520385519797,0.03997880303381577,0.0371609313417017
