HitRate: 366381/30000000 0.012213
CumReqs: 3748834,3750764,3750060,3751828,3751865,3749835,3749139,3747675
CumProbs: 0.0009763888888888854,0.0009861111111111073,0.0009888888888888855,0.0010097222222222185,0.0009722222222222188,0.0009777777777777742,0.0009611111111111077,0.0009972222222222186
