HitRate: 907317/3000000 0.302439
CumReqs: 186841,186928,187699,186752,188495,187352,187861,187742,187779,187041,187502,188037,187348,188229,186658,187736
CumProbs: 0.05716851988922247,0.05650684874543625,0.05690039171330914,0.056325878859956255,0.057008507913274185,0.056120624412637925,0.05674237572874475,0.05632953817749354,0.05718315715937157,0.056591678379254995,0.05724669621842799,0.057049758401876274,0.05698289269051322,0.05674836370289668,0.05721841967382173,0.05704077644064836
