HitRate: 2257454/3000000 0.752485
CumReqs: 3000000
CumProbs: 0.23554801856364513
