HitRate: 2676582/3000000 0.892194
CumReqs: 18884,16536,17500,19166,18422,16960,24787,28065,28193,18648,17583,17234,20479,18252,29527,26304,28929,19144,23096,24734,27711,27013,29059,24890,22665,16309,17972,17793,19080,17103,22664,22100,32589,29398,33399,24313,20737,17581,27131,37196,38397,29903,21275,22146,19878,20693,26954,28635,27888,17598,16509,18209,19590,35948,34901,33950,18931,17450,27309,29590,39012,34478,36584,25974,21694,16947,18116,19583,20517,23989,25747,24521,23015,22734,24163,22141,18313,16538,23974,37893,37242,29898,20932,33492,32492,28281,18318,20870,19724,19034,18820,18990,21998,31289,31089,28842,27560,31159,29984,20307,19362,18601,22883,21390,22421,17288,16330,17470,17190,18251,19338,20381,19449,18149,22974,23814,22295,16227,22687,22147,23299,17533,19485,21221,19244,19233,19423,20761
CumProbs: 0.021913611561530225,0.017946185814320732,0.015666825614170266,0.01657524288596492,0.017530748563303798,0.019824425624893532,0.01916258111991159,0.019849335308669114,0.01961443119771081,0.020046502490054324,0.019864438356141805,0.017992984572378003,0.01914507813612968,0.020212967037946616,0.022994658734844298,0.020928396327794755,0.019058639050733864,0.01720477100717686,0.02063568685431843,0.021526394251270266,0.021639729174630966,0.018749502426993674,0.018159904280604846,0.019903292497447097,0.022570656193890308,0.022609013796649237,0.02152407707138479,0.02226909178299279,0.02374211476097749,0.022707452563597852,0.022421984277267597,0.020073853488352014,0.023520617190788424,0.02340020659313258,0.024323106239216154,0.024511459861390455,0.021832799913001612,0.02281218081880944,0.01858390682155762,0.022213024305390922,0.023328332638449936,0.02694942274910568,0.023236845411159848,0.022027070619526905,0.021593716602604448,0.022168128945097086,0.020010710336454823,0.02268560486752917,0.024192682114196482,0.024211964361104798,0.02022455293737645,0.02232743506227009,0.024239729141526185,0.027038427283661702,0.023513541516492622,0.020828261054143517,0.017256742041766405,0.017256038612157725,0.0204390162114828,0.0203633768394846,0.02062848704538706,0.02032228827471786,0.025114630061398257,0.024032755323839843,0.021755381277877517,0.019428849915757676,0.021637536129380255,0.022368233979551597,0.02058230896051322,0.019523192239693933,0.020878576960241646,0.01985210764889015,0.01996395295660905,0.021591523557355427,0.021877033221899277,0.02044108512209501,0.017188840395459412,0.019597341996050618,0.02300301713371928,0.02661814878181121,0.023917765271989265,0.022808911940042562,0.023296967953561433,0.02448506056197261,0.02260036575028738,0.019871389895800885,0.01862905045112618,0.01926813693936939,0.018678290523706568,0.017305361441162653,0.01891675316091906,0.020860329168638184,0.02437739445369253,0.026105389975575335,0.02830981423333767,0.026814157373252594,0.025109250893804665,0.022157370609911804,0.022572187187744716,0.023271023814480207,0.024344871178861104,0.024191192498554993,0.022522822980526824,0.02165690113271563,0.022063938606644865,0.02222821010928769,0.020984463805397764,0.018186179445386,0.018689255749953868,0.019418008824146737,0.01843320737253517,0.01714572429829253,0.016981990712408628,0.018388767172574972,0.01873729585437935,0.019107713610465003,0.01998426965882438,0.022908923079055718,0.02424316353314449,0.02530434916457525,0.02451005300217417,0.02266077794017707,0.020247352332328643,0.018196896402358456,0.017122428364793888,0.016977646000122106,0.018973193042431075,0.021923045793924144
