HitRate: 299901/3000000 0.099967
CumReqs: 46510,46971,46580,46761,46876,47097,46923,46716,46370,46504,46557,46858,46854,46740,46901,46366,46966,47058,46879,46681,46832,47005,46989,47048,46933,46807,46937,46737,46814,46716,47227,47290,47004,46808,46621,46926,46859,46610,46744,47163,46595,47137,46727,46737,47303,47002,46848,46820,47062,46908,47078,47443,46712,46661,46989,46799,46795,46951,46827,46848,46991,47231,47127,47171
CumProbs: 0.0015625000000000066,0.0015625000000000066,0.0015625000000000066,0.0015625000000000066,0.0015625000000000066,0.0015625000000000066,0.0015625000000000066,0.0015625000000000066,0.0015625000000000066,0.0015625000000000066,0.0015625000000000066,0.0015625000000000066,0.0015625000000000066,0.0015625000000000066,0.0015625000000000066,0.0015625000000000066,0.0015625000000000066,0.0015625000000000066,0.0015625000000000066,0.0015625000000000066,0.0015625000000000066,0.0015625000000000066,0.0015625000000000066,0.0015625000000000066,0.0015625000000000066,0.0015625000000000066,0.0015625000000000066,0.0015625000000000066,0.0015625000000000066,0.0015625000000000066,0.0015625000000000066,0.0015625000000000066,0.0015625000000000066,0.0015625000000000066,0.0015625000000000066,0.0015625000000000066,0.0015625000000000066,0.0015625000000000066,0.0015625000000000066,0.0015625000000000066,0.0015625000000000066,0.0015625000000000066,0.0015625000000000066,0.0015625000000000066,0.0015625000000000066,0.0015625000000000066,0.0015625000000000066,0.0015625000000000066,0.0015625000000000066,0.0015625000000000066,0.0015625000000000066,0.0015625000000000066,0.0015625000000000066,0.0015625000000000066,0.0015625000000000066,0.0015625000000000066,0.0015625000000000066,0.0015625000000000066,0.0015625000000000066,0.0015625000000000066,0.0015625000000000066,0.0015625000000000066,0.0015625000000000066,0.0015625000000000066
