HitRate: 2809009/3000000 0.936336
CumReqs: 93198,93867,93905,93901,93362,93285,93637,94417,94041,93737,93575,93517,94048,93852,93103,93905,94050,94000,93939,93570,93461,93700,93568,94009,94073,93604,93982,93305,93900,93767,94090,93632
CumProbs: 0.02718750000000001,0.0269791666666667,0.0272916666666667,0.026927083333333355,0.026927083333333365,0.02718750000000002,0.027135416666666693,0.026927083333333365,0.02708333333333334,0.027187500000000024,0.026979166666666696,0.0271354166666667,0.027239583333333338,0.026875000000000017,0.02692708333333336,0.027031249999999986,0.026822916666666675,0.027083333333333348,0.027343750000000024,0.02708333333333336,0.027031250000000007,0.026979166666666703,0.02692708333333336,0.027083333333333362,0.027239583333333334,0.02697916666666669,0.02729166666666669,0.027135416666666693,0.02687500000000002,0.026875000000000017,0.027031250000000027,0.026927083333333345
