HitRate: 18829704/30000000 0.627657
CumReqs: 30000000
CumProbs: 0.6270973301852109
