HitRate: 14997051/30000000 0.499902
CumReqs: 469363,468451,468846,470275,468054,468887,469932,469841,469381,467571,468082,468403,468486,469055,468476,468573,468155,466603,467459,469873,469328,468404,468623,468847,469058,468358,468863,468503,468237,469218,469422,469681,469060,468496,467634,468716,468156,468338,468473,468974,468377,467419,469491,469516,468891,469355,469865,467939,469680,468683,467877,468336,468513,469821,468441,469209,468541,468826,469650,467750,469034,468932,469310,468389
CumProbs: 0.007812499999999292,0.007812499999999292,0.007812499999999292,0.007812499999999292,0.007812499999999292,0.007812499999999292,0.007812499999999292,0.007812499999999292,0.007812499999999292,0.007812499999999292,0.007812499999999292,0.007812499999999292,0.007812499999999292,0.007812499999999292,0.007812499999999292,0.007812499999999292,0.007812499999999292,0.007812499999999292,0.007812499999999292,0.007812499999999292,0.007812499999999292,0.007812499999999292,0.007812499999999292,0.007812499999999292,0.007812499999999292,0.007812499999999292,0.007812499999999292,0.007812499999999292,0.007812499999999292,0.007812499999999292,0.007812499999999292,0.007812499999999292,0.007812499999999292,0.007812499999999292,0.007812499999999292,0.007812499999999292,0.007812499999999292,0.007812499999999292,0.007812499999999292,0.007812499999999292,0.007812499999999292,0.007812499999999292,0.007812499999999292,0.007812499999999292,0.007812499999999292,0.007812499999999292,0.007812499999999292,0.007812499999999292,0.007812499999999292,0.007812499999999292,0.007812499999999292,0.007812499999999292,0.007812499999999292,0.007812499999999292,0.007812499999999292,0.007812499999999292,0.007812499999999292,0.007812499999999292,0.007812499999999292,0.007812499999999292,0.007812499999999292,0.007812499999999292,0.007812499999999292,0.007812499999999292
