HitRate: 1629389/3000000 0.543130
CumReqs: 369166,382107,378121,371019,383054,377895,358967,379671
CumProbs: 0.006031421697011241,0.004304592785855245,0.005321255403620048,0.004935555903132521,0.005466350297677489,0.0045595072098185314,0.00513522777568862,0.005293634127916455
