HitRate: 796477/3000000 0.265492
CumReqs: 46597,47084,47156,46974,46728,46982,46979,46313,46867,46515,46785,46807,46833,46484,46371,46917,46561,46991,46374,46843,46615,46449,46260,46989,46791,46566,46438,47373,47146,47296,46952,46854,46635,46837,46283,46452,47452,47585,47388,47255,47186,46971,46989,47099,47222,46700,46938,46837,47368,46892,46744,47250,47624,47112,46886,46925,46844,47121,46607,46980,46930,46870,46553,46575
CumProbs: 0.0005998139191142029,0.0005938751674398051,0.0005839772479824747,0.0005117224359439651,0.0005404264023702229,0.0004849980534091736,0.0005955248206826931,0.0004873075679492175,0.0005193108408612518,0.0005450454314503096,0.0005074333375124553,0.0005433957782074217,0.000551973975070441,0.0005674807155535912,0.0005793582189023875,0.0005562630735019506,0.0005526338363675961,0.0005087530601067659,0.0005374570265330233,0.0005305284829128917,0.0005470250153417757,0.0005212904247527178,0.0005377869571816014,0.0005137020198354311,0.0005740793285251448,0.0005325080668043581,0.0005377869571816012,0.0005579127267448386,0.0005292087603185817,0.0005067734762153005,0.0005912357222511835,0.000550324321827553,0.000531518274858625,0.0005123822972411207,0.0005331679281015135,0.0005212904247527171,0.0005275591070756938,0.0005219502860498728,0.0005816677334424312,0.0005490045992332419,0.0005424059862616887,0.0005219502860498726,0.000537786957181601,0.0005777085656594989,0.0005196407715098293,0.0005348175813444021,0.0004985252100008586,0.0005173312569697853,0.0005315182748586251,0.0005509841831247082,0.0005443855701531544,0.0005678106462021694,0.0005453753620988873,0.000577378635010921,0.0005259094538328052,0.0005001748632437471,0.0004968755567579703,0.0005038041003781011,0.0005424059862616885,0.000570780022039368,0.000526899245778538,0.0004892871518406835,0.0005523039057190184,0.000521950286049873
