HitRate: 28056193/30000000 0.935206
CumReqs: 487649,291322,291402,356797,1106243,326625,709274,304534,514158,525427,355305,372722,344546,307746,539914,326540,322649,659986,488997,387387,1345057,326504,329215,325068,402870,335330,325949,528416,425508,466284,2290348,362568,625426,426414,357976,479343,890664,326367,623691,529916,449229,310725,295636,334259,309910,284774,348859,382472,335217,323860,431243,350281,336831,805088,330574,293585,592452,468809,475276,302936,356710,320408,474510,344219
CumProbs: 0.015454999935083416,0.008927859478803198,0.008889435779780566,0.011103266345564966,0.036039563689697664,0.010076891025500955,0.02283518856023066,0.00935115092645004,0.016340742414196984,0.016713441782077437,0.011053909500992413,0.011615179348002396,0.010700211729824832,0.009466763684316546,0.01720559102140626,0.010099230385397904,0.009938045333341762,0.0211986858989816,0.0155183385907918,0.012109904184119726,0.044038158359985584,0.010095918903813195,0.01017552586984583,0.010020884936159482,0.012625049823342418,0.01037019368014752,0.010052685672012788,0.01682053930158337,0.01337536321828019,0.01475194085672821,0.07552243746910592,0.011289865704703859,0.020030179686774015,0.013407584459731505,0.011144502175774744,0.015162722262832749,0.028887078845906793,0.010062882932765645,0.019983004214992165,0.01682634753515693,0.01415626839547672,0.009537461187990195,0.00906615325736512,0.010352768979427909,0.009526265226441927,0.008696187175872318,0.010815955895690756,0.011930900207345694,0.010372191081738239,0.009978755531553876,0.013587455729301583,0.010868492813848234,0.010433374646256082,0.026056103751769807,0.01021891679124569,0.008966729965023915,0.018947167518970964,0.014846160392293202,0.015039435277801744,0.009280032917178157,0.011079323808075463,0.009852603852135973,0.015011024868332702,0.01068938371067488
