HitRate: 1623696/3000000 0.541232
CumReqs: 36558,33633,32024,65612,40927,35391,33724,32075,60614,40221,36094,33424,31768,56909,39662,35218,32986,31612,53951,39144,35180,33126,31253,52161,38533,34274,32866,31424,49840,38175,35059,33056,31521,47926,37937,34683,32533,265817,46283,37549,34833,32458,148146,45462,37495,34572,32713,123940,44263,36768,34371,32410,96276,42943,36584,33938,32309,81572,42394,36194,33509,32196,72125,41786
CumProbs: 0.004899703322547886,0.0037820052946743138,0.0032216589180922655,0.014840860298061679,0.006966396520262313,0.005447072556204339,0.003398347710233043,0.003629607052112213,0.012711277869246302,0.006401724429371733,0.004205925296910376,0.004078815845690457,0.0032758967205761577,0.01230632446051687,0.006497555638668422,0.0038235987014871133,0.004588917386842641,0.0030709244118026775,0.010552080934780205,0.005774495854634703,0.0044115631001928595,0.0038106215585615197,0.002563484848686513,0.010048967085972572,0.0057545310193645605,0.004584591672534111,0.0033467718857851706,0.0036632145248169552,0.009452684005904264,0.005182538488874928,0.004582595189007095,0.003838905075194223,0.003175739796970935,0.009207449279335995,0.005862673877077841,0.00466744573890521,0.0033464391385306675,0.08168545801328596,0.008338313450575719,0.004425871232136463,0.004442508594861583,0.0040175903508620145,0.042209987475393326,0.007916389931866672,0.004758285739384364,0.00414702903286345,0.004422876506845944,0.03432986699426743,0.008073446635991808,0.004294436066608015,0.004498077386363485,0.0039347362844909155,0.025535024310514413,0.007083190806592657,0.005094360466431791,0.0037913222178003803,0.003870516064371952,0.01978115878565886,0.007023296300782221,0.005490662446544153,0.0043057494732610955,0.003712461118483311,0.017323154816649613,0.007016974102946675
