HitRate: 1016403/3000000 0.338801
CumReqs: 375001,375341,375124,374671,374915,375368,374933,374647
CumProbs: 0.09787499999999591,0.09747916666666277,0.09677083333332932,0.09806249999999585,0.0979999999999959,0.09843749999999596,0.09918749999999588,0.09872916666666252
