HitRate: 331347/3000000 0.110449
CumReqs: 3000000
CumProbs: 0.08888888888888902
