HitRate: 1502345/3000000 0.500782
CumReqs: 3000000
CumProbs: 0.5000000000004465
