HitRate: 2968847/3000000 0.989616
CumReqs: 44232,44406,44745,47941,44529,51462,47269,44474,48818,55469,48150,48409,47716,45835,48945,45389,45514,47592,44871,44348,43807,46619,47632,43658,48421,48224,49309,48879,47819,48324,49471,46160,43483,45231,45365,45185,49476,46397,46382,49529,46661,47431,46535,47405,44902,48298,48369,44472,42180,47402,43456,48133,49975,47605,47932,46917,49069,44192,42914,46287,46938,46872,48887,47683
CumProbs: 0.015370490244873334,0.015372999962831493,0.01543859606483276,0.015548072603976268,0.015616019915432853,0.015561994934122882,0.01539130769488411,0.015271871538159643,0.015495025091765672,0.01605564324745137,0.015594753357998032,0.01538467675585806,0.01499865571580924,0.01570124465367508,0.015463059210404027,0.015983495460675158,0.015164931135058242,0.015467286103806988,0.0151190693416333,0.015762376099519224,0.015402535380486505,0.01550139184995432,0.015941622797899527,0.015604501630908986,0.01585460162996076,0.015557873713054799,0.015418967428591569,0.015837667638264136,0.015339871685783865,0.015503637387074849,0.015014348057568572,0.015210581583813087,0.014959504115661784,0.01540274672515676,0.01585026906422242,0.015243313589604093,0.015682989757789964,0.015418941010507831,0.015546725281703944,0.015639241411066897,0.01591441217161611,0.015767923897111083,0.01550796995281297,0.015879355374453324,0.01546895044308457,0.015509132348499028,0.01556532361267811,0.015669067427643107,0.015510268326101133,0.015637973343045695,0.015200357785393843,0.015528259041148544,0.015549234999662077,0.0156344861559882,0.015153307178199477,0.015582812384133836,0.01568819412029269,0.015578057129055202,0.01567450955289985,0.015015985978762327,0.015543449439316315,0.01566565949483695,0.01563937350148571,0.015867863508013218
