HitRate: 2907735/3000000 0.969245
CumReqs: 3000000
CumProbs: 0.9374424442353199
