HitRate: 28518750/30000000 0.950625
CumReqs: 3748992,3751551,3750542,3751150,3751513,3749553,3748859,3747840
CumProbs: 0.10604999999999157,0.10621805555554674,0.10608055555554635,0.10625138888888062,0.10611111111110187,0.1061694444444357,0.10614305555554626,0.10614861111110253
