HitRate: 2427137/3000000 0.809046
CumReqs: 293870,290587,244827,141966,205555,178006,177576,132020,147029,151359,132797,131272,154016,201415,195720,221985
CumProbs: 0.2592303370693413,0.25572590308034215,0.2088411304476084,0.10731827771305272,0.17092774860086152,0.1416847998117358,0.14070038962093573,0.0972504462162356,0.1110040155318053,0.11618824441877539,0.09276591090259148,0.0950128188768112,0.11619719360232811,0.16336668285253564,0.16062193511179024,0.18853974183262695
