HitRate: 1695878/3000000 0.565293
CumReqs: 183793,194936,188571,184454,191001,185686,179772,186605,186064,190049,189141,186925,183919,184019,191051,194014
CumProbs: 0.00359098331360302,0.00378928291939536,0.004241352874978905,0.0034049736331277906,0.004004854852660399,0.0036550902213382313,0.0035185724022751635,0.0039005565675367887,0.0034229102808879014,0.0036398108547277676,0.003193055461443514,0.004508409630518341,0.003991900607055875,0.00390952489141685,0.003472069982156358,0.00381286628959847
