HitRate: 28139036/30000000 0.937968
CumReqs: 160810,155555,155333,1179284,149037,219847,139968,145330,2088063,371047,152021,181547,178252,162950,272857,149754,187442,166297,195036,179432,206372,144731,162943,156020,225505,140765,183746,186323,247633,149353,161655,140271,139164,155542,174277,308172,144581,157468,149925,173704,217774,171373,154513,142200,177232,189020,144028,204084,412751,133962,214041,181146,179082,139823,147945,152470,149345,186479,375511,169356,184331,179445,318425,163774,150872,521790,155592,166903,908577,155660,160395,145258,198033,200052,141171,157446,370467,160002,209918,189352,202817,470609,257589,277126,198000,150936,172807,167674,214981,174105,173411,312384,185419,277537,129016,267918,273973,133260,194986,230831,726131,198473,471706,417964,289863,147418,159333,163545,150624,160538,165138,141315,197763,190050,204266,141015,164675,607672,171172,134703,459559,329405,142410,135767,150316,156247,170722,209221
CumProbs: 0.0050484526387763705,0.004876444723204386,0.004846055161097408,0.03897428191880644,0.004650394285855616,0.006998367560834515,0.004353235267221634,0.004510615131786423,0.06927785076118084,0.01205522491312927,0.004751892429248031,0.005719931506503839,0.005630730335814837,0.005115070151769924,0.008762330869576734,0.004674025859485833,0.005947564510774449,0.005224887464521702,0.0061892909150651765,0.0056723903407302845,0.006562648392381719,0.004504434566375411,0.005114770747217335,0.004893895731423665,0.0072127626066641444,0.0043684193552554745,0.005823739342160528,0.005906588859122603,0.007929579878098149,0.004672614380879857,0.005087974039743533,0.004355716047801806,0.004330715767644648,0.004868125553845014,0.005507482590267018,0.009953319408456101,0.004491324924171592,0.00492635973936081,0.00468170344766061,0.005474098982631999,0.0069659463249762904,0.005384961970061567,0.004840730037265754,0.0044176072460693355,0.005582782835291197,0.006001029609485235,0.004489271864381188,0.006490855457833177,0.013426027271991542,0.004150559771029044,0.006801316593026099,0.005734602329589906,0.005652094989259645,0.00433805117918771,0.004617908891879029,0.004768830172519635,0.004667225098929766,0.0059211313659720145,0.012194105853540462,0.005316398327475145,0.0058418319315641015,0.005662552762567601,0.010331274884261945,0.005143834374876502,0.004705057002777449,0.017082120424105264,0.004869280399977196,0.005256282170484738,0.0299630817077622,0.004878455010915857,0.005022575531000501,0.004516111343933884,0.006269167772538916,0.006348424434867675,0.0043963067507429435,0.00492537598154453,0.01203176442781386,0.005020137522499325,0.006691199875721795,0.005977162789420613,0.006438160256543988,0.015367473322413554,0.008273510165084371,0.008921271915024185,0.006291067076971134,0.004724454140589703,0.005454231351951235,0.005283207194195343,0.006865004218610289,0.005492833153220395,0.005478611436963199,0.010102123471187946,0.00585855581444087,0.00893733283067648,0.0040015632339421405,0.008628881983194881,0.00880875996129713,0.004142090899393344,0.006192178030395736,0.007370228015386909,0.023892012818966524,0.00630002782751481,0.01538282849876402,0.013617988362402998,0.009356178413976617,0.0046031739106743765,0.005002237407450945,0.005128586128724251,0.00470088672507804,0.005042892268510471,0.0051874618954242885,0.00440809045849872,0.0062691250004600465,0.00601730438553285,0.006482750148868577,0.004373231214139328,0.00518354825019875,0.01993745609981125,0.00539783636583129,0.004184862978361864,0.015017276925858787,0.010695735769153064,0.004437047155960432,0.004207938514965411,0.004709911633740395,0.004893125834002229,0.0053692004589617716,0.006656126770967428
