HitRate: 1343528/3000000 0.447843
CumReqs: 375404,376352,380214,377021,378823,374777,369449,367960
CumProbs: 0.0017040237690152957,0.0017720114179257435,0.0015503850133892346,0.0017380175934705194,0.0019873056394754955,0.0014773982726471358,0.0021856029487976347,0.002000636551026564
