HitRate: 302713/3000000 0.100904
CumReqs: 23664,23257,23212,23338,23798,23297,23554,23314,23277,23138,23353,23758,23247,23473,23800,23730,23108,23179,23370,23644,23570,23327,23717,23548,23726,23624,23285,23561,23547,23504,23361,23311,23450,23293,23196,23758,23778,23443,23659,23545,24100,22949,23537,23505,23128,23481,23374,23579,23486,23228,23588,23286,23272,23208,23652,23571,23420,23921,23316,23745,23707,23177,23542,23370,23371,23216,22954,23338,23671,23395,23216,22957,23576,23626,23112,23332,23512,23492,23719,23334,23390,23223,23643,23613,23456,23654,23716,23343,23386,23389,23126,23395,23336,23412,23214,23368,23734,23514,23176,23185,23981,23150,23558,23300,23628,23555,23458,23384,23410,23413,23344,23161,23367,23290,23506,22921,23289,23316,23629,23998,23567,23219,23258,23731,23427,23642,23283,23265
CumProbs: 0.0007897950757907182,0.000778816458477705,0.0007758222901196102,0.0007997756369843666,0.0008463515892213932,0.0007841394244476507,0.0008094235128048938,0.0007964487832531508,0.0007828086829551642,0.0007997756369843667,0.0008067620298199208,0.000824061669222245,0.0007897950757907182,0.0007927892441488129,0.0008330441742965285,0.0007814779414626779,0.0008263904668340963,0.0007695012680302998,0.0007738261778808805,0.0007951180417606642,0.0007645109874334754,0.0007954507271337858,0.0008223982423566368,0.0007927892441488127,0.0008124176811629882,0.0008503438136988526,0.0007761549754927321,0.0007891297050444749,0.0007887970196713535,0.0007997756369843669,0.0007811452560895564,0.0007811452560895562,0.0007997756369843669,0.0008283865790728259,0.0007891297050444748,0.0008373690841471094,0.0007784837731045833,0.0007941199856412992,0.0007738261778808806,0.0008327114889234068,0.0008250597253416097,0.000789129705044475,0.0007761549754927321,0.0007711646948959077,0.0008293846351921907,0.0007974468393725154,0.0007897950757907182,0.0008130830519092314,0.0008270558375803395,0.0008114196250436234,0.0007954507271337858,0.0008210675008641503,0.0007774857169852184,0.000763180245940989,0.0008297173205653122,0.0008187387032522991,0.0008400305671320824,0.0008127503665361098,0.0008064293444467989,0.0008247270399684882,0.0008430247354901767,0.0007927892441488128,0.0007848047951938942,0.0007661744142990834,0.0007914585026563263,0.0007798145145970698,0.0007924565587756911,0.0007598533922097728,0.0007881316489251103,0.0007858028513132589,0.0007784837731045835,0.0007961160978800289,0.0007814779414626778,0.0007987775808650017,0.0007758222901196103,0.0007834740537014075,0.0008170752763866911,0.0008317134328040419,0.0008290519498190692,0.000801106378476853,0.0008120849957898667,0.0007954507271337859,0.0008147464787748395,0.0007984448954918803,0.0008014390638499748,0.0008323788035502853,0.0007907931319100833,0.0007462132919117862,0.0007964487832531507,0.0008260577814609744,0.0008054312883274342,0.0008007736931037317,0.0007891297050444751,0.0007764876608658535,0.0007688358972840565,0.000784804795193894,0.0007994429516112451,0.0008313807474309206,0.0007934546148950561,0.0008077600859392855,0.0008174079617598127,0.000797114153999394,0.0007685032119109349,0.0007695012680302998,0.0007731608071346373,0.0007844721098207725,0.0008044332322080693,0.0008100888835511371,0.000797779524745637,0.0008034351760887047,0.0008084254566855289,0.000810088883551137,0.0007871335928057452,0.0008270558375803394,0.0008233962984760016,0.0007771530316120968,0.000809090827431772,0.0007635129313141104,0.0007854701659401374,0.0008223982423566368,0.0007944526710144211,0.0008410286232514475,0.000786468222059502,0.0008074274005661638,0.0008080927713124074,0.00081075425429738,0.0008426920501170554,0.0007947853563875423
