HitRate: 1511520/3000000 0.503840
CumReqs: 3000000
CumProbs: 0.5248773778478039
