HitRate: 28518971/30000000 0.950632
CumReqs: 30000000
CumProbs: 0.8491541666693615
