HitRate: 347655/3000000 0.115885
CumReqs: 3000000
CumProbs: 0.0838697916666703
