HitRate: 572336/3000000 0.190779
CumReqs: 46855,47088,46989,46859,46956,46721,46773,46621,47098,47060,46729,46983,46853,46632,46561,46950,46998,46788,47020,47084,46566,46970,46810,46901,47165,46978,46827,46738,46895,47252,47430,46419,46779,46255,46806,47418,46765,46842,46807,47292,46616,46924,46709,46520,46927,46685,47134,46980,47145,46855,46766,46889,46887,47018,46694,46548,46852,47031,46790,46913,46899,47193,46715,46777
CumProbs: 0.006588541666666663,0.006770833333333334,0.006562500000000005,0.00684895833333334,0.006901041666666666,0.006901041666666668,0.006744791666666668,0.006744791666666668,0.00697916666666667,0.006458333333333336,0.006432291666666668,0.006979166666666669,0.006380208333333332,0.006666666666666668,0.007031250000000004,0.006718750000000004,0.006666666666666665,0.006953125000000002,0.006510416666666664,0.006692708333333334,0.006666666666666665,0.006875000000000003,0.006588541666666668,0.006562499999999998,0.006770833333333336,0.0066666666666666645,0.006458333333333334,0.006432291666666665,0.006536458333333332,0.006718750000000003,0.006197916666666667,0.006822916666666667,0.006458333333333332,0.006692708333333338,0.006536458333333336,0.006718750000000003,0.006640624999999998,0.006666666666666668,0.00643229166666667,0.006302083333333332,0.00671875,0.0070572916666666735,0.006614583333333335,0.006718749999999998,0.006640625000000001,0.006484374999999998,0.007031250000000002,0.006536458333333333,0.006822916666666666,0.0067968750000000034,0.006822916666666668,0.007083333333333335,0.006666666666666667,0.006510416666666666,0.006796874999999999,0.006484375,0.006770833333333332,0.006484375,0.006614583333333332,0.006901041666666669,0.006588541666666672,0.006119791666666666,0.006770833333333334,0.006302083333333333
