HitRate: 2590906/3000000 0.863635
CumReqs: 50347,37190,33933,43769,46274,46919,36937,33687,42118,44261,45639,36755,33177,41010,42774,43889,36007,33419,39418,41843,42909,35772,33101,39035,40644,41771,35398,32894,38062,39587,41087,35691,33246,37669,39342,40073,35066,111024,114356,116579,39781,35179,71894,75623,77015,39323,34923,63760,66827,68492,38582,34324,54455,56822,58505,37786,34451,48882,51923,53419,37218,33782,45985,48377
CumProbs: 0.044183290138300614,0.031204996252605102,0.028031850673567664,0.03779486166241493,0.04018615444817211,0.0412894327571914,0.0306189278262258,0.027723785770793184,0.03624451668881896,0.03835729208124199,0.03965018832040923,0.03050484874629937,0.02757013872170297,0.03460013355474286,0.03681876611142206,0.03789095530181266,0.030032859399846575,0.027407755887212885,0.03365204390400204,0.035716258606997044,0.03682210626466319,0.029930342388831455,0.027114593206590938,0.03292286275798521,0.03467618627469385,0.03579436680586556,0.029369453579192694,0.026921378188337054,0.032091421535818,0.03381750995686858,0.03502921477879076,0.029467345762643208,0.027140286693060834,0.03160915479477728,0.0331538472013501,0.0341638581544833,0.029082457335323567,0.1048818395097462,0.10884505979773512,0.11051924737611542,0.033602455475115055,0.02903826453859516,0.06581823348544724,0.06946799323850164,0.07097363154564056,0.03308601639706944,0.02864258484695817,0.057661836205565545,0.06096370615181749,0.06238892384630509,0.032517162606624975,0.028550345230531057,0.04830503923780791,0.051255422289150886,0.052657772780680435,0.0319534475134745,0.028312680480684197,0.04308951841927524,0.04605300514871795,0.04737056713489637,0.03141799525544099,0.02788051603825976,0.03997906494722447,0.0426696868503564
