HitRate: 366174/30000000 0.012206
CumReqs: 30000000
CumProbs: 0.007825000000000484
