HitRate: 1713884/3000000 0.571295
CumReqs: 3000000
CumProbs: 0.3272292157621143
