HitRate: 1909293/3000000 0.636431
CumReqs: 3000000
CumProbs: 0.25356244020118024
