HitRate: 2706148/3000000 0.902049
CumReqs: 375557,376066,375059,374616,375158,375031,375372,373141
CumProbs: 0.11313126223490598,0.11319146541409188,0.11301118306772523,0.11294410887352345,0.11300038575841474,0.11311522986653566,0.1131973548555339,0.11247884299959764
