HitRate: 111090/30000000 0.003703
CumReqs: 1873586,1875456,1873353,1874210,1874316,1875509,1874212,1875838,1874957,1873885,1875677,1876627,1873232,1877462,1873350,1878330
CumProbs: 0.0005527777777777758,0.0005624999999999981,0.0005597222222222204,0.000574999999999998,0.0005597222222222202,0.0005541666666666647,0.0005583333333333315,0.0005541666666666647,0.0005472222222222202,0.0005444444444444427,0.0005569444444444425,0.0005541666666666647,0.0005527777777777758,0.0005444444444444425,0.0005583333333333315,0.0005708333333333313
