HitRate: 2967407/3000000 0.989136
CumReqs: 36188,33753,32156,65050,40645,35519,33741,32034,60989,40384,35596,33285,31473,57138,39683,34924,32960,31794,53866,39157,35456,33117,31615,52220,38852,34612,32984,31710,49814,38324,34806,32742,31283,48116,37851,34601,32398,266071,46668,37584,34177,32492,148232,45268,37548,34087,32489,123979,44330,36896,33813,32151,96632,43195,37121,33766,32359,81632,42355,36326,33821,32223,71842,42107
CumProbs: 0.012030339197147464,0.011137201316995696,0.010621280642259558,0.02168350711097471,0.01352624361796134,0.011754494234512301,0.011155320238663701,0.010594258457358128,0.02018057379813417,0.013338650299657306,0.01184930617806809,0.01103598527181586,0.010463989658469277,0.018900846856531504,0.013138717370906997,0.011607824687561837,0.010903842101719931,0.010480858999332565,0.017874941015881215,0.012977677644702635,0.011700137469508261,0.010951950962700508,0.010388390019785568,0.017301383426528805,0.012816637918498302,0.011418981788453169,0.010896500814492381,0.010421816306310986,0.016523363178008902,0.01264966268347161,0.01156283977859303,0.010898843778501203,0.010385890858176166,0.01593918415181666,0.012540480560661918,0.011468027835037255,0.010750299860343742,0.08851186953376734,0.01541279823784118,0.012455509065943067,0.011435851129316443,0.010755610578763666,0.04930955193624869,0.01503542483482495,0.012407244007361894,0.011351035832198188,0.01075373620755662,0.04123257400993681,0.014689603347127166,0.0121905979353489,0.0112930865223807,0.010684853065698132,0.03206564922673606,0.014295048208046453,0.012192628504156495,0.011191558081999687,0.010698598454549716,0.027080602804029123,0.014040133723889828,0.011975357641741109,0.01113110961057284,0.010647209443956892,0.023930878188207962,0.0138901840273271
