HitRate: 1510628/3000000 0.503543
CumReqs: 3000000
CumProbs: 0.529788945174335
