HitRate: 303302/3000000 0.101101
CumReqs: 3000000
CumProbs: 0.10711530502441881
