HitRate: 504064/3000000 0.168021
CumReqs: 187042,187079,187097,186115,187984,187321,188274,187667,187995,187853,188351,187325,187436,187466,187583,187412
CumProbs: 0.03194842056649623,0.03212020225311491,0.031884663132808924,0.031885654181001054,0.031797120542512936,0.032091792204943397,0.031987071445985525,0.03205148957846752,0.03221798567472869,0.03201151730138886,0.032019445686925135,0.03202374022909065,0.03194908126529096,0.03182255744610838,0.03196758083154222,0.03188433278341164
