HitRate: 349873/30000000 0.011662
CumReqs: 469109,468159,468036,469756,468667,468681,468542,468278,468511,468053,468444,469507,469250,470151,468055,470040,468200,468395,467779,470189,468140,468704,469104,468318,468932,468850,469344,467924,468992,469052,468130,469906,468021,467867,468803,468311,467653,468326,468172,469080,468461,469721,467522,469231,469667,468496,468571,468744,469532,468642,467961,468058,468861,469646,468116,469150,469415,469897,468904,468432,469147,469026,468333,469036
CumProbs: 0.00013151041666666611,0.00013255208333333278,0.00013229166666666616,0.0001343749999999994,0.0001330729166666661,0.00013255208333333278,0.00013020833333333276,0.0001294270833333328,0.00013046874999999943,0.00013177083333333278,0.0001333333333333328,0.00012890624999999946,0.00012994791666666612,0.00013046874999999948,0.00012604166666666615,0.0001226562499999995,0.00012994791666666612,0.00013359374999999944,0.00013359374999999946,0.0001286458333333328,0.00013281249999999944,0.00013567708333333276,0.00013333333333333277,0.00012968749999999946,0.00013124999999999945,0.0001234374999999995,0.0001270833333333328,0.0001294270833333328,0.0001294270833333328,0.00013072916666666612,0.00013203124999999947,0.00012968749999999946,0.00013385416666666613,0.0001273437499999995,0.00013567708333333276,0.00012916666666666613,0.00013281249999999944,0.00012812499999999947,0.0001276041666666661,0.00012942708333333277,0.0001325520833333328,0.0001322916666666661,0.00013072916666666612,0.00012968749999999946,0.00013151041666666614,0.00012968749999999943,0.00013411458333333277,0.00013072916666666612,0.00012760416666666617,0.00012708333333333278,0.0001289062499999995,0.0001286458333333328,0.00013515624999999945,0.00012578124999999946,0.00012838541666666613,0.00012890624999999946,0.0001317708333333328,0.00013177083333333278,0.00012682291666666612,0.00012291666666666617,0.0001354166666666661,0.00012968749999999946,0.00013151041666666614,0.00013593749999999942
