HitRate: 2796244/3000000 0.932081
CumReqs: 3000000
CumProbs: 0.969861711630333
