HitRate: 2809177/3000000 0.936392
CumReqs: 3000000
CumProbs: 0.865781249999962
