HitRate: 18830788/30000000 0.627693
CumReqs: 30000000
CumProbs: 0.6275248686149104
