HitRate: 2654829/3000000 0.884943
CumReqs: 314715,379870,355798,330532,435931,355635,326144,501375
CumProbs: 0.07265949718737862,0.07858010516064137,0.08492313853424374,0.08084423878277623,0.09339393197554052,0.08760038424080512,0.08054521481828385,0.11515981650106703
