HitRate: 505383/3000000 0.168461
CumReqs: 94159,93634,94137,94087,94057,93717,93722,93432,93594,93531,94273,93882,93500,93959,94039,93648,93727,93389,94035,93372,93383,94088,93675,93905,93671,93354,93597,93622,94230,93473,93897,93211
CumProbs: 0.016257541504664574,0.016259178027132892,0.01630303682928352,0.01621564652947591,0.01633609458314336,0.016263760290044154,0.016262778376563158,0.016230375231690675,0.016226774882260396,0.016196990173337176,0.016234957494601944,0.016281434732701904,0.01628765351808143,0.016164259723971015,0.016109272569035857,0.016169496595869616,0.016188480256501978,0.01615476789365482,0.016136438842009763,0.016191753301438586,0.01612629240270629,0.016172769640806224,0.01616982390036326,0.016329548493270108,0.01625819611365191,0.016164914332958344,0.016250995414791317,0.01622972062270332,0.01628176203719551,0.015965913200812105,0.016201572436248445,0.01616884198688229
