HitRate: 363884/3000000 0.121295
CumReqs: 375673,374293,374317,374254,375424,374359,375499,376181
CumProbs: 0.010416666666666668,0.010555555555555558,0.010694444444444442,0.01138888888888889,0.00902777777777778,0.01,0.01125,0.009861111111111112
