HitRate: 2738297/3000000 0.912766
CumReqs: 42898,10839,17512,22115,17755,15690,16934,11156,14981,25011,10026,282301,13646,16061,133597,16730,10923,28806,13177,23606,33074,19512,18077,15921,24604,27104,14183,26596,13307,16184,15125,10147,58216,13498,10055,36825,22050,14079,25875,44160,16355,11010,11899,19560,11907,13521,14504,17498,11142,11166,18693,13702,10707,8852,12383,22788,12159,15749,14170,14162,27389,16093,14835,9365,13323,18040,11187,9638,37592,29007,13603,19669,21288,48707,14506,14669,11798,50660,41767,145304,73884,11776,15503,43724,9458,12486,23022,20217,45066,16541,12380,8424,11560,12270,8913,9869,15029,13125,10488,10265,98422,13435,29676,17354,12957,16465,12752,18682,19843,11642,16592,14331,24426,16375,15076,11466,14187,14995,63698,18290,12923,10503,12043,16545,9442,13360,15740,12057
CumProbs: 0.013571631435874547,0.0029725980849596304,0.005215835091491864,0.006792155231874064,0.005232951779121193,0.004606607802166593,0.004994586055097982,0.003091463971274394,0.004287096299752506,0.007687294599748449,0.0026873199578041954,0.09343524313303848,0.003930815616505051,0.004758122185255811,0.04390525469631191,0.004902980078711403,0.0030128539984582295,0.008926035622996712,0.0037793012334158336,0.0072150008114577864,0.01037302967906843,0.005905574207814336,0.005384149186513567,0.004624992392583273,0.007565892907858967,0.008359600052744753,0.004074088631476444,0.008227421187162737,0.0037580638617275932,0.004736250862173894,0.00437046090802126,0.002777658031403415,0.01874530875968678,0.003866469550046659,0.0026632298048444064,0.011616842313466139,0.006662195196169916,0.0040331987665841685,0.008022654887004507,0.014023955755264331,0.004725156712784518,0.003029336734693877,0.003320637400089258,0.005818722866880351,0.003319369497301903,0.003777716354931635,0.004147310017446341,0.005161949223029172,0.003085758408731286,0.003083539578853409,0.0054193334888627395,0.003940324887410231,0.0029488249076966774,0.0023443522538239953,0.0034569369497301898,0.006943352639266442,0.0034001982999959423,0.004478232644946648,0.004059190773724999,0.004050632429910333,0.00844581744228507,0.004616751024465452,0.004252862924493852,0.002467338824197672,0.0037761314764474386,0.005367666450277924,0.0031130183186594707,0.002561480606158965,0.011855841988883028,0.009001158863147648,0.0038613979388972294,0.005915717430113203,0.006412735322757334,0.01558854779486348,0.004256666632855925,0.0041954903233659266,0.003197967805412425,0.016163541708930113,0.013319952732584085,0.047827511969002284,0.02397667566032377,0.0032737249969570317,0.004483621231792915,0.013888924108410756,0.0024667048728039915,0.003513992575161277,0.006982657625674521,0.006095442650221121,0.014426831865947166,0.0048801578285389705,0.0034699329533006053,0.0021918869436442583,0.0031456668154339275,0.0034116094250821578,0.0022223166105408373,0.00269429342313466,0.004232576479896133,0.0036889631598166104,0.0028971578691118593,0.002750081145778391,0.03214196961090599,0.0038173383170365563,0.00912446240921816,0.005155609709092384,0.003634760315657078,0.004795842293179697,0.0035729500547734025,0.005600960563151701,0.005969920274272728,0.0032090619548018015,0.004829441717044674,0.004189784760822818,0.007540217876414979,0.00481422688359638,0.004354929098876134,0.0031697569683937204,0.004087084635046861,0.004351442366210899,0.020637970645514665,0.005494139753316834,0.003622081287783504,0.002916493386619061,0.003385300442244492,0.004861139286728607,0.0025079117133931105,0.003842062421390027,0.004624041465492758,0.003317467643120869
