HitRate: 16178055/30000000 0.539269
CumReqs: 30000000
CumProbs: 0.4606965277800248
