HitRate: 2314635/3000000 0.771545
CumReqs: 157622,213943,219237,242150,200295,157924,157681,170606,139810,175422,201324,169421,226038,182059,209338,177130
CumProbs: 0.031703874844349056,0.03345404292932986,0.037437870138285326,0.035576855969250726,0.04502593198345306,0.030026656746310085,0.03639130625636087,0.02480836417391351,0.029484742557600592,0.04145580383464275,0.043703673995034505,0.03501852013845909,0.04827646971328067,0.026415790293103744,0.037917887368377645,0.03561222565988901
