HitRate: 1551608/3000000 0.517203
CumReqs: 46090,39344,33244,37064,42425,47959,46351,45907,41919,45272,41125,41212,36093,40888,51096,49241,47445,36544,41508,58919,69877,79790,58569,47388,39294,44186,43429,47102,57254,65291,58755,47139,63491,66590,64120,42947,39221,43632,49635,55159,53491,45703,37557,34348,35625,37833,39320,37663,55675,54446,59748,45014,44783,38330,34910,35275,38108,47432,52776,47917,43014,37139,44730,46648
CumProbs: 0.013461949568666422,0.007943576368904514,0.008215564844749506,0.008563197032135423,0.00979553175884785,0.008398096409554787,0.006648095587340523,0.009596227023222622,0.010821326264483315,0.014886353545552317,0.012530216373903608,0.014254564111334406,0.012577575915042272,0.01108805256909068,0.015419148383362344,0.012974212072078606,0.01427199505355906,0.008218195930368322,0.011487648697448187,0.013657307675863416,0.012575931486530498,0.011044310770677877,0.010007991922567154,0.010591106272837004,0.011173233965999806,0.013258369318910605,0.012517060945809526,0.016480462544851804,0.015451379182192833,0.01656071065622565,0.00930318986242712,0.010509871504356094,0.01581446899758928,0.017888751122322473,0.016437378517843736,0.013524766737815629,0.012340120437944201,0.016907356186504546,0.025114698888695254,0.03274057166912789,0.028630158161134317,0.017874609037121375,0.011368920958899164,0.008272790956958724,0.009977734437950787,0.009224586179565016,0.010502636018904363,0.009371269202813958,0.01204576773433931,0.012639077541382038,0.01856790009767907,0.019408203067188098,0.019113521477880806,0.01269630365359127,0.01141628050003783,0.011041350799356711,0.012213170556836413,0.013913180752293175,0.017742725870478246,0.015725012086549587,0.014732106151149331,0.011192309336736227,0.014159187257652356,0.013918771809233151
