HitRate: 1554662/3000000 0.518221
CumReqs: 374580,375170,374486,375569,374214,374771,376008,375202
CumProbs: 0.11260352758566407,0.11261284802261931,0.11191914121493889,0.11279958963447574,0.11257123892906849,0.11306855081518873,0.11281889625388335,0.11295670557172392
