HitRate: 35028/3000000 0.011676
CumReqs: 3000000
CumProbs: 0.008338216145835024
