HitRate: 2219281/3000000 0.739760
CumReqs: 138468,131499,82893,74817,103786,95032,87287,65057,83718,76102,70608,55238,65243,106001,106880,97501,160777,161923,162957,58687,88770,94689,116252,95381,92878,71758,71318,75609,76364,60398,59276,112833
CumProbs: 0.11282029010107647,0.1086416994438271,0.05720332802002964,0.04858622802294709,0.07865159226715397,0.07006234070034825,0.06198298063075373,0.04212605525659013,0.05787434257812809,0.05140952840672501,0.04791852875416731,0.03219676374717869,0.0421883826957811,0.08120668574505162,0.08260805854005272,0.07332458538991783,0.13681469654493808,0.13676629332088552,0.13702588047453718,0.03412626213064363,0.06376063876342361,0.07112820621630006,0.0925602255457629,0.07017671818184228,0.06727451391228007,0.04880105877079683,0.04751638415981284,0.05153882469015307,0.050524346158640564,0.03501243896552364,0.03479595057301463,0.08910635713357437
