HitRate: 23485253/30000000 0.782842
CumReqs: 30000000
CumProbs: 0.7851313582274364
