HitRate: 1883385/3000000 0.627795
CumReqs: 3000000
CumProbs: 0.6273527629980201
