HitRate: 366933/30000000 0.012231
CumReqs: 30000000
CumProbs: 0.007778819444443255
