HitRate: 2814349/3000000 0.938116
CumReqs: 15885,18156,14430,15868,22631,16847,14713,20921,15888,20201,31606,16915,17526,13566,14179,22234,16341,16337,20424,19834,14442,14344,37636,43775,44680,22515,26480,14970,21647,28483,20174,17015,16512,23909,19462,48344,15220,19500,18483,29028,20521,23586,35477,52898,40862,19484,16213,52142,31675,16554,15878,51690,30278,27031,33138,16081,33136,25567,17018,18920,21654,36188,23938,13132,14699,18214,16097,24627,20270,19624,44076,21927,14904,23209,33971,21803,15744,20538,23756,39927,15163,31041,28709,16947,15344,19866,23677,20179,14976,18101,17689,23039,26753,34978,16966,20930,16911,41534,18074,17682,36665,15866,24456,30624,18388,26414,16833,14446,50267,18978,14134,17431,18902,16943,20322,20472,15336,25370,20446,17142,26007,19107,16812,42439,13774,17012,27832,51455
CumProbs: 0.005982940065688378,0.006136952451309067,0.005434595477015719,0.006606702830756739,0.0072493705531432055,0.008309459733119843,0.004677086440572623,0.00743075731696113,0.009486457169153797,0.006498566474895241,0.00713674742074474,0.006388716069570214,0.007416692028715525,0.00897072993350787,0.008152120075011586,0.005168111198655762,0.006431819372256902,0.007283147410218283,0.007928436620019713,0.007894357283627328,0.007197092044504921,0.004898299647807571,0.006242215253657862,0.009871916645570864,0.008416234932054284,0.007845355634257822,0.008074634956615723,0.009032133234878448,0.010460037264441939,0.006442355735135372,0.008572717565431208,0.006743675548181106,0.008869348949061892,0.007844397783087454,0.007182371384407211,0.011734987585995026,0.0053526235820834,0.008090666360421984,0.004903492209417697,0.00760634656053415,0.010024971180021327,0.010748350466852359,0.00632166648761439,0.007529768880089674,0.009076093562295858,0.006618146631586705,0.005123344259725818,0.011288830593280386,0.008708329125928236,0.006790005296916179,0.007725170518932835,0.01038129181555858,0.00886455969320824,0.008095858922031976,0.006755623481205896,0.005778464047332445,0.006338101197176744,0.007684537464002954,0.007088401143229432,0.0059127144509032534,0.0060444441934974355,0.007654239119073964,0.011491542148953484,0.006263540045512565,0.006315818554150756,0.009484339813934227,0.008782638211494945,0.0067834011651592835,0.006974467267124121,0.0064950879627488235,0.008295747337411674,0.006162259887505575,0.007095761473278946,0.010138300097491828,0.006263792111610265,0.0058825673456324975,0.006775940008671295,0.010097969521879578,0.009011413401657044,0.006725022656960226,0.007234297000507817,0.008537529138208993,0.009500169564862224,0.0070124284214195635,0.006919214378534838,0.006797920172379813,0.007365371371249145,0.006949008591268347,0.005458592169505271,0.006056694605840101,0.008879179526867524,0.007865168029527907,0.00915856958942343,0.009644704265213954,0.009893695156402326,0.008235201060773358,0.008025784546904982,0.006449463999087305,0.00932694974260672,0.009009043980339516,0.007878225053382593,0.00921669603152531,0.007270544105339725,0.007742109360689947,0.009083100999808143,0.008734493586857272,0.005685955789521148,0.006725224309838368,0.008505315090938301,0.006404041688303267,0.005382821100573273,0.006629136713441372,0.006341529296103831,0.007211409398847484,0.006371676401373945,0.006670223487346364,0.00848530104279122,0.010250015791939526,0.00800929942412331,0.008359620886538457,0.009770737314003379,0.006190239224337222,0.0057243706627924966,0.0063514607003488455,0.00527171036476079,0.005635794636103105,0.009733381118341806,0.008463875424496529
