HitRate: 2107126/3000000 0.702375
CumReqs: 83713,28443,50335,26142,28745,27324,36847,20342,35119,47061,31062,37549,22781,173965,38770,234588,326541,38727,23118,36596,57274,62527,36424,38810,54021,46555,27474,46477,24954,33478,23224,32806,33288,23422,31169,36877,123366,29815,42979,54281,35227,21373,23121,25810,60838,48586,33877,27435,34524,24607,27001,19263,26523,22854,81645,25411,18980,28183,62791,38054,30516,29102,19306,27984
CumProbs: 0.023234032649532867,0.005165408784120756,0.011938358213917609,0.002991654752801144,0.005269807494098482,0.005093593111015061,0.007724507098447318,0.0026521927053895,0.006629650563553546,0.011266083718455965,0.00632908867240749,0.008095887222794827,0.003215081291352196,0.054114439605013796,0.00861522093293879,0.07259899591049639,0.10383981115137811,0.00784419988695681,0.003092396183129966,0.007522359277853511,0.01487548625195332,0.015931442630581508,0.0077261694982877285,0.008121820660305217,0.013441832629584073,0.010653323137280981,0.005213285899524553,0.009523556205738602,0.00321075905176713,0.0057133357715197656,0.003147587857831565,0.006032184060910331,0.006780596469062739,0.002887921002759584,0.006102004854207533,0.007623765668118495,0.035506200751404725,0.004876483691857567,0.009374605180037904,0.0127735478937394,0.00724241114472853,0.002607972869634604,0.0031103501014063894,0.0045080958872227945,0.015954716228347245,0.011996542208331946,0.006008910463144597,0.004806995378528444,0.007160288592612296,0.0032785849652558433,0.004252751271735878,0.0024374106460085783,0.004601522758253815,0.002877614123749045,0.02251953319812481,0.004390065498553712,0.0016946503973135616,0.004730524985869602,0.015124846228014759,0.007311234498121487,0.005957043588123813,0.005257505735279449,0.0025534461548691687,0.005307045250523655
