HitRate: 10145/3000000 0.003382
CumReqs: 374578,375068,375003,375474,374680,374752,375907,374538
CumProbs: 0.0012911839863855748,0.0013168476846178126,0.0012901841020388641,0.0013198473376579444,0.001255521444686231,0.0012868511542164956,0.001304182482892812,0.001233523989058599
