HitRate: 2190905/3000000 0.730302
CumReqs: 3000000
CumProbs: 0.16789925382889348
