HitRate: 2810688/3000000 0.936896
CumReqs: 3000000
CumProbs: 0.8632659505142758
