HitRate: 2344922/3000000 0.781641
CumReqs: 3000000
CumProbs: 0.41580933244764656
