HitRate: 116413/3000000 0.038804
CumReqs: 46805,46584,47027,46938,46862,47093,46449,46811,47266,47131,47147,46901,46619,46874,47112,46717,46523,47338,47123,46991,47037,46937,47089,46927,46972,46883,47074,47128,46663,47113,47210,46742,46879,46674,47122,46789,46498,46932,46635,46823,46914,46725,46976,46432,47122,46651,46718,47249,46781,46994,46693,46768,46732,46928,46976,47118,46427,46744,47270,46434,46672,46904,46804,46530
CumProbs: 0.0012812500000000014,0.0013489583333333346,0.0013359375000000005,0.001348958333333334,0.001304687500000001,0.0012447916666666675,0.0012760416666666658,0.0012942708333333337,0.0013125000000000014,0.0013854166666666676,0.0012916666666666662,0.0013645833333333342,0.0013098958333333337,0.0012812500000000005,0.0013098958333333337,0.0012916666666666673,0.0013307291666666673,0.0013307291666666678,0.001325520833333335,0.0013046874999999994,0.001291666666666667,0.0013125000000000003,0.0013098958333333335,0.0013359375000000012,0.0013489583333333337,0.0012916666666666667,0.0012734375000000011,0.0013151041666666678,0.001367187500000002,0.0013828124999999993,0.0013177083333333335,0.0012630208333333347,0.0012968750000000016,0.0012708333333333339,0.0012968750000000007,0.0013072916666666669,0.0013072916666666682,0.0013281250000000027,0.0012291666666666681,0.0012682291666666673,0.0014192708333333331,0.0013489583333333335,0.0012499999999999996,0.001333333333333334,0.0013541666666666678,0.0013098958333333348,0.0013151041666666662,0.0013229166666666676,0.0013177083333333337,0.0012968750000000005,0.0013541666666666665,0.0012786458333333339,0.0013255208333333352,0.0013359374999999999,0.0013463541666666684,0.001364583333333333,0.0012473958333333336,0.0013437500000000003,0.0012473958333333328,0.0012760416666666669,0.0013072916666666662,0.0012812500000000014,0.0013151041666666678,0.0012994791666666684
