HitRate: 2403300/3000000 0.801100
CumReqs: 45450,45191,44867,45332,45218,47739,49042,48018,45221,45122,46866,48579,47296,46990,45400,45008,45951,47618,47192,47830,45545,46266,45448,47121,46632,48089,48116,46676,45507,46355,46420,46925,47068,48337,50595,50026,49526,47440,46990,46312,46038,46576,46927,46251,46006,45296,46694,47972,47966,47771,46667,47057,46128,45833,44058,44822,44506,46823,47596,49748,49287,49382,47627,47645
CumProbs: 0.015558944807939951,0.015779101681907454,0.01447637134643652,0.01523505079542646,0.016219090235050793,0.01599210427045801,0.016386890747557774,0.016715662681946488,0.014805793670408565,0.016973542151748892,0.015906903235037788,0.016291608673595498,0.01670395566944599,0.01664346943819348,0.016233073611093045,0.015685445581903556,0.01628542997255356,0.017866852244494465,0.01617031101629877,0.016785579562157735,0.015530978055855457,0.01513781755271408,0.015942349467330932,0.01667176138506965,0.01650038372985419,0.016758913589239956,0.016556642428814862,0.015208384822508692,0.016070801410044612,0.016278600881928264,0.01613649075796401,0.016481847626728406,0.0159888523225412,0.01629193386838717,0.01795140289033131,0.018085383144503548,0.017288981099678708,0.016397296980891554,0.016787855925699514,0.016447376978810317,0.01511180196937966,0.0163537208788064,0.016627534893401144,0.01504286067354345,0.0150438362579185,0.014378812908932451,0.016277625297553226,0.017740676665322523,0.016404451266308507,0.016265593090261068,0.016125434135046898,0.016269820622552916,0.015089688723545394,0.015793735447533076,0.0157982881746166,0.014711812375612992,0.015360575985015024,0.015705282464196054,0.015715688697529824,0.017160529156965032,0.016619079828817454,0.018045058990335212,0.015908204014204504,0.01542886689126786
