HitRate: 1975291/3000000 0.658430
CumReqs: 456487,102631,175605,149128,291292,93350,148831,154057,138023,162499,97708,133252,229596,242344,114623,310574
CumProbs: 0.13136999071759706,0.014182485511654982,0.0372072428064709,0.030457010080036574,0.074497447505779,0.011451739834169507,0.02915594103775,0.026196300499303986,0.025564590664688018,0.030982102221046463,0.013623742161100669,0.019756924985789865,0.05706745368294164,0.05941337612256771,0.01670665940777869,0.07643755634911696
