HitRate: 900641/3000000 0.300214
CumReqs: 187539,187254,188025,187011,188172,186922,186782,187779,188229,187264,187870,187728,187438,187010,187306,187671
CumProbs: 0.05624999999999982,0.05624999999999982,0.05624999999999982,0.05624999999999982,0.05624999999999982,0.05624999999999982,0.05624999999999982,0.05624999999999982,0.05624999999999982,0.05624999999999982,0.05624999999999982,0.05624999999999982,0.05624999999999982,0.05624999999999982,0.05624999999999982,0.05624999999999982
