HitRate: 1376865/3000000 0.458955
CumReqs: 29819,32543,16420,19560,17504,29243,31454,39094,31041,31220,24515,20022,15881,13511,14622,14234,14140,14453,17152,18790,18169,17025,16277,16922,16710,18809,18253,18493,15981,16864,14476,15405,13536,14608,13783,19951,21432,24338,21522,18474,17217,15927,15497,15991,16714,19312,16937,17905,22197,22375,21470,15928,16718,16235,17833,17467,15472,12105,14589,16319,18481,15768,22189,21787,21838,28701,29982,29928,21516,20033,20308,47787,47670,57922,26722,25988,14497,13413,15733,15882,16208,28280,36652,38086,34824,26841,26142,14628,16970,15640,17301,14310,53172,51358,125128,86946,87550,14469,16882,18556,40311,39200,41917,20410,23284,17528,17153,16174,15822,18647,17043,20304,18511,20578,19013,17810,15091,14166,15219,24248,23665,29913,20977,20115,14798,14686,16126,30749
CumProbs: 0.017717089905121778,0.020143187594748684,0.004489476502327114,0.007045448808142971,0.00457384517882838,0.01514617039283916,0.016689718580639844,0.02443768609272051,0.019117144910841575,0.018500987844267396,0.012654304994758513,0.008242886126202257,0.004490472982758232,0.003103040062499253,0.0033793973020624477,0.0026360229004489476,0.0013944082832767993,0.0025945028824857276,0.0036504399793263536,0.003739791057983203,0.003783636196952363,0.0038543863075616923,0.003939419304350367,0.0031668148100907597,0.004735939328956792,0.004608721993917482,0.0036271887692669496,0.004201493657734215,0.0014933920061011177,0.0019996040651087026,0.0025450110210735685,0.0019793422963426508,0.0014757875184847119,0.0028552485952947518,0.0017338759501440914,0.007966528886639058,0.0065797602866674906,0.009300484023761409,0.006169210349047164,0.006437263585017718,0.005099986846458309,0.0028579058764443975,0.0025719159927137347,0.0015568345935489186,0.004232384551098853,0.006843163280626161,0.004467553932842535,0.004906669642821554,0.010286999650567527,0.010240165070305018,0.009016819261036684,0.002808746175175945,0.004376874213610859,0.004565873335379441,0.006088827594270369,0.005068099472662556,0.004065972319102266,0.002023851755599224,0.0031870765788568106,0.005268059879173426,0.005096333084877545,0.0019358293175171957,0.007601817048850129,0.00770910477526709,0.0076938254086566255,0.015988196357133274,0.016176863318758148,0.0170092566388848,0.008423913404521895,0.007537710141114915,0.008507285600592041,0.034873825647811926,0.03531526647879689,0.04557735411858649,0.014820653452007506,0.011606339741366831,0.002790145207128423,0.0015618169957045051,0.003447157971378425,0.004387171178065738,0.003732815694965383,0.015885226712584487,0.023936124275724807,0.02432774108515391,0.022815748111005268,0.014058345922202781,0.013639159820846103,0.0026350264200178312,0.0060087769996372805,0.003922479137021374,0.005267395558886015,0.002069025535143208,0.040476370791697046,0.039184599992825336,0.11315068511351238,0.07549833986360173,0.0757956231922184,0.0022962230734379506,0.004488480021895996,0.006074212547947315,0.02523088451588988,0.025227562914452818,0.029748262470288278,0.007370965748974622,0.011141647700322463,0.005237833306096199,0.004552254769487504,0.0023643159028976326,0.0032883854226870694,0.00612337224921577,0.005064113550938086,0.0090636538412992,0.00624328206109355,0.008518579045478036,0.004058332635797032,0.004814993443158762,0.0019627342891573624,0.0019046062640088542,0.0031615002477914677,0.012364993509590793,0.010385983373391847,0.01599384307957627,0.0075951738459760125,0.007226476086462614,0.0033395380848177574,0.003176115294114522,0.0028569093960132807,0.017908081987752594
