HitRate: 2965804/3000000 0.988601
CumReqs: 66229,81345,68430,101186,72277,313296,78896,68052,94952,71591,188542,78464,67747,91055,70965,163099,76289,66864,87827,70581,133849,75174,67042,85325,69482,117697,74723,66452,82834,68992,107565,73178
CumProbs: 0.021829105254326492,0.026755838170829088,0.022627744431076666,0.03344238490635562,0.02395566576478878,0.10417251132647963,0.02610591565484153,0.02245095146857716,0.03142681352619724,0.023677754246815043,0.0625840506864972,0.025874724857726746,0.022435597241064812,0.030128284570866054,0.02335619285348467,0.05408636314283443,0.025108329558752508,0.02212960942135412,0.02902694776601493,0.023243010262107656,0.044305062179136996,0.024820108773734806,0.022135093074037118,0.028136183224190533,0.023011161426671062,0.03907058667406546,0.02456281578984906,0.021901708815849154,0.027330086279791495,0.02282164638994708,0.03569485008241922,0.024106137194409846
