HitRate: 2211946/3000000 0.737315
CumReqs: 22912,23370,24550,22843,22277,22348,24321,24249,22082,21712,22177,24027,23480,22837,22769,22863,23642,23035,23060,23235,25541,24806,23890,22262,23874,25410,24257,24508,22254,23541,22293,22423,23206,23767,25127,24237,24302,22676,22957,21486,22773,23178,24477,23122,23808,22972,24337,24160,24384,23520,22979,23026,23680,23537,24112,23831,23950,23131,23098,23594,24139,24294,23861,22966,22626,22562,23084,24153,24879,24509,23161,21855,22315,23364,23339,23569,24068,25128,24022,23878,23453,24328,24177,24212,22230,22341,21945,22399,23062,24913,24842,23904,22580,23889,23487,23077,21925,22749,23154,22998,22883,23220,24550,25628,24183,23446,21646,21985,22238,23071,24379,24012,24361,24106,23250,22491,22147,23591,24383,23951,22874,22751,23042,23844,23988,24401,23370,22497
CumProbs: 0.005027682986393615,0.00492297346426576,0.004998091164922698,0.004435196187272655,0.004700221841105574,0.004685263337944457,0.004584456034032546,0.004926875682481706,0.005355144131681657,0.004847530578757492,0.004297642995160599,0.004848831318162812,0.004644615231528363,0.005485543257064477,0.004962320831276536,0.0058412954844181166,0.00560065869443485,0.005120360669022304,0.004961020091871225,0.005327828604170043,0.00504914518658131,0.0052380775852033075,0.005351567098317036,0.005413352220069497,0.005670573437470531,0.005797395529488737,0.006177861805543366,0.005227346485109462,0.005756422238221316,0.004983783031464236,0.004645590786082349,0.004847855763608823,0.005909909488048481,0.006249727657687008,0.0064402859805656534,0.005735610407736277,0.005672524546578503,0.005135319172183429,0.005400019641165018,0.004586732327991845,0.0048813498032956835,0.0051506028601958805,0.005678703058753748,0.00554602763941162,0.0055421254211956775,0.0054982254662663,0.005628624591649126,0.0053177478737788525,0.004823141714907838,0.005676751949645774,0.0055843994518684145,0.005071257756471668,0.005736260777438932,0.005418229992839428,0.005694311931617526,0.005027357801542286,0.005040040010744108,0.004718432192779985,0.004682011489431169,0.005307016773685,0.005215639830461627,0.005028333356096274,0.005184422084734066,0.004955491949398637,0.005568790579004638,0.0056322016250137386,0.004781843238789092,0.004551937548899671,0.005595455736813592,0.005147676196533915,0.005145725087425946,0.005161659145141058,0.005165561363357,0.005502127684482248,0.004392922156599919,0.004852408351527423,0.005241329433716596,0.004360728856318375,0.005172715430086234,0.005169138396721618,0.005144099163169304,0.004859237233405329,0.005312219731306258,0.00569431193161753,0.004847530578757492,0.0057245541227911026,0.0049015112640780675,0.004990611913342142,0.004708026277537469,0.0048146869087732904,0.0052923834553752075,0.005705693401414035,0.005164585808803015,0.0058302391994729435,0.005288481237159265,0.005409775186704882,0.0049698000828570996,0.004557140506520932,0.005474161787267974,0.005325552310210742,0.005442944041540415,0.00516978876642427,0.005585700191273725,0.00599088051602934,0.005371403374248092,0.005404572229083627,0.0047463980899942575,0.00515320433900651,0.005564563175937364,0.00476851065988461,0.005558059478910788,0.005225395376001486,0.005008822265016547,0.004971751191965071,0.005531069136250502,0.0050777614534982425,0.00476623436592531,0.004973051931370387,0.00560651202175877,0.004855660200040714,0.005128815475156853,0.004607544158476886,0.004832572075596373,0.0056985393346848014,0.005396442607800404,0.006297529830832334,0.005429936647487266,0.004549336070089045
