HitRate: 2743553/3000000 0.914518
CumReqs: 459972,108626,106262,151436,241998,141184,203610,161711,176517,184775,98246,132493,200530,249881,150406,232353
CumProbs: 0.14831076551816616,0.031150161764817386,0.030457380851801132,0.04535074760894154,0.07560513195405337,0.042052844860077924,0.06276765816653052,0.048851014476623184,0.053655897522810365,0.05655160158552298,0.027772578144169186,0.03911666797360159,0.061732439221201724,0.07818622305079087,0.04493748213504272,0.07246912050024408
