HitRate: 347268/3000000 0.115756
CumReqs: 375815,374931,375182,375152,374995,374613,374685,374627
CumProbs: 0.01083333333333333,0.009999999999999995,0.009166666666666662,0.011249999999999994,0.010833333333333332,0.010416666666666664,0.011041666666666663,0.011249999999999996
