HitRate: 2774648/3000000 0.924883
CumReqs: 3000000
CumProbs: 0.8402198563868256
