HitRate: 1881105/3000000 0.627035
CumReqs: 21424,19465,16594,44143,16917,16697,19053,16406,40386,17219,16513,19441,16233,37440,17209,16716,19260,16303,35527,17155,16854,18943,16200,33214,16791,16767,18795,16293,31815,17058,16879,18859,16218,30539,16810,16678,18542,17922,29358,17241,17014,18743,17631,28254,16784,16755,18365,17658,27411,16828,16791,18766,17947,26303,16927,16529,18452,17754,25708,16925,16832,18462,17722,25486,16896,16567,18176,17695,24770,20985,16684,18392,17620,24495,21032,16566,18596,17676,24153,20809,16780,18159,17570,23697,20385,16641,18174,17775,23376,20220,16510,18278,17434,22992,20265,16704,18005,17627,22890,20179,16705,206214,17232,22064,19902,16566,110722,17808,22195,19814,16482,92134,17338,21874,19689,16529,69911,17344,21602,19911,16454,57730,16901,21044,19636,16435,49695,17372
CumProbs: 0.004381323901168745,0.0036509419475389674,0.002722479375742803,0.011786764601509568,0.0028802341351619547,0.0027305445474922504,0.0034580230392922263,0.002571499360593187,0.010610539953570445,0.0029202373870392128,0.002723124589482762,0.0035912596765930705,0.0025889201315719887,0.009601103057409839,0.002874104604632378,0.002730221940622271,0.003640618527699674,0.0025460134178649425,0.009001376886121074,0.0028873314863014717,0.0028031310932372607,0.003462539535471921,0.0025956948758415212,0.008259058478302106,0.002773773868069277,0.002800550238277439,0.003439311840833526,0.0026376337689386397,0.007826442665661843,0.002858942081743424,0.0026866700131752672,0.0033873721347670877,0.0026144060743002358,0.007298657826378146,0.0028131319062065703,0.002802485879497303,0.003403825085135955,0.0031357387761843866,0.006885075819066577,0.0028818471695118463,0.0029073331122400963,0.003396082520256496,0.003078314753328341,0.00650730317432255,0.0028247457535257752,0.0027640956619699466,0.003347368882889844,0.002971531879365681,0.006294382640137192,0.002732157581842139,0.0028153901542964147,0.0034225362835946698,0.003171548138751927,0.006014037270126462,0.002828939642835484,0.002554723803354342,0.0033786617492776896,0.003046376673200538,0.0058040201977708995,0.002779258184858905,0.0027463522841211637,0.003358982730209038,0.0030112125243729557,0.0057440153199550354,0.002770547799369503,0.0026821535169955727,0.003279944047064474,0.003089928600647544,0.005556903335367904,0.004175500718122894,0.002711510742163561,0.003233488657787671,0.003028310688481777,0.005398180755338812,0.004203244908940983,0.00272054373452294,0.0033470462760198665,0.00298830743660453,0.0052071974883119545,0.0041803398211725604,0.002788936390958238,0.0032999456730031,0.0029260443106988113,0.005101705041829195,0.004038070191512351,0.0026924769368348663,0.0032751049440148065,0.0030825086426380485,0.004931368614480918,0.0038435382489157193,0.002690863902484981,0.003263813703565587,0.003005082993843373,0.004730707141354721,0.003905801374821448,0.0026624744979269295,0.003197034081480177,0.003049280135030339,0.004750386160423352,0.003940965523649024,0.0027673217306697184,0.06581502754417466,0.002963789314486212,0.004493268485051045,0.0038616042336344822,0.002728608906272384,0.03397856858041344,0.00316574121509233,0.004672960511628689,0.0037412718711327597,0.002615051288040192,0.027850973692055,0.0029266895244387642,0.00454843425981725,0.003631908142210283,0.002726028051312558,0.02044488777797422,0.0029699188450157898,0.00437745261872901,0.003823859229847072,0.002664732746016774,0.016449724300168944,0.0029218504213890995,0.004320996416482889,0.003652877588758839,0.0026495702231278187,0.013829511302209115,0.0030066960281932603
