HitRate: 122146/30000000 0.004072
CumReqs: 234327,234610,234972,234345,234078,234796,233920,233799,234578,234023,234195,235137,235656,234394,233639,234022,234427,235471,234133,234141,234885,234490,234248,233965,233966,233409,235515,233430,234578,234681,234441,234909,234518,234433,234783,234277,234636,234261,234020,233861,234109,234992,233852,234107,233903,234860,234132,234688,234436,234720,234338,234482,234554,234451,233847,234906,234247,234075,233808,234822,234686,234269,234193,233574,234839,235581,234953,234581,234507,234126,234003,234998,234543,235219,233526,234766,234318,234669,234013,234312,234781,233944,234479,233665,234903,234958,233696,233969,233703,234220,234159,234544,234286,233976,233769,234377,233668,233972,235292,234207,233453,234563,234509,234239,234201,234883,234428,233944,233885,234189,233993,234383,234328,233568,235054,234625,234728,233786,234632,234228,234585,234165,234021,234723,235328,234895,234213,234909
CumProbs: 6.0850694444444225e-05,6.0243055555555327e-05,5.954861111111089e-05,6.189236111111089e-05,5.633680555555535e-05,6.310763888888866e-05,6.215277777777756e-05,6.163194444444422e-05,5.868055555555532e-05,6.128472222222199e-05,6.102430555555535e-05,6.249999999999978e-05,5.859374999999979e-05,5.963541666666646e-05,6.345486111111088e-05,6.119791666666645e-05,5.998263888888869e-05,5.9114583333333125e-05,6.059027777777754e-05,6.015624999999976e-05,6.102430555555532e-05,6.076388888888867e-05,6.197916666666645e-05,5.9374999999999776e-05,6.197916666666643e-05,6.423611111111089e-05,5.963541666666646e-05,5.954861111111089e-05,6.267361111111088e-05,5.8246527777777574e-05,5.9114583333333125e-05,6.024305555555534e-05,5.954861111111089e-05,6.2065972222222e-05,5.98958333333331e-05,6.076388888888866e-05,6.249999999999978e-05,5.6944444444444235e-05,5.894097222222201e-05,6.171874999999978e-05,6.26736111111109e-05,5.79861111111109e-05,6.015624999999978e-05,6.171874999999978e-05,5.972222222222199e-05,6.171874999999979e-05,6.0850694444444225e-05,5.954861111111089e-05,6.171874999999976e-05,6.397569444444422e-05,5.928819444444423e-05,6.319444444444422e-05,5.9809027777777565e-05,5.9461805555555325e-05,5.6684027777777564e-05,6.119791666666645e-05,6.223958333333312e-05,5.9982638888888675e-05,6.0677083333333115e-05,5.8420138888888684e-05,5.9201388888888666e-05,5.755208333333311e-05,6.293402777777756e-05,6.310763888888864e-05,6.0503472222221985e-05,5.885416666666643e-05,6.102430555555532e-05,6.119791666666645e-05,6.0590277777777553e-05,6.076388888888867e-05,5.824652777777757e-05,6.0763888888888664e-05,6.0677083333333115e-05,6.484374999999974e-05,6.154513888888868e-05,6.085069444444422e-05,6.55381944444442e-05,5.972222222222199e-05,6.076388888888866e-05,6.050347222222198e-05,5.902777777777756e-05,6.423611111111089e-05,6.145833333333311e-05,5.7638888888888676e-05,5.885416666666646e-05,6.467013888888866e-05,5.7638888888888676e-05,6.01562499999998e-05,6.180555555555533e-05,5.928819444444423e-05,5.980902777777756e-05,6.180555555555533e-05,6.076388888888866e-05,6.059027777777758e-05,6.067708333333312e-05,6.128472222222201e-05,6.085069444444423e-05,6.154513888888867e-05,6.215277777777755e-05,5.807291666666646e-05,5.998263888888866e-05,5.989583333333312e-05,5.9374999999999776e-05,6.102430555555533e-05,5.763888888888868e-05,5.9288194444444235e-05,6.41493055555553e-05,5.9722222222222e-05,5.79861111111109e-05,6.006944444444424e-05,5.989583333333312e-05,5.894097222222201e-05,6.1284722222222e-05,6.362847222222199e-05,6.102430555555534e-05,5.9114583333333104e-05,6.163194444444422e-05,6.111111111111088e-05,5.859374999999978e-05,5.920138888888868e-05,6.53645833333331e-05,6.050347222222201e-05,6.232638888888866e-05,6.197916666666644e-05,5.859374999999978e-05,6.111111111111089e-05,6.0763888888888664e-05,5.807291666666645e-05
