HitRate: 650172/3000000 0.216724
CumReqs: 93665,93785,93428,93611,94333,93827,93260,93886,93460,93913,94401,93600,93773,93788,93662,93526,93584,93903,93596,93365,93422,93036,94209,93867,93294,93777,94702,93860,93584,93955,93921,94007
CumProbs: 0.020269052568611324,0.020465822895190375,0.020446903781555656,0.020469855321259542,0.020186789948363867,0.020249214646884055,0.020666821822263624,0.020340879534072515,0.02041434815830094,0.020712107082436655,0.02054789541721186,0.020201042975175918,0.02038564983637975,0.020691569312788056,0.020163223410517708,0.02029756491544157,0.020219175655053507,0.020583536013504905,0.020252299619922406,0.020430714400324602,0.02037956842920282,0.02019136641125116,0.02018278052504814,0.020244654893544003,0.02035947986426655,0.0205078187616299,0.020388518670339167,0.019979690300481145,0.019878357963666392,0.020607087360853468,0.020329006424207017,0.020143831221388957
