HitRate: 1450615/3000000 0.483538
CumReqs: 459811,108519,106086,151298,242238,141242,203592,161717,176590,184830,98345,132649,200413,249930,150337,232403
CumProbs: 0.12168638974399978,0.005551446581111155,0.007114966883887044,0.017296672397020214,0.04470242140753474,0.012676075107610709,0.029528311944455547,0.018088260771065717,0.023367848718666293,0.02779288103519503,0.005226282333186741,0.01398039686029931,0.03664694358933354,0.05221118351790402,0.01763016564719679,0.04839716680659389
