HitRate: 3479914/30000000 0.115997
CumReqs: 30000000
CumProbs: 0.08393489583349187
