HitRate: 2771112/3000000 0.923704
CumReqs: 29507,83423,29477,36791,275934,36461,31290,128989,33507,85079,35914,30490,26929,96665,31033,32884,26888,53059,90636,67810,43927,27796,32111,33574,33298,25450,27760,26225,52796,33445,21453,31344,144261,42768,27035,43493,103888,27048,27906,27778,39103,38825,28495,58648,34966,50994,38931,39581,49299,50712,43222,31139,28935,31125,29054,56425,25351,35803,37467,27311,39066,28284,29598,31544
CumProbs: 0.00890354230377158,0.026889610221324026,0.008869527376077607,0.011304294303633356,0.09100126989063392,0.011157976122600494,0.009505822491749909,0.04205000950258288,0.0102244553292212,0.027470563589557805,0.010986011765925343,0.009174311926605411,0.008021043901933294,0.031227863301024658,0.009335207933792793,0.010033053871006618,0.007959763040135409,0.016641398434665427,0.029247168662209326,0.021634303892603683,0.013723403566060005,0.008282364933741012,0.009714231413811447,0.010181261770244737,0.010194759757424805,0.0075029911539590795,0.008236201817584892,0.0077346166139704905,0.016528285302095696,0.01014859664126873,0.006187207363637904,0.009444001710464844,0.047121473245909935,0.013285798821679462,0.008009705592701971,0.013534431745537956,0.0336882764042229,0.008096092710654923,0.008353904265795816,0.008282094973997458,0.012080698526235643,0.011986752535461758,0.008557183952728904,0.018594827139377056,0.0107001243974497,0.015954080927451975,0.012047493477772408,0.012199480813420947,0.015481651376146582,0.015874442803089098,0.013418079096044979,0.00937678173430772,0.008703772093505374,0.009423754729694617,0.00867029708529855,0.017789267264465624,0.007535656282935067,0.010976023255412044,0.01148030805646246,0.008111210456296702,0.012066120700081031,0.00845945852554462,0.00886601789941075,0.00950933196841678
