HitRate: 332157/3000000 0.110719
CumReqs: 3000000
CumProbs: 0.08944444444444416
