HitRate: 19694049/30000000 0.656468
CumReqs: 30000000
CumProbs: 0.660556284655967
