HitRate: 116424/3000000 0.038808
CumReqs: 374814,374111,374544,375847,375726,375332,374118,375508
CumProbs: 0.010041666666666674,0.010083333333333333,0.010437500000000011,0.010687499999999997,0.010687499999999997,0.01043749999999999,0.010395833333333344,0.010125
