HitRate: 16179984/30000000 0.539333
CumReqs: 30000000
CumProbs: 0.4606083333348055
