HitRate: 332166/3000000 0.110722
CumReqs: 3000000
CumProbs: 0.09002777777777524
