HitRate: 1009962/3000000 0.336654
CumReqs: 374574,375944,376226,375976,376217,374496,372955,373612
CumProbs: 0.016436527841519246,0.01598977033964763,0.016538587403479618,0.01641150678761927,0.01630319196218394,0.01645957354905867,0.016453318285583683,0.016276195561923435
