HitRate: 1618505/3000000 0.539502
CumReqs: 3000000
CumProbs: 0.46368055555559157
