HitRate: 1147558/3000000 0.382519
CumReqs: 375098,375784,375466,375005,374807,374342,374568,374930
CumProbs: 0.14228528842929383,0.14108782733810954,0.14443919252351478,0.1379674233709865,0.14485221776521787,0.14171100648113244,0.14164546343270099,0.14512097894264844
