HitRate: 2466697/3000000 0.822232
CumReqs: 79943,68568,66613,80833,77108,178591,169063,167458,77926,75103,124532,117532,116367,75614,73269,111336,105172,103785,73617,70841,98590,92921,91007,71372,69276,90301,85907,84098,69599,67680,84767,81211
CumProbs: 0.06222526799170798,0.05148289896573609,0.04935034855454074,0.06460061726181454,0.06083789294017903,0.16110987372156363,0.15212203899718146,0.15142851596928883,0.0607885435786117,0.05706661472920524,0.10860017903948374,0.10062959915487568,0.10024730610060095,0.05862868652068249,0.056410926211847595,0.09345814993191433,0.08900815350151814,0.08754807039061334,0.057047532976065886,0.0533535687648809,0.08164983469608855,0.07583582191197191,0.07383355381531431,0.055198905891754455,0.05213299455544945,0.07369109865825664,0.06937072655091062,0.06806658742255847,0.05355030821966258,0.051370382421362625,0.0679573608356229,0.06395973355292706
