HitRate: 2378990/3000000 0.792997
CumReqs: 3000000
CumProbs: 0.5584656668405746
