HitRate: 400302/30000000 0.013343
CumReqs: 30000000
CumProbs: 0.013321546547877523
