HitRate: 2757706/3000000 0.919235
CumReqs: 71850,86169,86660,91518,100914,92365,118217,88172,84532,151947,96211,88831,130216,72206,128470,110885,66219,116490,91849,82271,103093,70625,108650,70863,85902,85198,105671,64167,73790,145113,66910,64026
CumProbs: 0.021016991713652233,0.02736263937611648,0.025242317173648658,0.028349660024552376,0.024411790060768178,0.027684937962778575,0.03231666602086806,0.026426982248947194,0.0238431868692011,0.040283418503663564,0.023592677063724688,0.024391665172318614,0.03906060625175162,0.02114494995961499,0.03956673217768416,0.028609481345580102,0.019420817725280846,0.028786400141054512,0.0265642520104613,0.023434681670822258,0.023003648612238737,0.01831244700320882,0.03072439686159873,0.018004866618547093,0.023616406409807014,0.021152158874880568,0.026255470139922032,0.018528113718235317,0.02059857425678332,0.04009148113471934,0.01787120131466582,0.019145377087844515
