HitRate: 2960565/3000000 0.986855
CumReqs: 191040,186852,185477,178597,195808,194037,193828,186961,185680,190635,190283,180012,185139,182628,186606,186417
CumProbs: 0.05855463912355429,0.057744383689517634,0.05628619354400337,0.055543886319410006,0.060940376255120575,0.059504835512754206,0.05911224585819255,0.05779210921757899,0.057813680077719774,0.05887658421115494,0.059572783722197445,0.05668795081412471,0.05772685736565317,0.05761468889292132,0.058630406769798665,0.058484803463848725
