HitRate: 1880763/3000000 0.626921
CumReqs: 3000000
CumProbs: 0.10471561374033946
