HitRate: 347888/3000000 0.115963
CumReqs: 3000000
CumProbs: 0.0841796875000028
