HitRate: 101050/3000000 0.033683
CumReqs: 46936,46485,47424,47068,47633,47135,46858,46687,46815,46690,46752,46740,46875,46753,46896,47156,46875,47295,46833,47132,47384,47005,47073,46850,46691,46930,46410,47071,47082,47192,46489,47034,46969,46682,46843,46963,47075,46869,46938,47327,46886,47017,46583,46334,46673,46348,46689,46838,47104,46892,46759,46365,46559,46456,46834,46551,46949,46736,46896,46989,47106,47056,47116,46349
CumProbs: 0.0015850573051495048,0.0015850573051495048,0.0016390025327617358,0.001587388271774725,0.0016473274135660927,0.0015417679249668502,0.001587055276542551,0.0015943811716503842,0.0016060360047764834,0.0015274491299833571,0.0014991445352485445,0.0015684075435407915,0.001559083677039912,0.0016723020559791624,0.0016483263992626152,0.0015667425673799198,0.0015900522336321189,0.0016633111847104572,0.0015710715053981854,0.0015883872574712474,0.0015800623766668907,0.0015937151811860357,0.0015740684624877541,0.0015321110632337965,0.0015490938200746842,0.0015444318868242442,0.001672968046443511,0.0015690735340051403,0.0016336746090469477,0.0017039366030357176,0.001560415657968609,0.0015777314100416712,0.001590052233632119,0.0015943811716503842,0.0015734024720234056,0.0015720704910947086,0.0016220197759208488,0.001507802411285075,0.0016410005041547814,0.0016459954326373955,0.0015630796198260034,0.001599043104900824,0.001630011661493031,0.0015284481156798797,0.0015977111239721268,0.0014964805733911502,0.0015990431049008242,0.0015717374958625343,0.001575400443416451,0.0015194572444111743,0.0016353395852078195,0.0015547547390216466,0.0016709700750504653,0.0015377719821807595,0.0015454308725207674,0.001537438986948585,0.001583725324220808,0.001602706052454741,0.001579729381434717,0.0016067019952408317,0.0015524237723964268,0.0016350065899756446,0.001561414643665132,0.0015890532479355965
