HitRate: 2620145/3000000 0.873382
CumReqs: 201331,180114,181186,185116,200452,194362,184512,151962,156704,151845,181215,181995,221861,206103,221834,199408
CumProbs: 0.15685661710737356,0.14473054918661984,0.14935216832542436,0.15742314427311904,0.16549696138011807,0.1550360022236755,0.15076233039462464,0.12993303387513513,0.12833743880852516,0.13532441777542178,0.14782210933348702,0.1534277166454967,0.17206382759087638,0.1602326720061488,0.16876940866951,0.1542436975983658
