HitRate: 2366786/3000000 0.788929
CumReqs: 82440,73236,71692,83559,80843,162294,153943,154307,81060,78339,118375,112598,112033,79122,76392,108858,102880,101983,77182,75191,97464,92819,91572,75789,73874,91110,87368,86700,74413,72561,86287,83716
CumProbs: 0.06295566375354411,0.053690166426519734,0.052705874504667856,0.06401453278072829,0.061305527296321924,0.1431512256920331,0.1351614059389176,0.13416012176521794,0.061375069660365655,0.05888255805135359,0.09891252734887208,0.09337714397377646,0.09218800101575898,0.059676159146913314,0.0571490336915446,0.089368860565672,0.0833378698450151,0.08196370014465457,0.057104979705272445,0.055702174913834904,0.07779052895935996,0.07353145250083462,0.07229164745860396,0.055996392607866936,0.054600510585700646,0.07145713909007742,0.06725407412838386,0.06697118460225068,0.055307891736699324,0.053172217416491634,0.06694034681186016,0.06403435707455091
