HitRate: 1648137/3000000 0.549379
CumReqs: 94046,94488,94289,93446,92585,94731,93845,93436,93952,91928,95053,94023,93171,92116,94334,95206,95294,93367,93948,93066,93365,93279,93970,92541,92399,93975,94264,94502,92762,93883,94736,94000
CumProbs: 0.0031560240225517833,0.003234957928561151,0.00320231859189905,0.003192660012682714,0.0032066482998236146,0.003132377156194546,0.0031383721363977893,0.00318899641366962,0.003266265047400311,0.0031323771561945464,0.003235290983016887,0.0031716775819713625,0.0031343754829289607,0.0030847503690243365,0.003220636586964516,0.0031536926413616327,0.003356189750448957,0.003218305205774365,0.003204983027544935,0.0031520273690829547,0.0031163905423192313,0.0031943252849613918,0.0031093963987487805,0.0030970733838865585,0.0031506951512600117,0.0031243838492568893,0.0031836675423778486,0.0032506114879807305,0.003231627384003794,0.0032426181810430734,0.0032186382602301003,0.003202984700810521
