HitRate: 3638270/30000000 0.121276
CumReqs: 30000000
CumProbs: 0.07868324652780918
