HitRate: 30294/3000000 0.010098
CumReqs: 3000000
CumProbs: 0.010930896444086458
