HitRate: 299213/30000000 0.009974
CumReqs: 234936,234243,235221,234455,235097,234581,235082,235299,234352,234235,234205,234775,233713,234288,233182,234554,234135,233741,233484,235413,234592,235048,234285,233873,234348,234613,234630,234499,233796,235082,235038,234551,234917,235163,233522,234387,234394,234179,234101,234177,234434,232824,234837,233812,235470,234676,234822,234082,234606,234417,234451,233981,235193,235357,233805,234682,234006,234051,234583,234165,234052,234832,234067,233898,234201,234668,234152,235483,233807,233947,233955,234820,234293,234063,234401,233922,233815,234517,233968,234551,233905,233865,234756,233968,234715,234163,234586,233289,234567,234363,233561,233866,234975,234121,235003,234659,234326,235182,234144,234929,235170,234702,233812,234478,233793,234271,234787,234133,233648,233985,234481,234121,235475,233871,234647,234185,234330,234109,235008,233478,233838,233824,235512,234008,234612,234616,234624,233687
CumProbs: 7.812499999999964e-05,7.812499999999964e-05,7.812499999999964e-05,7.812499999999964e-05,7.812499999999964e-05,7.812499999999964e-05,7.812499999999964e-05,7.812499999999964e-05,7.812499999999964e-05,7.812499999999964e-05,7.812499999999964e-05,7.812499999999964e-05,7.812499999999964e-05,7.812499999999964e-05,7.812499999999964e-05,7.812499999999964e-05,7.812499999999964e-05,7.812499999999964e-05,7.812499999999964e-05,7.812499999999964e-05,7.812499999999964e-05,7.812499999999964e-05,7.812499999999964e-05,7.812499999999964e-05,7.812499999999964e-05,7.812499999999964e-05,7.812499999999964e-05,7.812499999999964e-05,7.812499999999964e-05,7.812499999999964e-05,7.812499999999964e-05,7.812499999999964e-05,7.812499999999964e-05,7.812499999999964e-05,7.812499999999964e-05,7.812499999999964e-05,7.812499999999964e-05,7.812499999999964e-05,7.812499999999964e-05,7.812499999999964e-05,7.812499999999964e-05,7.812499999999964e-05,7.812499999999964e-05,7.812499999999964e-05,7.812499999999964e-05,7.812499999999964e-05,7.812499999999964e-05,7.812499999999964e-05,7.812499999999964e-05,7.812499999999964e-05,7.812499999999964e-05,7.812499999999964e-05,7.812499999999964e-05,7.812499999999964e-05,7.812499999999964e-05,7.812499999999964e-05,7.812499999999964e-05,7.812499999999964e-05,7.812499999999964e-05,7.812499999999964e-05,7.812499999999964e-05,7.812499999999964e-05,7.812499999999964e-05,7.812499999999964e-05,7.812499999999964e-05,7.812499999999964e-05,7.812499999999964e-05,7.812499999999964e-05,7.812499999999964e-05,7.812499999999964e-05,7.812499999999964e-05,7.812499999999964e-05,7.812499999999964e-05,7.812499999999964e-05,7.812499999999964e-05,7.812499999999964e-05,7.812499999999964e-05,7.812499999999964e-05,7.812499999999964e-05,7.812499999999964e-05,7.812499999999964e-05,7.812499999999964e-05,7.812499999999964e-05,7.812499999999964e-05,7.812499999999964e-05,7.812499999999964e-05,7.812499999999964e-05,7.812499999999964e-05,7.812499999999964e-05,7.812499999999964e-05,7.812499999999964e-05,7.812499999999964e-05,7.812499999999964e-05,7.812499999999964e-05,7.812499999999964e-05,7.812499999999964e-05,7.812499999999964e-05,7.812499999999964e-05,7.812499999999964e-05,7.812499999999964e-05,7.812499999999964e-05,7.812499999999964e-05,7.812499999999964e-05,7.812499999999964e-05,7.812499999999964e-05,7.812499999999964e-05,7.812499999999964e-05,7.812499999999964e-05,7.812499999999964e-05,7.812499999999964e-05,7.812499999999964e-05,7.812499999999964e-05,7.812499999999964e-05,7.812499999999964e-05,7.812499999999964e-05,7.812499999999964e-05,7.812499999999964e-05,7.812499999999964e-05,7.812499999999964e-05,7.812499999999964e-05,7.812499999999964e-05,7.812499999999964e-05,7.812499999999964e-05,7.812499999999964e-05,7.812499999999964e-05,7.812499999999964e-05,7.812499999999964e-05,7.812499999999964e-05
