HitRate: 2541026/3000000 0.847009
CumReqs: 185515,174694,147179,156104,177593,259787,250381,232628,152892,168349,206898,199049,185637,149373,161676,192245
CumProbs: 0.157785146332468,0.14705093946987,0.11825706608146334,0.12783114784197608,0.14896581837927095,0.23140413922877348,0.22272869306230045,0.20385108985761605,0.12453625492599574,0.1397029591791728,0.1784493859844744,0.17116020955443814,0.15753429156518006,0.12126075477257398,0.13377190170121406,0.1637937748606607
