HitRate: 332315/3000000 0.110772
CumReqs: 23316,23624,23389,23359,23586,23394,23521,23578,23099,23482,23681,23231,23171,23268,23309,23362,23617,23600,23558,23380,23303,23826,23692,23108,23225,23681,23359,23211,23775,23330,23508,23454,23431,23062,23333,23681,23376,23387,23220,23612,23637,23875,23351,23196,23566,23532,23435,23622,23684,23559,23287,23621,23158,23254,23270,23533,23333,23802,23643,23143,23463,23469,23530,23636,23426,23372,23467,23557,23259,23461,23450,23328,23550,23260,23456,23531,23580,23539,23288,23439,23616,23459,23345,23207,23405,23233,23595,23401,23419,23714,23317,23403,23271,23276,23389,23435,23552,23430,23448,23616,23396,23534,23520,23367,23258,23504,23625,23542,23138,23652,23484,23381,23469,23436,23224,23163,23386,23372,23373,23430,23415,23595,23550,23424,23296,23638,23382,23254
CumProbs: 0.0006770833333333334,0.0006423611111111111,0.0007291666666666667,0.0006597222222222222,0.0007118055555555556,0.0006944444444444445,0.0006770833333333334,0.0006944444444444445,0.0007291666666666667,0.0007638888888888889,0.0007465277777777778,0.0007986111111111112,0.000625,0.0006423611111111111,0.0007118055555555556,0.0007465277777777778,0.0007291666666666667,0.0007291666666666667,0.0006944444444444445,0.0007638888888888889,0.0007118055555555556,0.0006423611111111111,0.0006423611111111111,0.0007465277777777778,0.0006944444444444445,0.0006423611111111111,0.0007638888888888889,0.0007465277777777778,0.0006944444444444445,0.0007465277777777778,0.0006944444444444445,0.0006770833333333334,0.0007291666666666667,0.0006770833333333334,0.0006944444444444445,0.0007291666666666667,0.0006423611111111111,0.0006076388888888889,0.0007291666666666667,0.0007465277777777778,0.0006770833333333334,0.0007465277777777778,0.00078125,0.0006944444444444445,0.0006597222222222222,0.0007465277777777778,0.0007118055555555556,0.0007118055555555556,0.0007118055555555556,0.0006597222222222222,0.0007465277777777778,0.0007118055555555556,0.0007986111111111112,0.0006770833333333334,0.0007465277777777778,0.0006944444444444445,0.0006597222222222222,0.0007638888888888889,0.0007638888888888889,0.0006944444444444445,0.0006944444444444445,0.0007638888888888889,0.0007465277777777778,0.0006770833333333334,0.0006423611111111111,0.0007118055555555556,0.0006770833333333334,0.0007118055555555556,0.0007291666666666667,0.000625,0.0006597222222222222,0.0007118055555555556,0.0007118055555555556,0.0007118055555555556,0.0006770833333333334,0.0006597222222222222,0.0007118055555555556,0.0006944444444444445,0.0007465277777777778,0.0006944444444444445,0.0007118055555555556,0.0007638888888888889,0.0006423611111111111,0.0006944444444444445,0.00078125,0.0006944444444444445,0.0006770833333333334,0.0006770833333333334,0.0006944444444444445,0.0007291666666666667,0.0007638888888888889,0.0007118055555555556,0.0007638888888888889,0.0006770833333333334,0.0007118055555555556,0.0006944444444444445,0.0006770833333333334,0.0007986111111111112,0.000625,0.0007638888888888889,0.0006944444444444445,0.0006597222222222222,0.0006597222222222222,0.0006770833333333334,0.0007291666666666667,0.0006770833333333334,0.0007291666666666667,0.0007118055555555556,0.0007291666666666667,0.0006770833333333334,0.0007118055555555556,0.0006423611111111111,0.0007118055555555556,0.0007118055555555556,0.0006770833333333334,0.0007638888888888889,0.0006770833333333334,0.00078125,0.0007118055555555556,0.0006597222222222222,0.0007291666666666667,0.0007118055555555556,0.0007291666666666667,0.0007291666666666667,0.0006770833333333334,0.0007291666666666667,0.0007291666666666667,0.0006770833333333334
