HitRate: 132357/3000000 0.044119
CumReqs: 375698,375218,375294,375304,374537,375357,374800,373792
CumProbs: 0.016620191212307116,0.017542302142356036,0.01804479884699721,0.015033633293926587,0.017294695070503865,0.014962888416254542,0.01671000946386133,0.018548682706102545
