HitRate: 399755/30000000 0.013325
CumReqs: 30000000
CumProbs: 0.013310656548296294
