HitRate: 1617716/3000000 0.539239
CumReqs: 3000000
CumProbs: 0.4624583333332553
