HitRate: 396519/3000000 0.132173
CumReqs: 3000000
CumProbs: 0.1322156227440983
