HitRate: 907204/3000000 0.302401
CumReqs: 374390,375532,374735,374361,375450,375316,376011,374205
CumProbs: 0.11953528103566073,0.1194868012155401,0.11957701050108245,0.11993539296881532,0.11990256169822669,0.1196659924494056,0.11962917233285844,0.11919592229481038
