HitRate: 1617749/3000000 0.539250
CumReqs: 3000000
CumProbs: 0.46249999999998886
