HitRate: 3480262/30000000 0.116009
CumReqs: 30000000
CumProbs: 0.08398255208340474
