HitRate: 6509933/30000000 0.216998
CumReqs: 938130,937975,937890,938194,938521,936096,935788,938661,938665,935249,936833,935629,937586,937833,936313,938131,938166,937117,936329,937929,936580,937648,938905,937779,938311,937523,938033,936594,938489,936191,938940,937972
CumProbs: 0.020449886823226036,0.020328631316732966,0.020348443101609347,0.020313126039666226,0.020385873498962256,0.02035943807376049,0.020286542650517148,0.02033236176080451,0.02028267353283391,0.020356399799834897,0.020266244397977133,0.020383892496038173,0.020347393419559667,0.02039913041499957,0.02032889400688442,0.020289811950196374,0.0202605765380849,0.020323275871229216,0.02028155803718771,0.020266467925924393,0.02040163130345169,0.02020734781770615,0.02030753295818624,0.020284133233133453,0.02042309887525428,0.020329199982490515,0.020232398941678182,0.020339259642894462,0.02034455081993589,0.02038406048813479,0.02041284687170155,0.02029798562257043
