HitRate: 1744081/3000000 0.581360
CumReqs: 46671,46518,47245,47013,46802,46871,46773,46671,46749,46496,46757,46817,46779,46998,46744,46728,46728,46917,47028,47307,46862,47075,46801,46985,46827,46895,47205,47078,46933,46718,46743,47116,46760,46801,47177,46729,46578,46840,46776,47285,47096,46854,46953,46746,47011,46823,46926,46683,47046,46900,46650,46605,47209,46639,46663,46651,47273,46569,47095,47126,47177,46682,46920,46907
CumProbs: 0.006944444444444446,0.006597222222222228,0.006510416666666672,0.006458333333333338,0.006614583333333337,0.006736111111111118,0.006510416666666672,0.00670138888888889,0.00663194444444445,0.006736111111111116,0.006579861111111116,0.006510416666666671,0.006406250000000006,0.0064236111111111134,0.006510416666666669,0.006215277777777787,0.006736111111111116,0.006250000000000005,0.006649305555555563,0.00680555555555556,0.006128472222222228,0.006493055555555561,0.0067013888888888895,0.006597222222222228,0.006423611111111117,0.006440972222222231,0.006788194444444451,0.006527777777777785,0.006684027777777781,0.006718750000000009,0.006388888888888893,0.006684027777777784,0.006562500000000005,0.006493055555555563,0.006718750000000003,0.006493055555555563,0.006649305555555559,0.00677083333333334,0.0066840277777777835,0.00659722222222223,0.006440972222222227,0.006128472222222225,0.006215277777777785,0.006493055555555559,0.006840277777777781,0.006805555555555563,0.006458333333333342,0.006458333333333339,0.006319444444444452,0.006545138888888894,0.006493055555555562,0.006649305555555563,0.006579861111111115,0.006232638888888897,0.0067534722222222275,0.006059027777777783,0.006267361111111117,0.006909722222222228,0.006718750000000001,0.006701388888888895,0.006527777777777787,0.006822916666666668,0.006267361111111119,0.006631944444444448
