HitRate: 16181771/30000000 0.539392
CumReqs: 30000000
CumProbs: 0.4606405381984302
