HitRate: 3317148/30000000 0.110572
CumReqs: 468734,469367,467940,468669,468361,468758,468157,469341,468911,468272,469643,468354,467585,467737,467560,468098,468820,469819,468104,470176,469566,468462,468578,468777,468307,467473,467586,468542,467189,468572,468729,469424,468726,468117,468254,468175,467384,468735,471187,469609,469924,468317,468646,469965,469636,469925,469706,468163,469585,468296,468600,468478,469538,469189,468009,469201,468373,469273,468056,468619,469060,470306,468671,468666
CumProbs: 0.001377430555555614,0.0013996527777778345,0.0013902777777778385,0.0014000000000000574,0.0014069444444445027,0.0014069444444445014,0.001390972222222276,0.001395138888888946,0.0014048611111111694,0.0013996527777778384,0.001393402777777836,0.00140208333333339,0.0014069444444445001,0.00137986111111117,0.0013951388888889464,0.0013822916666667187,0.001382291666666722,0.0013996527777778362,0.0013989583333333937,0.0014090277777778339,0.0014079861111111678,0.0014093750000000582,0.001382638888888948,0.0013958333333333902,0.0013934027777778345,0.0014017361111111671,0.0014090277777778356,0.0013951388888889464,0.0014072916666667205,0.0013920138888889435,0.0014152777777778319,0.0014017361111111682,0.0014079861111111669,0.0013902777777778333,0.0014100694444445056,0.0014048611111111664,0.0013927083333333888,0.0014031250000000552,0.0014055555555556095,0.0013906250000000572,0.0013885416666667217,0.001398263888888947,0.0014024305555556118,0.0014163194444445023,0.0013875000000000556,0.0013850694444444975,0.0014065972222222793,0.0013975694444444994,0.0013930555555556128,0.001406250000000057,0.001388194444444503,0.0013958333333333917,0.0014090277777778324,0.001385416666666725,0.0013930555555556109,0.0014083333333333886,0.0013958333333333923,0.0013906250000000533,0.0013920138888889428,0.0013986111111111684,0.0013895833333333924,0.0014027777777778317,0.0013944444444445032,0.00140034722222228
