HitRate: 1016027/3000000 0.338676
CumReqs: 375054,374789,374824,374772,375929,374672,375093,374867
CumProbs: 0.09916666666666671,0.09666666666666673,0.10020833333333336,0.09875000000000016,0.0947916666666668,0.09791666666666679,0.09937500000000014,0.10000000000000013
