HitRate: 17455601/30000000 0.581853
CumReqs: 1876003,1876283,1875257,1874052,1872252,1877036,1875514,1874090,1873472,1876123,1876364,1873482,1875230,1875643,1874179,1875020
CumProbs: 0.026238194444444498,0.02606041666666671,0.026121527777777914,0.02629513888888901,0.026040277777777752,0.026206250000000035,0.02617083333333326,0.025959027777777904,0.026069444444444378,0.02614027777777783,0.026239583333333264,0.0261909722222223,0.026218055555555616,0.026082638888888912,0.026175000000000045,0.02607569444444451
