HitRate: 2706419/3000000 0.902140
CumReqs: 3000000
CumProbs: 0.9439951574315217
