HitRate: 132419/3000000 0.044140
CumReqs: 187065,187545,187308,187138,187696,187886,187576,187247,187734,188061,186957,188034,187748,187375,186740,187890
CumProbs: 0.008154623141474998,0.008410361497883509,0.008216079369851815,0.008404717753400206,0.008063070703859589,0.008643538764379713,0.008238479011521437,0.008076712212364579,0.008361705684747388,0.008198480643398606,0.00832702642861989,0.008508039420706314,0.008003081397687744,0.008259713795440117,0.008160858862848105,0.00803112391583935
