HitRate: 2539005/3000000 0.846335
CumReqs: 168556,168442,158730,168295,181817,199949,219149,184671,202626,210153,218754,195794,161783,176144,194947,190190
CumProbs: 0.10049713209863105,0.09913238828290981,0.11206695659001151,0.11173695321490575,0.1296140649628072,0.13691667993457543,0.13619630289868134,0.11064371928505318,0.12065204913327993,0.1455837259226574,0.1439165050797064,0.12299835749031038,0.112195517146569,0.10615098139250184,0.12611415239024115,0.11748995992101206
