HitRate: 2326037/3000000 0.775346
CumReqs: 173305,172558,161485,167525,181797,200747,219730,186445,200608,206646,211597,192995,158766,176946,196309,192541
CumProbs: 0.08056753006265709,0.07697031683346794,0.07990577245779187,0.09270050898946912,0.10051618389472652,0.11941613664484474,0.11111111111111217,0.09438957884086853,0.09273712926828862,0.10882704274720874,0.12402931955633176,0.09224388976064678,0.08703279167728092,0.09011116361098072,0.10289326128536619,0.09302361003356828
