HitRate: 1597874/3000000 0.532625
CumReqs: 3000000
CumProbs: 0.09989462887168915
