HitRate: 1779478/3000000 0.593159
CumReqs: 3000000
CumProbs: 0.10779354827586576
