HitRate: 28104843/30000000 0.936828
CumReqs: 30000000
CumProbs: 0.8632151041781191
