HitRate: 2954852/3000000 0.984951
CumReqs: 94551,93495,97707,91316,93702,91841,91921,86831,95749,96265,99136,93381,98485,92023,91715,97296,97715,92411,88834,92475,95312,91018,89936,88355,91701,96300,102470,91530,87394,95676,95497,97962
CumProbs: 0.028740832837468477,0.027996877160497372,0.029003498619499614,0.027635672104386985,0.02828869282424964,0.028339071424180812,0.028258909249447586,0.026512134271959528,0.028594766582322115,0.028483236600084533,0.02980036766872554,0.02828394012614295,0.030402059249035673,0.02828900967079011,0.028097000667278813,0.0289169995139574,0.029411280117055783,0.027852395138053224,0.027046971232235196,0.02811379353392254,0.02921166679657374,0.02780296707774337,0.027198107032028736,0.026436724795332968,0.027758608562080695,0.02920754779154793,0.03134024185530126,0.028338437731099935,0.026918331536813476,0.028274434729929528,0.02873924860476623,0.029543088277882015
