HitRate: 302882/3000000 0.100961
CumReqs: 375439,374489,375547,374726,375913,374533,374763,374590
CumProbs: 0.013640700164006998,0.013583530700167337,0.013621203063622397,0.013669450125591107,0.013612280661751469,0.013626159953550678,0.013456964777331574,0.013480757848987415
