HitRate: 2782786/3000000 0.927595
CumReqs: 3000000
CumProbs: 0.95064456236869
