HitRate: 364163/3000000 0.121388
CumReqs: 187471,187450,187354,186956,187424,188389,188097,186564,187512,187673,186904,187747,187192,187898,188153,187216
CumProbs: 0.005277777777777777,0.005000000000000001,0.004444444444444445,0.004791666666666665,0.005347222222222223,0.004791666666666666,0.0044444444444444444,0.0056250000000000015,0.004583333333333334,0.005277777777777777,0.004722222222222223,0.005347222222222222,0.00451388888888889,0.005138888888888889,0.004722222222222223,0.004652777777777778
