HitRate: 1407358/3000000 0.469119
CumReqs: 185144,187793,200454,223951,218825,200548,172680,164164,158566,164957,169624,179655,192490,188945,203078,189126
CumProbs: 0.041766264464392036,0.04608165202501488,0.041085254828554386,0.04191915096145661,0.05176371192461496,0.04667491810601545,0.050967372692078544,0.0329649876627244,0.03154580213562492,0.028454171275419025,0.04082667723134515,0.04464186005700665,0.05418430400748738,0.0413617799710712,0.04630965232281119,0.03313283044754526
