HitRate: 400028/30000000 0.013334
CumReqs: 30000000
CumProbs: 0.013263716546100908
