HitRate: 2470310/3000000 0.823437
CumReqs: 86429,80531,73883,91791,94619,112299,103771,95219,84423,77764,89393,88475,99152,91802,89924,78778,88174,81464,99488,95789,116888,111878,103574,93001,80392,80807,86071,100182,122093,109564,102694,89688
CumProbs: 0.06106377251802643,0.06249309895653742,0.05126517492793954,0.0654906568221565,0.06974091370797562,0.07930433552529385,0.07371434297154515,0.06584135753593572,0.06252630255352887,0.05936272670295621,0.06834852381522855,0.06796540538840991,0.07393596224613214,0.0662034535670257,0.06771667311746052,0.05963307078259701,0.06953088622168266,0.0613286154100006,0.07539102638408715,0.07468098023305329,0.0898628828974005,0.08269876478689883,0.07424894053019165,0.06103567716672677,0.05486354107520222,0.05464133238764872,0.062212931327489854,0.07250467109773819,0.08421611022808644,0.08041066365934868,0.06966645120348029,0.06359058589613018
