HitRate: 1617204/3000000 0.539068
CumReqs: 46824,46859,46552,47171,46542,46561,46618,47156,46646,47125,47042,47216,46747,46686,47003,46897,47374,46951,46724,46515,46807,46945,46903,46867,46549,46773,46802,47023,46658,46860,46962,46924,46994,46942,46496,46921,46857,47266,46649,47242,46930,47084,47069,46741,47373,46781,46937,46859,47030,47023,46790,47149,46579,46904,47055,46951,46892,46609,46712,46839,46829,46745,46694,46776
CumProbs: 0.007246527777778002,0.007201388888889109,0.007156250000000223,0.0072118055555557715,0.00714930555555577,0.007138888888889104,0.007149305555555776,0.007260416666666896,0.0072465277777779965,0.0072083333333335525,0.007277777777778,0.007288194444444671,0.007177083333333553,0.0071736111111113336,0.0072187500000002215,0.007166666666666882,0.007222222222222443,0.007291666666666889,0.00715972222222244,0.007222222222222441,0.007149305555555776,0.007187500000000223,0.007253472222222446,0.007236111111111328,0.007118055555555774,0.007118055555555773,0.007215277777777997,0.007260416666666885,0.007201388888889112,0.007281250000000221,0.007225694444444668,0.007218750000000215,0.007163194444444664,0.007201388888889109,0.007121527777777995,0.007215277777778,0.007187500000000217,0.007239583333333559,0.0071597222222224395,0.0073090277777779974,0.007204861111111331,0.007156250000000211,0.007194444444444665,0.007190972222222443,0.007246527777777998,0.007225694444444666,0.0072534722222224466,0.007135416666666884,0.007184027777777997,0.007184027777777996,0.007184027777778001,0.007156250000000218,0.007211805555555777,0.007225694444444663,0.007243055555555773,0.007208333333333553,0.00728125000000022,0.007190972222222444,0.007274305555555779,0.007177083333333552,0.007243055555555778,0.0071736111111113275,0.007215277777777994,0.007163194444444669
