HitRate: 2769935/3000000 0.923312
CumReqs: 186876,189312,191584,185177,189571,181880,187185,186193,190186,181492,187467,185095,185855,193092,190415,188620
CumProbs: 0.04714413256973844,0.04856863610235078,0.04924833020406452,0.04759000344392645,0.04815616854638079,0.045583478803376654,0.046997411665666865,0.04765406170607849,0.048321071003406206,0.046665281204145294,0.04806378088776499,0.04819802840085647,0.04756040556702456,0.04943585389558006,0.04888216218410569,0.048231854545887166
