HitRate: 2964789/3000000 0.988263
CumReqs: 3000000
CumProbs: 0.9678375356705096
