HitRate: 1474525/3000000 0.491508
CumReqs: 3000000
CumProbs: 0.04836337020403327
