HitRate: 10596471/30000000 0.353216
CumReqs: 936483,938257,938763,938501,937854,939010,936881,938395,937051,937580,935120,938378,937325,937883,936784,937021,936981,937126,938672,935549,936744,937604,937164,935927,937870,939017,936766,938427,936172,938129,938172,938394
CumProbs: 0.023093055555553563,0.02318263888888681,0.023107638888886867,0.02312986111110907,0.023197222222220117,0.02317013888888678,0.023042361111109154,0.02308159722222032,0.0231145833333314,0.023109374999997802,0.023074652777775935,0.023164583333331275,0.023100347222220364,0.023189583333331498,0.023148958333331304,0.0231555555555536,0.02308923611110934,0.023182986111108805,0.02318541666666478,0.023159374999997956,0.02308090277777605,0.023121180555553435,0.02307881944444251,0.023152083333331363,0.023111111111109157,0.02315416666666473,0.023192361111109044,0.023152777777775867,0.02318472222222031,0.023147916666664617,0.02314409722222017,0.02317847222222032
