HitRate: 1875444/3000000 0.625148
CumReqs: 380535,367530,383559,379536,370600,374594,374055,369591
CumProbs: 0.013670735893513567,0.01372572544549869,0.011878076498798563,0.014328610897262855,0.012831562003219388,0.012951872477562599,0.013673735323621844,0.012543949982836589
