HitRate: 2969486/3000000 0.989829
CumReqs: 3000000
CumProbs: 0.9973394632224777
