HitRate: 1017095/3000000 0.339032
CumReqs: 47228,46682,46847,46848,46854,46716,46848,47138,46796,47375,46883,46993,47109,46886,46664,46908,46940,47217,46852,46996,46986,47140,47000,46881,46834,47061,46764,46779,47075,47158,46855,47179,46637,46819,46849,46712,46680,46735,46766,47050,47211,46792,46590,46593,46984,46885,47067,46781,47241,46682,46672,46795,46472,47262,46557,46643,46873,46767,46881,46903,46699,46624,46712,46574
CumProbs: 0.012351562499999491,0.012158854166666183,0.012255208333332839,0.012085937499999519,0.012223958333332842,0.01221874999999949,0.012322916666666163,0.012210937499999505,0.012289062499999495,0.012231770833332834,0.012252604166666169,0.012255208333332815,0.012190104166666178,0.012260416666666161,0.012226562499999488,0.012182291666666165,0.012361979166666157,0.012229166666666166,0.012343749999999494,0.012278645833332838,0.012213541666666165,0.01227604166666616,0.012270833333332822,0.012335937499999472,0.012083333333332849,0.012205729166666181,0.01216145833333283,0.012374999999999487,0.012195312499999493,0.012268229166666155,0.01230729166666617,0.012218749999999499,0.012065104166666167,0.012132812499999505,0.012203124999999487,0.012039062499999514,0.012315104166666162,0.012255208333332835,0.012226562499999495,0.012171874999999504,0.01227604166666616,0.012234374999999503,0.012486979166666154,0.012244791666666172,0.012203124999999503,0.012197916666666163,0.0122578124999995,0.012080729166666181,0.012338541666666172,0.012085937499999514,0.012369791666666146,0.012398437499999483,0.012291666666666154,0.012244791666666163,0.012148437499999483,0.012197916666666161,0.012437499999999461,0.012317708333332825,0.012114583333332842,0.012263020833332819,0.012393229166666143,0.012104166666666171,0.012124999999999513,0.01228645833333282
