HitRate: 2401180/3000000 0.800393
CumReqs: 30284,48245,47234,49944,114685,115848,114341,65092,64642,82665,51815,50677,31034,51333,51595,53585,30221,37590,56813,70481,67535,46494,34716,31161,32884,30688,28850,26403,35364,37502,35741,28906,65865,73018,71208,37691,58288,58203,52941,27647,31755,35198,35436,42014,40866,48038,41557,43200,42704,46642,47874,41711,34462,30202,29606,38903,36776,39251,32911,33717,34478,31613,32236,29621
CumProbs: 0.021123803830751096,0.039018581358687195,0.038404287429368744,0.0408021581131204,0.10460109693658533,0.10708512219639889,0.10520565421860915,0.05667407340310894,0.05603263488133251,0.07402094323328098,0.04256950712206256,0.04167580092037885,0.022258860865375478,0.04240309896829891,0.04241844156403621,0.04445782659739286,0.021226776252140152,0.028580895458798185,0.047831132310119956,0.0614615533729075,0.058566523577291536,0.03731289778261132,0.025719501353836594,0.02218981918455875,0.02378692439080306,0.021960860448174923,0.019831485189821797,0.01744895710180721,0.02617240297799787,0.027920278692350493,0.026667496740436013,0.01957066106229178,0.05665548525827361,0.06375261598633569,0.06223517425795694,0.028543424119209633,0.04909719150834546,0.049230259021372465,0.044130026138472264,0.01874747179101491,0.0222104726788201,0.025882368908583808,0.026352678477908266,0.032717495309444004,0.031772155372106675,0.0393177619755599,0.03237081165577001,0.03393339602160584,0.033670506544649814,0.03731791363121774,0.03853351929346167,0.032464342479782506,0.02524299573623363,0.021594703499911626,0.020873601500269783,0.029793845671779975,0.02768984470637667,0.02992042208661072,0.023586880546385202,0.024287919151601677,0.025355704804917428,0.022572793978149194,0.023164369063780086,0.020564389186184435
