HitRate: 116350/30000000 0.003878
CumReqs: 468814,468716,467975,469062,469069,468333,468946,468650,469111,467759,468187,469209,468725,469453,469161,469960,468440,468539,469475,467861,468580,469310,467924,469440,468084,468892,470249,468211,468418,468105,469054,468861,468798,469010,468668,468127,467991,467438,468832,468206,468707,469143,468392,468824,468495,469721,469254,468171,468788,468739,468236,468495,468381,468859,469503,468892,468658,469773,469154,469234,468925,469284,468315,468414
CumProbs: 0.0001302083333333328,0.00014036458333333273,0.00012890624999999946,0.0001307291666666661,0.00013437499999999949,0.0001359374999999994,0.0001333333333333328,0.00012916666666666613,0.0001302083333333328,0.0001299479166666661,0.0001348958333333328,0.0001263020833333328,0.0001348958333333328,0.0001281249999999995,0.00012552083333333282,0.00012578124999999946,0.00012734374999999945,0.00012760416666666617,0.00013776041666666608,0.0001328124999999994,0.00013359374999999944,0.00012890624999999946,0.0001348958333333328,0.00013671874999999942,0.0001236979166666661,0.00012916666666666616,0.00012760416666666617,0.00012499999999999946,0.00013072916666666612,0.00012838541666666613,0.0001335937499999994,0.00013151041666666614,0.00013151041666666614,0.0001294270833333328,0.00013359374999999946,0.00013046874999999945,0.00013515624999999943,0.00013046874999999945,0.00013124999999999945,0.0001281249999999995,0.0001281249999999995,0.00013541666666666612,0.0001294270833333328,0.00012604166666666615,0.0001328124999999994,0.0001294270833333328,0.0001317708333333328,0.00013567708333333278,0.00012994791666666615,0.00012395833333333283,0.00013255208333333278,0.00012552083333333282,0.00013359374999999946,0.00012838541666666613,0.0001286458333333328,0.0001325520833333328,0.00013020833333333276,0.00012812499999999947,0.0001291666666666661,0.0001286458333333328,0.00012526041666666615,0.00013020833333333276,0.00013489583333333276,0.0001291666666666661
