HitRate: 2951444/3000000 0.983815
CumReqs: 3000000
CumProbs: 0.9042618062002894
