HitRate: 300010/3000000 0.100003
CumReqs: 23246,23285,23538,23362,23199,23637,23390,23411,23351,23383,23430,23499,23291,23520,23407,23256,23654,23430,23629,23426,23376,23580,23549,23268,23382,23487,23260,23516,23354,23256,23325,23894,23460,23526,23185,23249,23502,23334,23411,23710,23359,23651,23375,23271,23685,23428,23424,23515,23506,23701,23556,23555,23253,23583,23594,23554,23559,23440,23331,23682,23329,23746,23470,23699,23533,23491,23547,23296,23380,23560,23470,23377,23305,23158,23499,23461,23528,23438,23471,22949,23513,23343,23191,23244,23485,23534,23222,23425,23347,23368,23361,23421,23494,23351,23511,23763,23469,23413,23491,23225,23417,23616,23642,23470,23278,23443,23350,23571,23548,23390,23432,23431,23606,23247,23345,23474,23325,23265,23321,23336,23550,23277,23406,23595,23660,23369,23510,23258
CumProbs: 0.0007812500000000033,0.0007812500000000033,0.0007812500000000033,0.0007812500000000033,0.0007812500000000033,0.0007812500000000033,0.0007812500000000033,0.0007812500000000033,0.0007812500000000033,0.0007812500000000033,0.0007812500000000033,0.0007812500000000033,0.0007812500000000033,0.0007812500000000033,0.0007812500000000033,0.0007812500000000033,0.0007812500000000033,0.0007812500000000033,0.0007812500000000033,0.0007812500000000033,0.0007812500000000033,0.0007812500000000033,0.0007812500000000033,0.0007812500000000033,0.0007812500000000033,0.0007812500000000033,0.0007812500000000033,0.0007812500000000033,0.0007812500000000033,0.0007812500000000033,0.0007812500000000033,0.0007812500000000033,0.0007812500000000033,0.0007812500000000033,0.0007812500000000033,0.0007812500000000033,0.0007812500000000033,0.0007812500000000033,0.0007812500000000033,0.0007812500000000033,0.0007812500000000033,0.0007812500000000033,0.0007812500000000033,0.0007812500000000033,0.0007812500000000033,0.0007812500000000033,0.0007812500000000033,0.0007812500000000033,0.0007812500000000033,0.0007812500000000033,0.0007812500000000033,0.0007812500000000033,0.0007812500000000033,0.0007812500000000033,0.0007812500000000033,0.0007812500000000033,0.0007812500000000033,0.0007812500000000033,0.0007812500000000033,0.0007812500000000033,0.0007812500000000033,0.0007812500000000033,0.0007812500000000033,0.0007812500000000033,0.0007812500000000033,0.0007812500000000033,0.0007812500000000033,0.0007812500000000033,0.0007812500000000033,0.0007812500000000033,0.0007812500000000033,0.0007812500000000033,0.0007812500000000033,0.0007812500000000033,0.0007812500000000033,0.0007812500000000033,0.0007812500000000033,0.0007812500000000033,0.0007812500000000033,0.0007812500000000033,0.0007812500000000033,0.0007812500000000033,0.0007812500000000033,0.0007812500000000033,0.0007812500000000033,0.0007812500000000033,0.0007812500000000033,0.0007812500000000033,0.0007812500000000033,0.0007812500000000033,0.0007812500000000033,0.0007812500000000033,0.0007812500000000033,0.0007812500000000033,0.0007812500000000033,0.0007812500000000033,0.0007812500000000033,0.0007812500000000033,0.0007812500000000033,0.0007812500000000033,0.0007812500000000033,0.0007812500000000033,0.0007812500000000033,0.0007812500000000033,0.0007812500000000033,0.0007812500000000033,0.0007812500000000033,0.0007812500000000033,0.0007812500000000033,0.0007812500000000033,0.0007812500000000033,0.0007812500000000033,0.0007812500000000033,0.0007812500000000033,0.0007812500000000033,0.0007812500000000033,0.0007812500000000033,0.0007812500000000033,0.0007812500000000033,0.0007812500000000033,0.0007812500000000033,0.0007812500000000033,0.0007812500000000033,0.0007812500000000033,0.0007812500000000033,0.0007812500000000033,0.0007812500000000033,0.0007812500000000033
