HitRate: 332224/3000000 0.110741
CumReqs: 46750,46877,46640,47064,46690,46544,46635,47056,46725,47087,46899,47220,46714,46760,47001,46941,47214,47003,46661,46582,46852,46942,46826,46951,46587,46816,46738,47052,46661,46786,47017,46837,47037,46892,46514,47088,46848,47188,46678,47281,46872,47165,47078,46786,47354,46717,46950,46958,46987,47039,46834,47167,46551,46837,47042,47023,46973,46497,46726,46743,46886,46846,46666,46649
CumProbs: 0.001434027777777772,0.0013923611111111057,0.0014236111111111055,0.0014062499999999943,0.001385416666666661,0.0013576388888888835,0.0013784722222222165,0.00143055555555555,0.0013680555555555499,0.0013611111111111057,0.0014722222222222161,0.001381944444444439,0.0014097222222222165,0.0014097222222222167,0.00136805555555555,0.001371527777777772,0.001437499999999994,0.0014305555555555497,0.00139930555555555,0.0013819444444444387,0.0014270833333333275,0.001402777777777772,0.0014236111111111055,0.0014548611111111051,0.00136805555555555,0.00139930555555555,0.00143055555555555,0.0014097222222222165,0.0014166666666666607,0.0014583333333333275,0.0014097222222222163,0.0014062499999999943,0.0013645833333333277,0.001416666666666661,0.0013645833333333275,0.0013749999999999945,0.0014131944444444385,0.0013993055555555501,0.0014479166666666607,0.0014618055555555497,0.001416666666666661,0.0014201388888888831,0.0014062499999999943,0.0014131944444444387,0.001423611111111105,0.0014097222222222165,0.0014374999999999941,0.0013958333333333275,0.0014444444444444387,0.0014305555555555497,0.001406249999999994,0.001423611111111105,0.0014097222222222163,0.0013854166666666609,0.0013368055555555503,0.0013680555555555497,0.0014270833333333275,0.0014201388888888831,0.0014548611111111051,0.001388888888888883,0.001451388888888883,0.001406249999999994,0.001388888888888883,0.001437499999999994
