HitRate: 2268470/3000000 0.756157
CumReqs: 3000000
CumProbs: 0.7599856827887869
