HitRate: 35017/3000000 0.011672
CumReqs: 3000000
CumProbs: 0.008317708333332839
