HitRate: 347754/3000000 0.115918
CumReqs: 188429,187166,187886,187863,186799,187434,187791,187143,186903,187312,187118,187271,188004,188655,187204,187022
CumProbs: 0.005104166666666664,0.004583333333333331,0.005729166666666663,0.004999999999999998,0.004999999999999997,0.005416666666666665,0.005624999999999998,0.005416666666666664,0.004999999999999998,0.005729166666666663,0.004895833333333332,0.005624999999999997,0.005624999999999998,0.005416666666666665,0.005104166666666663,0.004687499999999996
