HitRate: 101373/3000000 0.033791
CumReqs: 375662,374798,373703,374607,375833,375946,374762,374689
CumProbs: 0.01310630361109111,0.012801002029122306,0.012087742874741026,0.012749340735230203,0.012482035201672358,0.012470703046883126,0.012021749738027245,0.012497700239175128
