HitRate: 23160134/30000000 0.772004
CumReqs: 30000000
CumProbs: 0.7738164690516337
