HitRate: 2699769/3000000 0.899923
CumReqs: 3000000
CumProbs: 0.8999999999994353
