HitRate: 366401/30000000 0.012213
CumReqs: 30000000
CumProbs: 0.007894444444444733
