HitRate: 1810634/3000000 0.603545
CumReqs: 3000000
CumProbs: 0.12145067009613897
