HitRate: 1745037/3000000 0.581679
CumReqs: 3000000
CumProbs: 0.41843315972194595
