HitRate: 3638584/30000000 0.121286
CumReqs: 30000000
CumProbs: 0.07866907552024485
