HitRate: 399947/30000000 0.013332
CumReqs: 1875998,1874093,1871613,1873459,1875171,1873462,1876234,1879134,1875110,1875228,1874520,1874767,1874029,1874545,1875174,1877463
CumProbs: 0.0008418376725350168,0.0008454717991272495,0.0007876210582643263,0.000831103746566592,0.0008482263826055238,0.0008112236364424528,0.000829350354747528,0.0008104499520418761,0.000806646781367281,0.0008343092560460193,0.0008325466542150734,0.0008366330349251576,0.0008140849206427354,0.0008207937936427768,0.0008428881173586164,0.0008387030653902268
