HitRate: 27000167/30000000 0.900006
CumReqs: 1874586,1873124,1872481,1874948,1874909,1875637,1875735,1875593,1873812,1873330,1877389,1875558,1875718,1877889,1876721,1872570
CumProbs: 0.056249999999994416,0.056249999999994416,0.056249999999994416,0.056249999999994416,0.056249999999994416,0.056249999999994416,0.056249999999994416,0.056249999999994416,0.056249999999994416,0.056249999999994416,0.056249999999994416,0.056249999999994416,0.056249999999994416,0.056249999999994416,0.056249999999994416,0.056249999999994416
