HitRate: 1678991/3000000 0.559664
CumReqs: 46600,47051,46880,46907,46681,46701,46912,46633,47132,47168,46618,46973,46448,47012,46620,47207,46897,46875,46822,46858,46731,46676,47310,46957,47013,46862,46760,47062,47197,46981,46554,46922,46329,47141,46708,47289,46452,47115,47015,46941,46686,46633,46775,46565,46878,47195,47199,46876,46919,46904,46882,46828,46836,46775,46642,46979,46822,46671,46958,47168,46724,47123,46853,47099
CumProbs: 0.006562499999999999,0.006979166666666667,0.0071093750000000054,0.006822916666666666,0.0071875,0.007031250000000007,0.006796875,0.0065625,0.006666666666666669,0.0072395833333333375,0.006874999999999998,0.006901041666666671,0.007109375000000004,0.007083333333333337,0.0069010416666666664,0.006822916666666671,0.006848958333333333,0.006718750000000003,0.006953125000000001,0.006744791666666665,0.006796875000000001,0.00697916666666667,0.006979166666666666,0.0070052083333333355,0.006901041666666669,0.006848958333333336,0.006562500000000004,0.006953124999999999,0.006770833333333335,0.0067968750000000095,0.006744791666666667,0.006744791666666667,0.006979166666666668,0.006927083333333336,0.0067968750000000034,0.007135416666666668,0.0068229166666666655,0.006770833333333335,0.006875000000000001,0.006848958333333334,0.006979166666666667,0.007109375000000002,0.007187500000000002,0.0069270833333333354,0.006588541666666667,0.007265625000000004,0.006614583333333334,0.007161458333333339,0.007083333333333338,0.0066927083333333404,0.006927083333333337,0.006848958333333334,0.006744791666666665,0.007031250000000004,0.0068489583333333345,0.006927083333333334,0.006901041666666671,0.007109374999999999,0.006875000000000001,0.0069270833333333354,0.006979166666666669,0.006692708333333334,0.006953125000000004,0.006666666666666667
