HitRate: 331827/3000000 0.110609
CumReqs: 3000000
CumProbs: 0.09006076388889855
