HitRate: 2227364/3000000 0.742455
CumReqs: 3000000
CumProbs: 0.7467664262377417
