HitRate: 2322515/3000000 0.774172
CumReqs: 24020,23546,21662,22432,21870,22240,23084,23009,23173,24025,24394,25712,24998,24909,24038,23903,23758,24054,24724,24942,24966,24082,24452,23763,22900,23756,24679,24306,22965,22049,21510,22183,22794,23182,22609,22233,22158,23081,24413,24416,24024,23176,22655,23263,23526,24280,24736,24158,23886,22820,23265,23072,22240,23658,23017,23681,22425,23891,22642,22846,22242,23437,23700,23344,21951,21596,23250,24236,25818,25380,24870,22562,21854,22250,22458,23167,22283,23020,22553,23559,24101,24355,22713,23298,23820,25292,24596,23809,23085,23229,23985,24827,25612,23607,23357,22146,23229,24042,24174,24292,23267,23229,23734,23372,23774,22008,22700,21605,22164,21753,22885,23461,24131,24132,24382,23752,22743,23389,23938,23962,22727,22667,23022,23114,23164,23265,23765,24545
CumProbs: 0.009159230562720735,0.009543244687181872,0.009382593885982716,0.009678810479555903,0.009527766703013184,0.00898230119196485,0.009200594141102601,0.009725511293858027,0.010053217579360616,0.010410011800628527,0.010886626968305812,0.010082038653329914,0.01070329291444564,0.010326750920272836,0.009758869018359519,0.008966022622408136,0.009286256777622405,0.009397271284763354,0.010729712232250808,0.01104007250101266,0.011512151018157708,0.009769276628403973,0.010113528345259328,0.010187715924550632,0.009715103683813535,0.009935531527319356,0.01019492119304297,0.009948607755323975,0.009289459119174552,0.009936065250911407,0.009678543617759938,0.009991038780889859,0.009671872072859604,0.010004381870690452,0.008929195694558469,0.00897002554934833,0.008823518423337782,0.009369784519774136,0.00955898953314656,0.009186717327709978,0.009238755377932286,0.009207799409594913,0.009754065506031301,0.009744458481374863,0.00995074264969207,0.009890698745589397,0.01032541661129279,0.010594947025264824,0.010071364181489444,0.010481797623755744,0.010252296479185517,0.009870417249092463,0.009502147970596054,0.010506348908988881,0.00954938250849015,0.00989817087587771,0.009002315826665755,0.009559523256738624,0.009540042345629733,0.009960082812552486,0.009329755250372362,0.010130340638408081,0.009864012565988194,0.01016396522470558,0.009407412033011809,0.00926704272830956,0.009754599229623283,0.010040941936744083,0.010496741884332429,0.010676873596640442,0.01007963689716581,0.00999530856962604,0.009394869528599269,0.009694021601928567,0.009429294700284804,0.010568527707459642,0.00995741419459237,0.010577334146728028,0.009841062451531166,0.010431093882513483,0.009953678129448194,0.01028431989470694,0.009526966117625149,0.009982499203417499,0.010343296351625583,0.010785219485821286,0.010231214397300558,0.009940868763239614,0.009869616663704452,0.010375319767146993,0.010416416483732824,0.010795893957661755,0.010419885687080983,0.009721775228713822,0.00967774303237187,0.009702561179400998,0.01100404615855105,0.01031981251357651,0.010402005946748194,0.010053751302952644,0.009662265048203186,0.010189050233530663,0.00982718563813854,0.010039874489560025,0.010411612971404624,0.01061869772510987,0.010142349419228609,0.010300865326059672,0.009688150642416326,0.010041742522132097,0.01018077751785433,0.010170903631401877,0.010647251937283145,0.010505815185396816,0.010916515489459143,0.010521293169565498,0.009445306408045508,0.009618232851861207,0.010025197090779406,0.010292058886791274,0.009979296861865333,0.010063358327609075,0.0098037018000895,0.009310007477467476,0.009484268230263253,0.00974152300161872,0.009241957719484434,0.009990771919093838
