HitRate: 33293/3000000 0.011098
CumReqs: 3000000
CumProbs: 0.008930555555555693
