HitRate: 505071/3000000 0.168357
CumReqs: 374780,374457,375410,375294,374655,375548,374888,374968
CumProbs: 0.06380050751836662,0.06336314044162138,0.06362264048260383,0.06353138407432994,0.0635947657978946,0.06372086556205495,0.06370195059743095,0.0633684499053754
