HitRate: 1001011/30000000 0.033367
CumReqs: 3747614,3751351,3750140,3749316,3747754,3753393,3750146,3750286
CumProbs: 0.012499999999999845,0.012499999999999845,0.012499999999999845,0.012499999999999845,0.012499999999999845,0.012499999999999845,0.012499999999999845,0.012499999999999845
