HitRate: 304738/3000000 0.101579
CumReqs: 3000000
CumProbs: 0.14736147335864633
