HitRate: 30321/3000000 0.010107
CumReqs: 46803,47004,47019,46928,46951,46757,46644,46963,46871,46751,47147,46388,46778,47200,47280,47013,46978,47109,47130,47094,46841,46565,46827,46655,46826,46662,46885,46558,47025,46965,47048,46668,46624,46882,47201,46976,46829,46919,47034,46694,47134,47450,46599,47189,46776,46761,46598,46504,46846,46904,46681,46727,47029,46998,46817,47154,46856,46767,46757,46831,46876,46646,46951,46657
CumProbs: 0.00018747200823145303,0.00017048964158881697,0.00017981329386320536,0.00016749275335776353,0.0001608330017332004,0.00016016702657074405,0.0001714886043325015,0.00016249793963934116,0.00016549482787039458,0.00016682677819530723,0.00018014628144443352,0.0001634969023830256,0.00016482885270793825,0.00017015665400758878,0.0001681587285202199,0.00017781536837583643,0.0001651618402891664,0.00016482885270793833,0.00017182159191372963,0.0001721545794949577,0.00017282055465741406,0.000162164952058113,0.0001711556167512733,0.00016949067884513246,0.0001658278154516227,0.00017381951740109853,0.0001804792690256617,0.0001771493932133801,0.0001618319644768849,0.00016449586512671014,0.0001661608030328509,0.0001624979396393412,0.00016382988996425376,0.0001674927533577635,0.00018580707032531222,0.00016815872852021986,0.00017681640563215194,0.00016549482787039458,0.00018980292130005015,0.0001668267781953072,0.00016316391480179746,0.00016882470368267613,0.00017348652981987036,0.00016050001415197224,0.00016349690238302562,0.00018081225660688987,0.0001694906788451325,0.00017082262917004508,0.000168491716101448,0.00016649379061407907,0.00016982366642636065,0.0001611659893144285,0.000168491716101448,0.00016649379061407904,0.00016016702657074405,0.00017182159191372957,0.00016083300173320037,0.000170489641588817,0.00016915769126390435,0.0001678257409389917,0.00016982366642636062,0.0001701566540075888,0.00016815872852021986,0.00016915769126390432
