HitRate: 29736019/30000000 0.991201
CumReqs: 30000000
CumProbs: 0.9975605822980687
