HitRate: 27861776/30000000 0.928726
CumReqs: 1236940,2440395,1588105,1502609,2226575,1648329,1585083,2628513,1520941,1546941,1415497,1351617,2371736,1288874,3800387,1847458
CumProbs: 0.03708662596111991,0.07709961076699219,0.048742274516687736,0.04591212619375719,0.07001070888170208,0.05071482594712063,0.048635094549547536,0.08346619510833422,0.046482757367782804,0.047336393944779176,0.042986804574492235,0.0408686644027709,0.07490122705975133,0.03879072457649613,0.12243255653420096,0.057330061526016524
