HitRate: 1774836/3000000 0.591612
CumReqs: 3000000
CumProbs: 0.35797635353358026
