HitRate: 300593/30000000 0.010020
CumReqs: 30000000
CumProbs: 0.010000000000013508
