HitRate: 651258/3000000 0.217086
CumReqs: 23769,23411,23125,23233,23593,23417,23569,23328,23093,23243,23385,23634,23610,23536,23410,23275,23623,23403,23608,23401,23496,23513,23301,23542,23481,23417,23669,23308,23572,23302,23282,23654,23383,23444,23636,23634,23229,23576,23421,23464,23192,23431,23381,23459,23412,23563,23292,23446,23482,23227,23399,23278,23390,23398,23363,23344,23764,23609,23261,23354,23598,23424,23464,23423,23427,23455,23492,23343,23362,23749,23350,23347,23359,23485,23298,23251,23205,23328,23378,23214,23321,23383,23469,23436,23555,23563,23447,23436,23430,23426,23563,23350,23248,23356,23529,23460,23566,23455,23442,23732,23463,23523,23365,23830,23573,23350,23427,23888,23424,23537,23375,23263,23517,23394,23318,23217,23546,23574,23483,23351,23529,23360,23579,23279,23398,23550,23480,23253
CumProbs: 0.005055937741086216,0.005020028055268286,0.0051287756323256705,0.00510860326388091,0.005110816069401487,0.005031950610235133,0.0050668232083437145,0.005110269307180024,0.005049135059857262,0.005070990941082711,0.005075728330829612,0.005095762760898898,0.005085255220376347,0.0051042717818786535,0.005047032428714649,0.005056607617037707,0.005018200663403322,0.005113419646066223,0.0051267952061745245,0.0051173812036581666,0.005055914507218257,0.005035835074245349,0.0051664316017012565,0.005085897698538408,0.005067422636711877,0.005148468254626955,0.005116767086277147,0.00505462611938884,0.005025841025262354,0.005151673158516554,0.005083550793045513,0.00506653881386415,0.005062335586068255,0.005042813074200129,0.005056646001069427,0.0051225900523953986,0.005070981623121666,0.005105564075927564,0.005186509474899025,0.005097468259727444,0.005031708465317019,0.005181281040811351,0.005059198064464725,0.004973781427638405,0.005125172443244729,0.005017792178638883,0.0050775063117307765,0.005134023312682268,0.005076171686740886,0.00506122981399964,0.005093250397171734,0.005046541574259529,0.005099258162735988,0.005117804146859986,0.005088146039805672,0.00509118846937867,0.00519993108228212,0.00507055656405095,0.005053376536052268,0.005071002334222863,0.0050624218755416775,0.005098383169571879,0.005076275472822426,0.0050649277831560854,0.0051460304617147795,0.005153537645903356,0.005056598434709272,0.005116516043859083,0.005043606389399899,0.005098815769816324,0.0051468496149288615,0.005026514305592638,0.005017984587074919,0.005097679927995658,0.005063970203289093,0.005100295345388185,0.005152595853673446,0.005005552080579918,0.005080458355725182,0.005035393440868353,0.005052959180914424,0.005118899176825031,0.00511795718114618,0.005040474415170575,0.005034255618811424,0.005098865574114717,0.005039949896698932,0.005002698356672419,0.0050982747584179845,0.005040627639342428,0.00506145006781278,0.005090468382230925,0.005179948843645377,0.005070978422191813,0.005063583216295083,0.005096596847264529,0.005050183296568081,0.005076756181957497,0.005097771018863864,0.005118222519242498,0.005085518754558795,0.0050389977963898385,0.0051599013114649065,0.005045115478630079,0.005036917273364444,0.0051322398115334145,0.005107851601459003,0.005035072601903567,0.005022831798554971,0.005092578310408537,0.005141669493180745,0.0050650342683267804,0.005008851154198214,0.005075036862164892,0.005044841460046048,0.0051365828087451965,0.005089563265061716,0.005110238030297627,0.005058451732404837,0.005177677729661046,0.00501621809425674,0.005007272159915212,0.005066048135731438,0.005116687768320447,0.005099971997219914,0.005139436953113814,0.005065727920676716,0.005156197225277259
