HitRate: 2706972/3000000 0.902324
CumReqs: 94311,93952,93741,93920,94051,93659,93465,93482,93469,94534,93706,94036,93443,94287,93556,93320,93933,93959,93797,93561,93361,93821,94030,93356,94034,93352,93385,94179,93470,93583,93769,93478
CumProbs: 0.028696047093929842,0.028471905117146007,0.028374828454097563,0.028496947186276367,0.028439134014333418,0.028359988709427703,0.02831794276619652,0.028295992310539166,0.02828455334068936,0.02864565379432185,0.02844253478915367,0.028475615053313426,0.02831268702329258,0.02858258487947512,0.028364007806942444,0.028275587661618067,0.028391523166851097,0.028417183558676083,0.028432023303345898,0.028359370386733144,0.028287954115509637,0.028389977360114664,0.028420275172148925,0.02828455334068942,0.02844438975723733,0.02840543542747904,0.0283176336048493,0.028502202929180258,0.028304957989610448,0.028373591808708472,0.028440061498375288,0.028268786111977737
