HitRate: 1426949/3000000 0.475650
CumReqs: 46530,46957,46829,46972,46948,46758,46621,46997,47117,47385,47116,47069,47091,46475,46323,46160,46451,46561,46585,46780,46572,47190,46873,46528,46868,47068,46658,47127,47613,47017,46540,46445,46545,46412,46493,46984,46941,46846,46927,46802,46934,46585,46871,47219,47726,47104,46718,47010,46945,46797,47090,47283,47336,47283,46806,46838,46961,46947,46610,46584,46995,47459,46799,46926
CumProbs: 0.019130098327197722,0.019204410930428326,0.019177425906908803,0.019368396842585473,0.01904042501827117,0.019053917530030984,0.019069693389934635,0.019200674542556424,0.019188219916316678,0.019182822911612607,0.019247379390955402,0.01927083560370713,0.019322107148394267,0.01915915912175703,0.019152101500221157,0.018970471534224403,0.019003891447967824,0.019441048828984075,0.01908733744377429,0.019439388212152107,0.019239076306795683,0.019182822911612704,0.01914359083895732,0.01927436441447517,0.01919776846310052,0.019201920005180364,0.01929263119962665,0.019233679302091716,0.019341826973273836,0.019296990318810693,0.019477374822183424,0.01946678838987964,0.019215827671147954,0.018940372854145012,0.01873943821747656,0.019036273476191242,0.01924634150543541,0.019194239652332412,0.01914255295343734,0.019029008277551364,0.019144836301581303,0.019287856926234765,0.01937566204122511,0.01945329587811995,0.019480280901639318,0.019228282297388072,0.019192786612604488,0.019088167752190428,0.019154384848365198,0.019314634372650297,0.019229527760011807,0.01923139595394766,0.019368396842585428,0.01938168177724104,0.019309444945050446,0.019149195420765326,0.019294084239354626,0.019318370760522216,0.01907301462359863,0.019175350135868838,0.019285573578090923,0.01928370538415476,0.019162272778316954,0.018997871711951903
