HitRate: 907629/3000000 0.302543
CumReqs: 187425,187521,186529,187530,187737,187231,187621,187102,187205,187455,187975,187938,187005,188453,187850,187423
CumProbs: 0.06257487495990648,0.0625595378415237,0.06255783371725891,0.0627685770846651,0.06228829806271881,0.06262827085353488,0.0625226151491208,0.06235135066051445,0.062480864104634756,0.062464390903408905,0.06244479347436449,0.06265014044826543,0.06249875740941427,0.06266803375304535,0.06257686310488164,0.06268592705782515
