HitRate: 572823/3000000 0.190941
CumReqs: 375104,373428,375389,375400,375072,374333,376132,375142
CumProbs: 0.0531249999999999,0.053520833333333295,0.052958333333333364,0.053520833333333295,0.05341666666666657,0.053729166666666564,0.05283333333333317,0.054395833333333185
