HitRate: 2771912/3000000 0.923971
CumReqs: 3000000
CumProbs: 0.8765069444446221
