HitRate: 977088/3000000 0.325696
CumReqs: 375359,375063,375507,374096,375351,374065,374902,375657
CumProbs: 0.10305555555555575,0.10194444444444463,0.10250000000000019,0.1055555555555558,0.10305555555555576,0.10222222222222244,0.10583333333333354,0.10805555555555572
