HitRate: 400366/30000000 0.013346
CumReqs: 30000000
CumProbs: 0.013343299513097515
