HitRate: 101313/3000000 0.033771
CumReqs: 93997,93725,94087,94535,94392,94148,93641,93527,93915,93354,93182,93061,92694,93584,93967,93393,93877,93660,93802,92971,94025,94098,94248,94720,94254,93995,93667,93698,93642,93374,92947,93820
CumProbs: 0.0031951436481943607,0.003392049789600291,0.003170155559183455,0.003095857641191033,0.0031664906394618564,0.00320313983667785,0.003205805232839012,0.003204805709278577,0.0032071379309195945,0.003108851447476703,0.002994239412546686,0.0032054720583188693,0.0031381708052494977,0.0030985230373521953,0.00316982238466331,0.003107185574875975,0.0031664906394618564,0.0032004744405166874,0.0030835301839456527,0.0031568285783776396,0.0031888133323115975,0.003027556864561226,0.0033300793288532464,0.003242787604575152,0.0032964287023185615,0.0031378376307293525,0.0031628257197402567,0.003145833819212842,0.0029612551350522917,0.0032864334667142,0.0030742012973815815,0.0031381708052494986
