HitRate: 347535/3000000 0.115845
CumReqs: 94737,93288,94210,93559,93799,94120,93598,93482,93078,93907,93555,93796,93912,93813,93577,92832,93781,93852,93819,93481,93856,93828,94341,94054,93597,93759,93210,94116,93362,93812,93949,93920
CumProbs: 0.002625,0.002583333333333334,0.0025520833333333363,0.0025833333333333333,0.0024843750000000018,0.002552083333333336,0.0025937500000000023,0.002645833333333333,0.002692708333333335,0.002572916666666668,0.0027291666666666675,0.002651041666666667,0.0026562499999999993,0.002619791666666667,0.0024635416666666686,0.0026354166666666665,0.0025989583333333325,0.002760416666666666,0.002609375000000001,0.002661458333333337,0.002697916666666667,0.0026562499999999993,0.002598958333333332,0.002770833333333333,0.0025625000000000027,0.0025624999999999992,0.0026145833333333355,0.0026458333333333325,0.002630208333333337,0.002640624999999999,0.0026250000000000028,0.0025572916666666686
