HitRate: 1428468/3000000 0.476156
CumReqs: 185836,187304,186156,187715,186983,186257,188276,190953,193052,187427,185106,186123,187192,187925,187186,186509
CumProbs: 0.007175807449111246,0.007403727221351417,0.005978562212767773,0.007560671976797503,0.006678649115511338,0.007164144887666208,0.006023213162300203,0.006266127656398282,0.0063787546783532195,0.006692977405286671,0.005634683258159794,0.0067689506627000625,0.007419388375291898,0.00734708049433266,0.007263110051928388,0.007483699071260251
