HitRate: 1897737/3000000 0.632579
CumReqs: 3000000
CumProbs: 0.26759942356197103
