HitRate: 2614884/3000000 0.871628
CumReqs: 30538,32142,16284,19676,17610,29288,31486,38792,30819,31578,24288,20004,15797,13528,14691,14352,14528,14405,17011,18810,18025,17433,16438,16871,16750,18791,18345,18399,15935,16952,14632,15409,13535,14212,13660,19952,21450,24669,21180,18586,17299,15811,15625,15809,16735,19387,17097,17724,22516,22567,21388,16120,16826,16256,17930,17524,15426,12140,14487,16609,18400,15694,22409,21744,21786,28799,29788,30339,20980,19922,20142,47687,47576,57729,26610,25915,14309,13412,15818,15649,16262,28314,36989,37803,34737,26789,26107,14932,17078,15558,17558,14369,52954,51144,125179,87356,87596,15018,16525,18187,40180,39072,42287,20192,23289,17469,17022,16290,15751,18448,16862,20744,18642,20361,19384,17784,14723,14133,15207,23982,23436,29804,21083,19892,14929,14838,16143,30763
CumProbs: 0.027426942260787263,0.0296103621052602,0.013707283793660943,0.016972980407645877,0.014702937848912419,0.026558483619684548,0.028445519891475847,0.03624562144494428,0.02814751341079849,0.028681247277824708,0.021862599334647785,0.01727098688832333,0.01318612746359954,0.010741013704849364,0.012041774463258622,0.011454484632379868,0.011692849244221802,0.011733827671108732,0.014133500005984376,0.01612582243398442,0.015473819146784347,0.014446924112619159,0.013704037977669867,0.014142831726958622,0.014194156192316898,0.01593188492851985,0.01556449913103409,0.015627589679359906,0.01307881267239582,0.014120313878520712,0.011773994643997771,0.012607560763196697,0.01084751704205537,0.011596691945487209,0.011190964946607266,0.017190652942545,0.018818023935052604,0.02177658521088543,0.018589802498182546,0.015798400745888355,0.014517520610424226,0.012981641056164048,0.012834565019070116,0.013193836276578328,0.013934490913033778,0.016460547208060467,0.014383833564293274,0.015161206494147303,0.01975423898496802,0.019825038346272725,0.018733226992286824,0.01334821539965213,0.013967963390441316,0.013556759077076517,0.015198330514544839,0.01467189973349808,0.01273516190434456,0.009456684889894816,0.011917824865100792,0.013790660691930764,0.015568556401022872,0.013198096410066529,0.019592353912415088,0.0191042643327623,0.01912678218120036,0.025931026815917305,0.027107837976168263,0.027499973120585695,0.018582499412202608,0.017184567037561823,0.017491905239213307,0.04503792837417382,0.044998572855283,0.055333250970754616,0.023760590235408198,0.02334451719805713,0.01179529531143896,0.010861311760017242,0.013048788874478714,0.0130721181769143,0.013596926049965615,0.025679273213112055,0.03396421853024135,0.03519397706384762,0.031871884397017304,0.02423001637311268,0.023377786811965253,0.012197370767329074,0.014295790805536206,0.012990364186639935,0.014800109465144153,0.01186670326324186,0.0502135848353867,0.04847179882919575,0.122376797446681,0.08461051120993278,0.08507709725864626,0.012008504849350465,0.01400082727735062,0.015593508611453966,0.03763036769212232,0.03620281724656299,0.039430578386152146,0.017688885697169476,0.02050686256789046,0.014794429287159848,0.014352389721880162,0.013445589879383312,0.013221425712502169,0.015932696382517576,0.01428990776405255,0.017721140993580693,0.015721921206599498,0.017964982919907436,0.016537026747349328,0.015045371435967127,0.012245652280195748,0.011452253133885931,0.012563945110817093,0.021338805779093792,0.020801014642078463,0.027170928524494098,0.018403776669196202,0.017447680996335497,0.012148277800464577,0.012057800679714382,0.013292833664305016,0.02795540167682869
