HitRate: 300155/3000000 0.100052
CumReqs: 3000000
CumProbs: 0.10000000000000928
