HitRate: 111136/30000000 0.003705
CumReqs: 468277,468824,468843,469280,468149,467766,469094,468656,469079,468369,468920,468688,468870,467802,467228,468310,468690,468079,468880,469094,469774,470099,468176,468452,468841,468200,467868,467747,467541,468080,467726,468917,469742,468687,467748,468554,468295,468102,468383,469865,470615,469374,468547,469282,469722,469991,469415,468857,469529,468805,468524,468304,469431,469841,467859,468804,468460,468846,469325,468666,468522,469727,468518,469341
CumProbs: 0.0001347222222222217,0.00014027777777777725,0.0001385416666666662,0.00013541666666666617,0.0001437499999999995,0.00013854166666666613,0.00013645833333333286,0.00014131944444444391,0.00013923611111111065,0.0001388888888888884,0.00014097222222222175,0.00013333333333333285,0.00014270833333333285,0.0001343749999999995,0.00014062499999999953,0.00013749999999999952,0.00013749999999999952,0.00013923611111111062,0.00013819444444444393,0.00014409722222222173,0.0001406249999999995,0.00013819444444444396,0.00013784722222222174,0.00013888888888888837,0.0001399305555555551,0.0001395833333333329,0.00013680555555555508,0.00014131944444444397,0.00013923611111111062,0.00013680555555555508,0.0001354166666666662,0.00013923611111111065,0.0001430555555555551,0.00014097222222222175,0.00014166666666666622,0.00013923611111111062,0.0001406249999999995,0.00013888888888888837,0.00014305555555555507,0.0001420138888888884,0.00014131944444444391,0.00013680555555555505,0.0001416666666666662,0.00013958333333333284,0.00014097222222222172,0.0001406249999999995,0.00014201388888888835,0.00013715277777777733,0.00014305555555555502,0.00013611111111111064,0.00014097222222222172,0.00013784722222222174,0.00013784722222222177,0.00013993055555555503,0.0001406249999999995,0.00013784722222222174,0.00013576388888888842,0.0001322916666666662,0.00013888888888888843,0.00013784722222222174,0.00013645833333333283,0.00014027777777777728,0.0001347222222222217,0.00013958333333333281
