HitRate: 908319/3000000 0.302773
CumReqs: 374432,374844,375385,375373,375002,374685,374979,375300
CumProbs: 0.11394648476859201,0.11441707036014653,0.11396003393239358,0.11417516821617316,0.11429083180960298,0.11429678022297943,0.11394681523600175,0.11411568408240932
