HitRate: 11476699/30000000 0.382557
CumReqs: 1875420,1876392,1871992,1871858,1875771,1873630,1874995,1876597,1876236,1877697,1875671,1872359,1875083,1876384,1874166,1875749
CumProbs: 0.07165709015471745,0.0714307581838779,0.07163008514120701,0.07175961377609649,0.07172760956640091,0.07179027832402626,0.0716144378952526,0.07170885501347814,0.07167618987909341,0.07177334222327908,0.07172931639601067,0.0719386944363554,0.07181644164140788,0.07175237824840196,0.0717284300126619,0.07162670742794303
