HitRate: 116822/30000000 0.003894
CumReqs: 936891,936430,937637,937921,937970,936627,937780,937331,939042,937211,936633,937573,937797,936219,939388,936804,936866,938169,936525,937811,937452,936563,936303,939139,938492,937622,937938,937706,938875,936116,938490,936679
CumProbs: 0.0002505208333333323,0.0002755208333333322,0.0002630208333333322,0.00024947916666666565,0.00027760416666666553,0.0002593749999999989,0.00025364583333333223,0.0002718749999999989,0.0002661458333333322,0.0002526041666666657,0.0002552083333333323,0.00025937499999999886,0.0002614583333333323,0.00025989583333333225,0.0002473958333333323,0.00025937499999999886,0.0002557291666666656,0.0002494791666666656,0.00026249999999999885,0.00026614583333333216,0.000267187499999999,0.0002645833333333323,0.0002619791666666655,0.0002651041666666656,0.0002755208333333322,0.00026145833333333224,0.0002567708333333322,0.00025729166666666554,0.00026874999999999886,0.0002536458333333323,0.00025156249999999897,0.00026041666666666563
