HitRate: 3966276/30000000 0.132209
CumReqs: 234709,234622,233739,234629,233829,235290,234340,234794,233695,233933,233771,234514,233742,234493,233904,233969,234168,234953,234535,234050,233931,234399,235000,233793,234624,234082,234315,234342,234606,234234,235172,234386,233805,235122,234185,234152,234022,234696,234293,234533,234229,234635,235064,233825,234053,234630,234691,234572,234300,234246,233923,234850,234279,234272,234798,234309,234146,234542,234340,234113,233602,234362,233441,235079,234275,234370,233845,234341,234303,234116,234165,234505,233709,234603,233849,234832,235444,234525,234268,233932,233999,234196,234252,235615,234979,235151,234494,234664,233911,233810,234611,233782,234110,234454,235085,233584,234725,234470,234433,234728,234661,234823,233259,235431,234129,234415,234519,235774,234071,233638,234907,234455,235018,234259,233864,234051,234231,235083,234436,233068,234571,234033,234545,234616,235445,234557,233921,234413
CumProbs: 0.00103048833569148,0.001012498813884252,0.001037516571438737,0.0010467455218837818,0.0010359901265049687,0.0010419547465467158,0.0010274776006032956,0.0010364436305180724,0.0010329109437977367,0.001030528368212288,0.0010291033424701234,0.0010313052865506352,0.001022126900166561,0.0010297840780222835,0.0010357601307536622,0.0010391121361915498,0.0010273041507605064,0.0010330601564632802,0.0010244924059953746,0.0010342746369869057,0.0010359144308989608,0.001032444954307187,0.0010351646514825531,0.0010297727709293336,0.0010272642660802956,0.001034743456878887,0.001036023719821827,0.0010221021684693034,0.001037809110001423,0.0010363317309201629,0.001037057643574616,0.0010411434545915612,0.0010397299707240568,0.0010420484016656056,0.0010283217416538822,0.0010328978053802652,0.0010402884213511344,0.001029159882817662,0.0010362072655497412,0.0010280458030131228,0.0010347756142430854,0.0010422193379469894,0.001037414264254123,0.001030655222632499,0.001031763172884535,0.0010299903703144557,0.00103239104877747,0.0010380156499605066,0.001041110840413482,0.0010353464349234338,0.001037776415256998,0.0010283255323410255,0.0010232948186334667,0.0010388109694346513,0.0010406751115872286,0.0010237857752811543,0.0010261432334274564,0.0010313149855719192,0.001023687650764718,0.001037573103376992,0.0010282516313028383,0.0010357370837610342,0.0010423316959863782,0.001037481612427418,0.00101360910340855,0.0010264590557989934,0.0010285722751766837,0.001029500540917409,0.0010325779408569373,0.0010398538349664802,0.00102673000556561,0.0010360980612622232,0.0010227368446227673,0.0010352909953779868,0.0010430532604997012,0.0010301616120426528,0.0010388728342137924,0.0010351563292776821,0.0010229703030992317,0.0010314618166475291,0.001033836686211435,0.0010416297265912165,0.0010384661663728613,0.0010279332222634008,0.0010325448009631233,0.0010319847529794356,0.0010381038348416987,0.0010326753009425491,0.0010299332102571195,0.0010303341561244358,0.0010324583304903146,0.0010273640423424063,0.0010324778438214248,0.0010225129649962426,0.001034163125436654,0.0010306607221670485,0.0010298869912177067,0.0010422041593292897,0.0010209785011342806,0.0010334483194087238,0.0010347376853990222,0.0010376763442631295,0.001032306281048555,0.0010238765043769408,0.0010322109535676927,0.0010257371016104135,0.0010364605097095301,0.0010294537147821146,0.0010308085292618603,0.0010465788126227454,0.0010353853791204408,0.0010299369814130235,0.0010170553079915903,0.0010277295417313395,0.00103136155658046,0.0010288181266284945,0.001030372525099451,0.0010246448337191756,0.0010462070762595223,0.0010279765251809613,0.0010313815972549062,0.0010285637396202033,0.0010377701967288703,0.001039836974221189,0.001031494898625807,0.0010207320080000306,0.0010271678236914506,0.001029643071459264
