HitRate: 2404556/3000000 0.801519
CumReqs: 20464,21842,20653,21531,14905,45715,14294,32422,40434,25621,15563,19964,19488,15169,22446,14706,22699,41387,19827,30562,15210,14380,13739,17396,23333,17556,20425,24464,31216,14893,16666,19208,44506,37446,17366,36310,14267,34992,13862,17971,23418,23532,16994,15318,28224,22290,18710,22319,19586,16367,39442,22239,23072,21863,15056,18067,18172,37054,17105,16103,17927,27789,34040,16049,21650,18267,33237,16605,14839,14564,16224,14418,20454,26157,13935,20984,19598,34479,49812,15318,19761,30245,39235,30422,22813,24689,23312,21061,26620,14614,55702,37689,18201,24679,83861,31816,22273,13330,19724,31488,19670,34543,31360,19983,23139,14777,16501,34006,16332,16221,14981,33786,19806,21846,23786,21036,17559,22609,21517,22849,26870,27407,14457,20355,13842,15797,18393,18862
CumProbs: 0.004323719293336477,0.004914952160796208,0.005287762203333816,0.005506185028255892,0.003901347445143792,0.011471584308907634,0.003652222616718645,0.008095241123667104,0.005114734483591373,0.006619351955268223,0.004053760962534212,0.005399166616045101,0.00523907759777893,0.0033623079836393606,0.005002014270729975,0.0038561716399892303,0.0056406159435944524,0.008475288067030642,0.00547329002450257,0.0070160657005334266,0.003891698244042802,0.003719986324450476,0.003301123276658189,0.00454565091865885,0.006238208511779705,0.003978321753926573,0.005254428599530424,0.006546982947010924,0.008563446677089193,0.003962532152124977,0.004442141306848413,0.005170875289996944,0.011246582483234574,0.005394342015494626,0.004686660834748129,0.00917046914635073,0.003683582520296813,0.007912344902798785,0.0035234935020306344,0.004905960859770214,0.006612553654492528,0.006105751296666429,0.004455518608374763,0.0036502489164934367,0.007133829813970187,0.0051182432839916225,0.003765381429630035,0.006136453300169565,0.005171752490097113,0.004109243868864765,0.008090416523116584,0.00525398999948038,0.006138427000394717,0.006468912138103183,0.003884899943267111,0.004607712825740159,0.004828767250962435,0.007768264786359285,0.0035737132077607093,0.0044316149056473735,0.004484027611627649,0.006682729662499791,0.007821554692439505,0.004322622793211328,0.00542877211942303,0.005017365272481452,0.008010372013983504,0.004518677015581186,0.0038800753427166495,0.003540379603957363,0.004340386095238137,0.0037502497279035467,0.005685791748749084,0.00552416763030771,0.003541476104082454,0.004194990178648453,0.004897188858769365,0.005868468669592463,0.009712578808205129,0.0040855594661623916,0.005448070521625032,0.009367181268795368,0.010515216899786082,0.008236470339781308,0.0061596991028219465,0.0056011419390904395,0.005455965322525836,0.005448728421700082,0.006190401106324943,0.0036636262180198007,0.013127738097874353,0.01019438096317881,0.00503096187403285,0.0075748421642898005,0.017089393049898552,0.007947871506852295,0.005827240264888303,0.0034017819881433683,0.005509474528631261,0.008536034173961583,0.004585344223187908,0.00887770361294621,0.005515834229356837,0.005902021573420881,0.006583386751164565,0.0037677937299053117,0.004412755103495434,0.006771546172633507,0.004225253582101519,0.004275911887881653,0.003489282698127184,0.006702685964776535,0.005563422334786668,0.004063410163635123,0.006498956241531096,0.005138418886293755,0.004703108336624726,0.006387771128844823,0.004881179956942798,0.0055309659310832475,0.009970475637630954,0.005706625251126015,0.003799811533558537,0.004949162964699687,0.003625468013665938,0.004236218583352635,0.004877890456567429,0.005027891673682564
