HitRate: 399589/30000000 0.013320
CumReqs: 234725,234593,233713,234599,233885,235292,234347,234752,233711,233878,233785,234460,233745,234482,233946,234123,233957,234863,234635,234002,233989,234383,234969,233890,234555,234202,234213,234521,234627,234302,235095,234515,233830,235096,234055,234039,234043,234713,234280,234511,234283,234571,235166,233882,234051,234600,234655,234406,234318,234261,233923,234844,234314,234228,234828,234389,234118,234553,234311,234127,233541,234367,233478,235148,234354,234211,233790,234310,234123,234156,234177,234569,233660,234496,233924,234781,235474,234465,234196,233889,234057,234298,234197,235574,234919,235035,234554,234670,233898,233913,234577,233800,234220,234419,235141,233624,234664,234546,234480,234658,234666,234799,233344,235338,234262,234421,234577,236003,233962,233775,234856,234401,234969,234260,233825,234069,234072,235046,234469,233097,234618,233989,234538,234611,235428,234654,233967,234482
CumProbs: 0.00010158783350341497,0.00010441607849979432,0.00010608040147254518,0.00010664970346375876,0.00010643660792711477,0.00010411255266813051,0.00010321154710576518,0.00010612700245610349,0.00010132896583998686,0.00010457032425602594,0.00010202659835160207,0.00010337147278919988,0.00010013041954870378,0.00010493922058783431,0.00010617213045904163,0.00010438305457268625,0.00010439691374697157,0.00010169395795935059,0.00010520740465023381,0.0001043773701695752,0.00010445913564931568,0.00010360338463601354,0.00010425574835704008,0.00010216781216271971,9.827742769665776e-05,0.00010542165103775827,0.00010544336285347823,0.00010691046063851444,0.00010349813786493899,0.00010775686514219145,0.00010098607751737365,0.00010342926042308985,0.00010448033002294843,0.00010735348329587526,0.0001009519536019757,0.00010682843989638667,0.00010736935635747612,0.00010696439912719111,0.00010298222084178394,0.0001007779091415938,0.00010507093787859325,0.00010494694071526653,0.00010240743844035535,0.00010685193339474242,0.00010516373565765752,0.00010467471626431347,0.00010326844389833705,0.0001044878785739088,0.00010558182832147402,0.00010331465385029981,0.00010534543690459229,0.0001002050873234859,0.0001084123804449571,0.0001060803857390506,0.00010776743628736149,0.00010512797912092229,0.00010315540674163869,0.00010474099984968203,9.938633986200396e-05,0.00010291701527206613,0.00010535463570925468,0.00010018912230232141,0.00010331186969991416,0.00010655050147420315,0.00010144762066807776,0.00010379764745082564,0.00010501241606016422,0.00010406597881128719,0.00010464572838548451,0.00010535361777927734,0.00010344538332173514,0.0001053433074574712,0.00010732688867147009,0.00010303774122484104,0.00010446056970309973,0.0001046455177465432,0.00010552568714354602,0.00010429837052968766,0.00010546582879187288,0.00010297298880689584,0.00010319613248564639,0.00010471722124955254,0.00010246926809040172,0.00010386625104848765,0.00010297046466607267,0.00010704398348341844,0.00010310035443004759,0.00010376252133894496,0.00010101918201082501,0.00010293753052839099,0.00010030109582052793,0.00010403036740247661,0.00010146179803872906,0.00010452787515181943,0.00010488825993428784,0.0001039321328872085,0.00010174063435517638,0.00010386244747615542,0.00010252957538920673,0.0001000401680187354,0.0001032942275695998,0.00010397091486645865,0.0001028282116305065,0.00010631642315230255,0.00010614388286826292,0.00010668506679876155,0.00010434407090631061,0.00010088752358503734,0.00010428434059273192,0.00010473669239862025,0.0001016609631934611,0.00010415994548049723,0.00010406616924082589,0.00010219312871195155,0.00010536143407091396,0.00010245972965926847,0.00010348319402895761,0.00010049907662288663,0.00010589251682657838,0.00010376255009326274,0.0001071388451985873,0.00010689996883898553,0.00010316571733471204,0.00010596882807338383,0.00010348447034089454,0.00010211799937611506,0.00010159342933780182,0.00010497848637204498
