HitRate: 1909323/3000000 0.636441
CumReqs: 46474,47367,46340,46171,46729,46802,46977,47191,46290,46433,47387,47101,46488,46140,46104,47727,46154,46573,46657,47222,46324,46360,45585,47265,46798,46909,47112,47159,47196,47764,46844,46833,46271,46556,46150,47699,47685,47268,47290,46357,46666,47286,48073,47616,46944,47154,47505,46998,46941,46911,46694,46916,48238,46371,46706,47241,46576,47297,46208,47360,46533,46776,46509,46729
CumProbs: 0.003979172047720106,0.00396535047898933,0.0038942269898955633,0.003844987651292175,0.00382079990601333,0.003937707341527778,0.004032154727854747,0.003930220658465278,0.003840380461715245,0.0039014257236095087,0.004116235937633626,0.0038924992938042108,0.003980611794462908,0.0038415322591094803,0.003879253623770558,0.004137544189426903,0.00400883083062157,0.003835197373441204,0.0038651441056912214,0.004140135733563924,0.00397744435162876,0.0038959546859869015,0.003914671393643162,0.004078226623623991,0.00397830819967443,0.003968805871172029,0.003969669719217705,0.003964486630943655,0.003934539898693655,0.0041214190259076635,0.0039731251114003925,0.003968805871172035,0.003925901418236928,0.0038959546859869067,0.0038688874472224757,0.003956999947881161,0.0039238857727970184,0.003849306891520541,0.0038147529696936004,0.003984931034691259,0.0038288624877729424,0.0039791720477200965,0.004186783528030278,0.003955560201138373,0.003960455340063848,0.003985506933388387,0.003926477316934036,0.003956136099835489,0.004005951337135991,0.003980899743811467,0.003852762283703243,0.004036473968083111,0.004080530218412462,0.003899122128821054,0.004045112448539846,0.003997024907330696,0.004009118779970114,0.003976868452931646,0.0038334696773498654,0.003968805871172037,0.0039426024804532726,0.0038763741302849887,0.0038441238032465024,0.0038619766628570917
