HitRate: 2508861/3000000 0.836287
CumReqs: 3000000
CumProbs: 0.7964463303670386
