HitRate: 1960613/3000000 0.653538
CumReqs: 3000000
CumProbs: 0.10704304667207588
