HitRate: 2851191/3000000 0.950397
CumReqs: 46733,46497,47210,46989,46811,46794,46707,46675,46765,46496,46815,46884,46843,46972,46784,46756,46753,46922,47032,47191,46868,47075,46822,46906,46849,46827,47209,47080,47018,46760,46677,47044,46790,46848,47163,46672,46620,46870,46845,47302,47065,46795,46962,46702,46970,46770,46917,46666,47167,46932,46654,46566,47226,46636,46695,46667,47245,46557,47060,47169,47123,46698,46923,46961
CumProbs: 0.013194444444444436,0.013350694444444425,0.0132986111111111,0.013368055555555534,0.0133159722222222,0.013437499999999976,0.01328124999999999,0.013246527777777746,0.01322916666666665,0.013350694444444425,0.013368055555555532,0.013524305555555534,0.013263888888888872,0.013315972222222198,0.013246527777777765,0.013315972222222206,0.013333333333333308,0.013246527777777753,0.01335069444444442,0.01328124999999998,0.013263888888888867,0.013229166666666658,0.013368055555555532,0.01317708333333331,0.013298611111111086,0.013211805555555544,0.01338541666666665,0.01333333333333331,0.013437499999999972,0.013246527777777758,0.013211805555555541,0.013281249999999977,0.013350694444444429,0.01321180555555554,0.01315972222222221,0.013402777777777765,0.013281249999999979,0.013194444444444425,0.013229166666666653,0.013177083333333311,0.013281249999999975,0.013194444444444427,0.01319444444444443,0.013159722222222206,0.013177083333333311,0.013385416666666638,0.013385416666666655,0.013263888888888865,0.01326388888888887,0.013576388888888869,0.013281249999999968,0.013159722222222205,0.013454861111111105,0.01324652777777776,0.013263888888888868,0.013315972222222205,0.013211805555555532,0.01324652777777776,0.013211805555555532,0.013263888888888875,0.013246527777777756,0.013350694444444417,0.013124999999999972,0.01326388888888887
