HitRate: 2908814/3000000 0.969605
CumReqs: 188227,188150,187130,186865,186186,186039,186945,188152,187594,187380,187687,186245,188076,187775,189289,188260
CumProbs: 0.059324323667396,0.060029678862663145,0.05995236892240801,0.05962133183543439,0.0596614765508609,0.059409160741793116,0.05954966724578599,0.05954794227754552,0.059418726474766335,0.059806217067808615,0.05958087348941836,0.05947643450319168,0.059553273997562516,0.05959420278946257,0.06011827950413232,0.05985435936326179
