HitRate: 132965/3000000 0.044322
CumReqs: 46753,46798,46761,46622,46970,47086,47015,47315,46706,46752,46793,46374,46831,46887,47145,47141,46600,46669,46967,47053,46815,46911,46956,46776,46961,46534,46829,47039,46883,47030,46720,47370,47012,46827,46537,47009,46745,46913,47043,46648,46898,47079,46914,46749,46960,46929,46593,46654,47076,46829,47287,47148,47337,47056,46684,47030,47148,46578,46997,46622,46731,46651,46767,46487
CumProbs: 0.001946836638226901,0.002081537812659818,0.0020766557630065626,0.002088600511158193,0.0019321036972733008,0.002094415574745181,0.0020022750242894172,0.0020469078071193966,0.001936882681433876,0.0020961405656226644,0.0020982561204724074,0.0024175584412941204,0.0018846447501440486,0.0020034304427073543,0.0021371986032065375,0.002059709626210153,0.002074480538661057,0.002197513614422694,0.0020764116605239,0.0020875210357348623,0.0021605348005490957,0.0019716428749650505,0.0018783252080928911,0.0021198836004363265,0.0021803342241428518,0.0020640817728996242,0.002031155060238227,0.002100523561311364,0.0019504385059710798,0.0021095065326733526,0.0022359733166911135,0.0021782891877881,0.001989695609682864,0.0019996007459793567,0.0021553435544178017,0.0020882696166816947,0.0021593576841327003,0.0020474502570808693,0.002286356069112703,0.0018908612267025263,0.002054355645090417,0.0019563240880530602,0.0021050421694904322,0.0020966179215887604,0.002016899475250723,0.00192584924921752,0.0021257420600202335,0.002041076470033564,0.002147071192505342,0.0020794873518054503,0.0020534714516532173,0.0018135458336938136,0.002117377481614322,0.0021933259007201247,0.0019031694163283435,0.002077653870935672,0.002075988549553951,0.0021536565350376217,0.001672362382221298,0.002196889796967,0.002050119110891315,0.0021447983271667714,0.0021174425756096994,0.0020534172066570696
