HitRate: 1085557/3000000 0.361852
CumReqs: 281002,266564,224921,122282,166235,178310,195674,168948,180517,174742,153161,138376,143874,194568,199888,210938
CumProbs: 0.162769309512004,0.16458836497603474,0.10938158112207631,0.020807342066399028,0.04506885686409366,0.06360729461567581,0.06908445429002523,0.024058916204155404,0.028747674114830746,0.03358105010049957,0.02471069720573887,0.02485998037992568,0.035441425014528447,0.07968322643591755,0.08238231954063435,0.09860986708465956
