HitRate: 2181293/3000000 0.727098
CumReqs: 139598,145835,153751,169703,207742,401927,144050,151297,163451,188937,267156,141218,148189,159474,178143,239529
CumProbs: 0.029615579311356027,0.03127519022663991,0.03427993851179709,0.04016238511598036,0.051735210620979036,0.11614854827998226,0.03123604689503817,0.033738898055505256,0.03725715377557339,0.045924747940165066,0.07207912791310973,0.030131077085161974,0.033005126449547235,0.03610176204702376,0.04216632466009984,0.0627892211206802
