HitRate: 2961054/3000000 0.987018
CumReqs: 3000000
CumProbs: 0.9883016423427434
