HitRate: 1684023/3000000 0.561341
CumReqs: 23211,23719,24569,22928,22283,22574,24692,24420,21995,21438,22507,24090,22985,22719,22608,22967,23612,23207,23245,23452,25665,24960,23733,22389,23588,25704,24300,24355,22378,23392,22429,22359,22846,23575,25291,24002,24441,23312,23118,21772,23367,23864,24592,23241,23479,23057,24276,24321,24317,23403,23056,22948,23734,23189,23937,23824,23996,23010,22896,23424,24311,24196,23732,23076,22445,22432,23146,24266,25315,24629,23364,22100,22254,23324,23361,23586,23939,24766,24037,24102,23566,24425,24067,24188,22267,22322,22094,22860,23190,24624,24621,24209,22515,23765,23257,23117,21790,22609,22907,22679,22584,22663,24617,25486,24491,23602,21286,21828,21871,22913,24470,24164,23971,24107,23131,22641,22352,23594,24403,23763,23006,22927,22848,23716,23841,24038,23049,22424
CumProbs: 0.0010340159719783332,0.0009194941388057728,0.001068870442943895,0.0011465461210957183,0.001168786593045172,0.00094837355760581,0.0010891192308381738,0.0011933506963923298,0.001340735316475277,0.0012182467470820168,0.0010947623356611694,0.0013228101599787022,0.0010489536023921455,0.0014877879892156946,0.0014628919385260076,0.001759652862747077,0.0013752578400983099,0.0010101157633162336,0.0011116916501301565,0.0013052169508246565,0.0010257172884151036,0.0012218981678498372,0.0012889515310407277,0.0009390790320149934,0.0012096161161762587,0.0009719418189253801,0.001264055480351041,0.0014678711486639452,0.0011508614365485972,0.001038331287431212,0.001546874616185885,0.001189035380939451,0.0011648032249348221,0.0013702786299603722,0.0017865405974919386,0.0014061289429535212,0.001195342380447505,0.0012132675369440796,0.0012959224252338405,0.0011863798021992176,0.001151857278576185,0.0008703659321114573,0.0010419827081990327,0.0012232259572199544,0.0015023936722869773,0.0012318565881257126,0.001367954998562668,0.0014313569409857374,0.0012584123755280453,0.0014748420428570574,0.001094762335661169,0.001116338912925565,0.0007711136766952384,0.0013151753711005314,0.0013208184759235272,0.0014871240945306362,0.0008365073031734829,0.0011714421717854055,0.0014419792559466707,0.001264055480351041,0.0012713583218866824,0.0011120235974726859,0.0010237256043599291,0.0011269612278864982,0.00112231396509109,0.0014054650482684629,0.0007173382072055143,0.0009513610836885724,0.0011545128573164185,0.001336751948364927,0.0011986618538727966,0.0012653832697211574,0.0014469584660846085,0.001519322986755965,0.001199325748557855,0.0011498655945210096,0.001202313274640617,0.000938415137329935,0.0008690381427413408,0.0012335163248383583,0.0012401552716889413,0.0010625634434358409,0.0016766660271147866,0.0012604040595832204,0.0012617318489533372,0.00142239436273745,0.0011674588036750554,0.0012906112677533738,0.0010751774424519493,0.0013636396831097888,0.001733097075344744,0.0012869598469855532,0.0010838080733577068,0.00116579906696241,0.0009198260861483018,0.0010692023902864243,0.001146214173753189,0.0009516930310311015,0.0012053008007233794,0.0011986618538727966,0.0013865440497443009,0.0011591601201118267,0.0013656313671649642,0.0012736819532843866,0.0011993257485578546,0.0012341802195234167,0.0010147630261116418,0.0009394109793575226,0.0013208184759235277,0.000902564824336786,0.0012630596383234537,0.0012975821619464864,0.0010881233888105862,0.001279325058107382,0.0011365877008198432,0.0013404033691327478,0.001139575226902606,0.0010409868661714454,0.0012853001102729074,0.0010652190221760744,0.001166794908989997,0.0010628953907783698,0.0011960062751325631,0.0015063770403973276,0.0018144241742643879,0.0015807332451238593,0.0010449702342817955,0.0011379154901899602
