HitRate: 16804377/30000000 0.560146
CumReqs: 30000000
CumProbs: 0.43985947260982516
