HitRate: 1294267/3000000 0.431422
CumReqs: 50377,37093,34186,43799,46109,47476,36650,33693,41856,44027,45927,36740,33813,40689,42595,44046,35827,33529,39528,41415,42714,35996,33301,38482,41015,41774,34999,32785,38133,39933,40866,35211,33430,37635,38833,40202,35251,110563,115205,116227,39598,35093,71940,75441,76881,39456,34740,63828,67167,68205,38423,34484,54263,57194,58616,37759,34310,49506,51846,53548,37432,33745,45993,48602
CumProbs: 0.024407550445244095,0.01148522087808073,0.0060426459840167415,0.01559252943110731,0.019513459830848515,0.021947358821877063,0.012741609322102717,0.007609220926006543,0.0134535073040267,0.01832596473991596,0.0186837442305977,0.011435963794712449,0.008684889124967883,0.013897486690602945,0.01690849232055445,0.01736778134115057,0.008753116841795567,0.0055314373350054125,0.014997117794986692,0.015285671114448165,0.012398141011048228,0.010241812341162547,0.0070940184594248095,0.011272550092456876,0.013033823641003726,0.01505303124097231,0.007867154977428273,0.007798261624338856,0.011428974613964249,0.014119143565760202,0.016646564451562318,0.009179789685566743,0.004821203443735763,0.010125325995359183,0.012255362032906393,0.015194811764721542,0.007213167350275107,0.08355931684419185,0.0903997278878962,0.0884377650064367,0.0122873125734696,0.00880503647021078,0.045461958222005674,0.05000725543525291,0.049479738697829095,0.013622578914507008,0.009021701073405037,0.03840188721192929,0.04046169862386361,0.04209417155576502,0.011098819028144436,0.00920941049921388,0.028307180484609833,0.029015417467094278,0.03364624893997426,0.00913785460107753,0.004117625915083451,0.01911008425623801,0.026873732794966743,0.02706643449273858,0.0073226645153302685,0.005347388908636096,0.02131633564575371,0.0228449693208247
