HitRate: 2165547/3000000 0.721849
CumReqs: 3000000
CumProbs: 0.7216067705807396
