HitRate: 1452545/3000000 0.484182
CumReqs: 173832,202620,114774,181215,249936,170210,242609,147131,205882,261950,153488,152703,162137,221033,207909,152571
CumProbs: 0.00519590258732225,0.01586459599141813,0.00690721178884124,0.01076698705955696,0.015173874812534004,0.019398836003200044,0.010220207776127704,0.0069548592218274564,0.014565453745171538,0.016054852524530937,0.006748275945943154,0.009699751200432092,0.0072117555213545475,0.014700732470992541,0.009065673823000117,0.0020868242852635156
