HitRate: 36628/3000000 0.012209
CumReqs: 93541,93418,93530,94430,94380,93157,94054,93824,93991,94017,93389,93836,93918,94058,93402,93914,93360,93777,93652,93736,93799,93838,93969,93486,94169,94215,93472,93196,93745,93291,93919,93517
CumProbs: 0.0002083333333333334,0.0002534722222222222,0.0003125,0.00017361111111111114,0.0002013888888888889,0.0002083333333333334,0.0002256944444444445,0.00022222222222222223,0.00029513888888888895,0.00021180555555555555,0.0002256944444444445,0.0002256944444444445,0.00024999999999999995,0.00028125,0.00024652777777777775,0.00027430555555555547,0.00024305555555555555,0.00023611111111111117,0.00021527777777777772,0.00021527777777777778,0.00021874999999999998,0.0002708333333333334,0.0002673611111111112,0.00019444444444444443,0.0002743055555555556,0.0002083333333333334,0.0002465277777777778,0.0002708333333333334,0.0002638888888888888,0.00021180555555555555,0.00026041666666666655,0.00022222222222222218
