HitRate: 13329/3000000 0.004443
CumReqs: 46694,46958,47260,47346,46978,46750,46880,46519,46676,46625,46900,47355,46798,46766,46482,46814,46977,46888,46813,46754,47050,46909,46901,46861,46965,47127,46810,47043,47169,47073,47278,46766,46655,46567,47263,46727,47068,46668,46483,46894,46980,46804,47290,46642,47160,46627,46818,46864,47065,46627,46572,46634,46808,47263,46763,47087,46549,47026,46768,46892,46957,46778,46788,46728
CumProbs: 0.00019235891929464435,0.0002129890222953879,0.0002007941716079526,0.00021877701779514415,0.00021365242338804315,0.0002041932070395063,0.00020592158715152886,0.00021695738476867568,0.00020500184240800697,0.0001900551900995658,0.00021357055617763948,0.00020216415888238266,0.0002010986373367702,0.00020572372782989693,0.0001985510968470897,0.00020403571167051886,0.0002089001647430368,0.0002073630793850789,0.00021267457408365831,0.00019509124422344685,0.00022269270097002104,0.00021424263769021822,0.0002171385342819547,0.00020710304655574487,0.00021882513987309528,0.00021867773549226892,0.0002064009633418054,0.00022317896724361193,0.0001887902359062103,0.00019177575783365711,0.00020701228191491957,0.0001827874000133468,0.00020173670245377366,0.0002037905983129283,0.0002312941290722403,0.00018169572870271473,0.00020947507980509668,0.0002013921982880589,0.0002001150372541859,0.0002022466771242807,0.0002078203205045505,0.00019481797375372947,0.0002141049445291813,0.00023063582772629013,0.0002190771975666245,0.0002019451410371873,0.00021502268192559587,0.0001966711891547771,0.00019412576451745294,0.00019676916939466392,0.00021004956084616033,0.00020766076353583127,0.00022462485393974832,0.00019168759731880887,0.0002129376993125901,0.0002153294262646434,0.0002124240897162401,0.0002031982139057724,0.00019669956327740215,0.00020382607952936578,0.00018846732428505524,0.00020607072761633988,0.00019106814085201635,0.00020058578727716352
