HitRate: 1883399/3000000 0.627800
CumReqs: 92903,93981,94103,93801,93818,93638,93572,93841,93745,93942,94086,93696,93896,93194,94091,93594,93606,93386,93814,93441,93274,93627,93868,93609,93971,93979,93936,93917,93757,94422,93364,94128
CumProbs: 0.019403263218466433,0.01976839026302818,0.019496572368507475,0.019550414218924058,0.019749483518798544,0.019897406630544213,0.019572029645867843,0.019736380629655565,0.019768776318672177,0.01971192023953417,0.019685517635801876,0.01986071875795099,0.019638528652828897,0.019703486475313375,0.019462038074447748,0.01957130006797286,0.01966767097129175,0.019566296752105295,0.01968454197184714,0.01983483805631185,0.019491777596470146,0.019553554311767713,0.01960611842433609,0.019422124825217702,0.019550204373051206,0.01957925923764986,0.019666072279931748,0.01930021348740397,0.01947541526057443,0.019758240189595128,0.01971429776940256,0.019534771478596447
