HitRate: 1327476/30000000 0.044249
CumReqs: 1877220,1875301,1874909,1872287,1871508,1874809,1874383,1876494,1878289,1877804,1873163,1875389,1873732,1874706,1874225,1875781
CumProbs: 0.008361777947148576,0.00820985294182009,0.008248299073059207,0.00831396582409976,0.008203444483609117,0.008327558647130593,0.00831886889241389,0.008197529529258151,0.008286417767108705,0.008366104621495693,0.008191311087220725,0.008306737371013765,0.008321323590613645,0.008328209667367302,0.008275965870627565,0.008293219087447602
