HitRate: 2347964/3000000 0.782655
CumReqs: 3000000
CumProbs: 0.6073578595315194
