HitRate: 399544/30000000 0.013318
CumReqs: 30000000
CumProbs: 0.013308468176297973
