HitRate: 303057/3000000 0.101019
CumReqs: 3000000
CumProbs: 0.10179208747816837
