HitRate: 3479943/30000000 0.115998
CumReqs: 3751463,3749792,3751068,3748688,3750023,3750578,3747808,3750580
CumProbs: 0.010504166666666486,0.01052499999999982,0.010489583333333151,0.010558333333333152,0.0104354166666665,0.010529166666666494,0.010406249999999836,0.010499999999999815
