HitRate: 2939796/3000000 0.979932
CumReqs: 92735,93896,93995,93691,94099,93749,93485,94052,93621,93727,93995,93850,93879,93238,94338,93397,93626,93382,93795,93554,93291,93614,93585,93633,94241,93830,93903,93982,93586,94479,93481,94271
CumProbs: 0.030615800194044338,0.03061624462460021,0.03060957512816231,0.030642752042765467,0.03064341217838598,0.03064513087467638,0.03056586013141824,0.03063497016789518,0.030578293119620792,0.03065916363927447,0.030579842116353197,0.030615709919087613,0.030630690136716477,0.03061012198607289,0.030640906397317282,0.030581417587952683,0.03060072883343039,0.030596160833820284,0.030664152849680017,0.030654140358753128,0.03064090921840968,0.030593369471398183,0.030589672755324183,0.03058248873503464,0.030616911921455364,0.030654543557958613,0.030607982295994252,0.030605447001958885,0.030639060100847815,0.030636476631234522,0.0305770333933625,0.0306066503063692
