HitRate: 2466797/3000000 0.822266
CumReqs: 138214,132123,82719,74801,104486,94584,87215,64325,84590,76346,70167,55006,65203,105776,106758,97777,161226,161905,162492,59084,88694,94823,116145,95015,93108,71873,71319,75350,76372,60511,59486,112507
CumProbs: 0.12025311663269678,0.11561837344151905,0.06673101798094679,0.0577637545172944,0.08683378035768315,0.07612659518886138,0.07056806386055872,0.04842710748633824,0.06653579119359287,0.05938647430627828,0.05382201703839318,0.03917013142087901,0.04839714856956051,0.08967691448177832,0.09121732955433966,0.08181483875024562,0.14447243170601554,0.14615506932855485,0.14663770418565578,0.04280898754334574,0.07250683376060452,0.07727886121877475,0.09851183196142345,0.0791244621798305,0.07542766353700243,0.055392061808866744,0.05503815152825043,0.05776112076636884,0.059810178986420715,0.044187097715122324,0.042255899848987304,0.09653586032955466
