HitRate: 2388446/3000000 0.796149
CumReqs: 46203,46385,45195,44831,44576,43996,45763,46154,47154,47417,48605,49188,47580,48832,47722,47285,46033,46319,48471,48940,48252,47220,47535,47742,47191,47131,45498,47370,47188,48382,45742,46155,44642,44736,43791,44273,45736,45977,46360,47360,46823,47283,48314,49082,48339,46105,46440,47464,48518,48402,48307,47398,47875,47233,46298,47181,45961,46313,46044,47016,47119,47764,46805,46986
CumProbs: 0.03169709339191751,0.0317015710965591,0.03069495420463544,0.031056348301865096,0.031083503413887326,0.030993515994792796,0.03136054333334624,0.03117204641212928,0.031845579855527335,0.0320950313367087,0.03224322891614826,0.03343314281422102,0.03240948175624077,0.03327830089886112,0.032605200781718996,0.03217591890443418,0.03102471548520123,0.03125784501075207,0.03170214886490047,0.03287834076487683,0.03230721675990212,0.03212218644873069,0.03199146636160337,0.03265604439571758,0.03252734649778318,0.031690882382252844,0.030953938863441707,0.03166936051155451,0.03204534325939175,0.033084748504661365,0.031320099549483574,0.03148823013668408,0.030998715909860898,0.03069856525676605,0.030080786458264324,0.030625333119557546,0.030495768569111962,0.030810363430729154,0.031399398254271495,0.03214081947772461,0.03208607592742495,0.0319306562437239,0.03226142861888638,0.03325547904939583,0.03275960937082284,0.032536013022896625,0.032431003626938966,0.03294377302948305,0.032709632409335575,0.032415981650075795,0.03252994645531718,0.031955355840297364,0.032161619137996963,0.03172959286109287,0.031395642760055666,0.030947872295862128,0.030858173760938325,0.03157619536658544,0.031542829244898644,0.03173392612364951,0.032077987170652564,0.031687993540548236,0.03158486189169862,0.0317356594286721
