HitRate: 303072/3000000 0.101024
CumReqs: 47497,46620,47878,47151,47329,46239,47337,46588,46942,46555,46596,46617,46926,46980,46888,47596,47237,46819,46658,47642,47118,46813,46848,46945,46449,46776,46651,47662,46666,47055,46510,47166,47022,46840,46613,46864,47238,46806,47125,47362,46783,46696,46244,46211,46637,46647,47337,46659,46943,46577,47059,45883,46438,46721,47112,46784,46827,46705,47293,46974,46834,47061,46625,46326
CumProbs: 0.0015979823932242084,0.001570677838891142,0.0016472637839716941,0.0016339444891750757,0.001599647305073786,0.0015733416978504652,0.0015909897634559839,0.0015520308261758773,0.0015829981865780134,0.0015333838134606124,0.0014940918938105901,0.0016485957134513558,0.0015899908163462377,0.001631613612585668,0.0015886588868665758,0.0016629139553577194,0.0015886588868665758,0.0016026441464030243,0.001576005556809789,0.0016182943177890507,0.0016149644940898957,0.0015803343276186899,0.001536047672419936,0.0015353817076801048,0.001587992922126745,0.0016013122169233629,0.0015953185342648846,0.001660583078768311,0.001660250096398396,0.0016672427261666207,0.0015237273247330648,0.0015893248516064065,0.001581000292358521,0.0015566925793546937,0.0015896578339763226,0.0015347157429402745,0.0016226230885979511,0.0016186273001589657,0.0016202922120085428,0.001589657833976322,0.00155402872039537,0.0016049750229924328,0.0015976494108542927,0.0015876599397568298,0.001571676786000888,0.0015370466195296826,0.0015949855518949693,0.0015030824177983074,0.0015979823932242084,0.0015550276675051161,0.0016406041365733851,0.0015596894206839325,0.0015873269573869141,0.0015500329319563847,0.0016236220357076973,0.0014990866293593222,0.0015297210073915428,0.0015566925793546935,0.0015770045039195358,0.0015953185342648848,0.0015653501209724951,0.0015763385391797046,0.0015913227458258996,0.0016003132698136165
