HitRate: 30217/3000000 0.010072
CumReqs: 3000000
CumProbs: 0.01031183140832259
