HitRate: 2706245/3000000 0.902082
CumReqs: 3000000
CumProbs: 0.9247816256095899
