HitRate: 3965250/30000000 0.132175
CumReqs: 30000000
CumProbs: 0.13205178497310263
