HitRate: 1059230/3000000 0.353077
CumReqs: 187886,186589,187925,187316,187260,187857,187635,187521,187854,187237,187188,187603,187600,186986,187881,187662
CumProbs: 0.04743055555555546,0.04729166666666663,0.04694444444444437,0.044374999999999956,0.04749999999999995,0.04687499999999996,0.04743055555555545,0.04805555555555552,0.04749999999999995,0.04576388888888883,0.049583333333333306,0.04798611111111104,0.04659722222222219,0.045138888888888805,0.04465277777777775,0.046458333333333296
