HitRate: 505061/3000000 0.168354
CumReqs: 374648,375704,374677,374593,375151,375263,375506,374458
CumProbs: 0.06711936573190665,0.0673421511238242,0.06706861662400589,0.06736194008413751,0.06746726842129021,0.06748099302279822,0.06724512138293193,0.06685381065156994
