HitRate: 2540623/3000000 0.846874
CumReqs: 280442,267072,224787,122404,167454,177534,195373,169115,180329,174835,152928,138515,144286,193712,200359,210855
CumProbs: 0.25261241945900476,0.23937634860796114,0.19698124590098254,0.09415035821030043,0.13859090180882438,0.1500909919246229,0.16717325513284526,0.14004871259568502,0.1523404449717886,0.1457626174634404,0.12463171425281465,0.11020473808844343,0.11581225624928006,0.16599455300060545,0.17152853917283672,0.18243192502365516
