HitRate: 599751/3000000 0.199917
CumReqs: 23445,23146,23237,23581,23233,23644,23601,23229,23364,23298,23427,23436,23364,23557,23371,23425,23406,23603,23433,23495,23202,23575,23481,23216,23493,23407,23318,23185,23390,23443,23513,23568,23379,23590,23330,23310,23456,23584,23598,23476,23300,23492,23480,23694,23269,23453,23299,23706,23475,23308,23289,23503,23285,23352,23368,23640,23352,23154,23551,23371,23496,23368,23365,23651,23564,23118,23232,23770,23608,23388,23333,23448,23463,23264,23494,23480,23543,23712,23580,23269,23396,23617,23527,23513,23413,23504,23716,23608,23401,23302,23372,23357,23212,23417,23607,23692,23337,23653,23446,23399,23439,23228,23503,23764,23545,23520,23201,23789,23624,23501,23337,23420,23199,23404,23206,23195,23385,23267,23338,22993,23536,23327,23620,23665,23549,23568,23678,23414
CumProbs: 0.0031857638888888934,0.003159722222222226,0.0032118055555555576,0.003203125000000004,0.0030381944444444484,0.0032118055555555576,0.0035243055555555566,0.0031076388888888924,0.0030989583333333355,0.003203125000000003,0.0032204861111111136,0.0030902777777777803,0.0032378472222222244,0.0028385416666666706,0.0031770833333333356,0.00316840277777778,0.0029166666666666716,0.003020833333333335,0.0030989583333333372,0.0032118055555555576,0.0033420138888888918,0.0030381944444444475,0.003055555555555557,0.00318576388888889,0.0031770833333333347,0.0031510416666666666,0.0032031250000000046,0.003211805555555558,0.0031684027777777804,0.0029947916666666703,0.003177083333333337,0.003098958333333338,0.003237847222222223,0.0032899305555555577,0.003142361111111114,0.0031423611111111157,0.003289930555555559,0.0029513888888888927,0.0030295138888888954,0.0030381944444444493,0.003107638888888892,0.003029513888888893,0.003203125000000005,0.0031076388888888916,0.0031944444444444464,0.0030121527777777807,0.003281250000000003,0.0030815972222222265,0.0031250000000000036,0.0031423611111111136,0.0030815972222222247,0.003098958333333338,0.0031597222222222252,0.0029947916666666703,0.0032725694444444464,0.00313368055555556,0.0032291666666666705,0.003098958333333337,0.0032725694444444464,0.0034201388888888923,0.0030989583333333385,0.003055555555555559,0.003194444444444448,0.00305555555555556,0.003098958333333336,0.0030468750000000036,0.0030902777777777803,0.0032378472222222244,0.0031770833333333386,0.003020833333333336,0.0032031250000000033,0.0032118055555555576,0.0031510416666666687,0.003142361111111114,0.0033072916666666693,0.0031250000000000054,0.0030555555555555583,0.0030555555555555583,0.0033333333333333344,0.0033940972222222246,0.003116319444444447,0.0031423611111111153,0.0031770833333333347,0.003159722222222224,0.003168402777777782,0.0030121527777777807,0.0031336805555555597,0.0031336805555555584,0.00315104166666667,0.0031944444444444477,0.003298611111111113,0.0031770833333333377,0.003159722222222225,0.003281250000000003,0.002899305555555559,0.003237847222222225,0.0030989583333333372,0.003012152777777782,0.0030381944444444484,0.003142361111111115,0.0031684027777777813,0.0030381944444444475,0.0030034722222222255,0.0029947916666666708,0.003020833333333336,0.0032812500000000033,0.003333333333333334,0.0032899305555555577,0.0030208333333333367,0.0029861111111111143,0.0029947916666666708,0.0030729166666666695,0.0032204861111111123,0.003177083333333335,0.0031944444444444464,0.0028993055555555577,0.0032204861111111136,0.0032291666666666705,0.0029427083333333375,0.0032465277777777818,0.0031597222222222244,0.002925347222222226,0.0031423611111111144,0.003333333333333335,0.0031770833333333364,0.003151041666666669,0.003107638888888893,0.0030034722222222246
