HitRate: 1491577/3000000 0.497192
CumReqs: 180359,191042,204650,202474,215006,197449,211225,194964,186807,193356,165219,162933,148203,173320,181096,191897
CumProbs: 0.021916755711087584,0.02634082239394718,0.027791188583922155,0.03695051928973705,0.026014631605988183,0.025105029102282305,0.021531257507136053,0.034992708186522496,0.036415419794882976,0.02626418921597928,0.026929231925648497,0.009808713592160226,0.029148595397144785,0.02676430399915237,0.029142598017999472,0.022160315941933375
