HitRate: 2809892/3000000 0.936631
CumReqs: 3000000
CumProbs: 0.8633593749995049
