HitRate: 302882/3000000 0.100961
CumReqs: 3000000
CumProbs: 0.20810321999975878
