HitRate: 332073/3000000 0.110691
CumReqs: 374804,373844,375361,374505,375540,375300,375507,375139
CumProbs: 0.011666666666666619,0.01105555555555551,0.0111944444444444,0.011138888888888844,0.011166666666666622,0.011416666666666622,0.011027777777777734,0.011694444444444396
