HitRate: 2965733/3000000 0.988578
CumReqs: 3000000
CumProbs: 0.9923691979325121
