HitRate: 26527377/30000000 0.884246
CumReqs: 434973,374330,356890,312908,585056,596827,713708,447190,508406,448119,465041,418783,357238,342207,396669,392033,395857,436335,490864,512830,739015,687861,666022,326662,353200,354574,353962,397209,426186,474295,1060622,1039565,1092382,471499,469878,421250,574967,565474,613618,493555,534196,429620,352498,313685,313366,309678,315015,337930,354470,348500,363498,367686,372858,497932,490986,476560,405696,450669,512225,416588,378162,326608,383631,379883
CumProbs: 0.03854918422682318,0.03245878253793745,0.030600818116637587,0.026254374042049756,0.0534009579264241,0.05457954349410491,0.06634764871244209,0.03961650533361369,0.04593065753481804,0.039815475009249306,0.041482447489058986,0.03676483933342088,0.030764760553296747,0.029169114002819397,0.034759162178360954,0.034171178241528474,0.0345915799004983,0.03862502256202873,0.04397957799780738,0.04617622216393955,0.069048111720192,0.06363846005797599,0.06166950541039946,0.0276648872995481,0.030185876219472742,0.030390106213558792,0.03037936120288389,0.034603197475845185,0.03760848471914919,0.04232831168209494,0.10105079223887446,0.0989285155132235,0.10419716072442294,0.04209675794856634,0.04195500358499294,0.037079261780371284,0.05253106080928083,0.05143521930292516,0.056284809097805005,0.04422192660285116,0.04833377543276513,0.03784387773723489,0.030108641780790868,0.026273371021480158,0.026286509352398416,0.025907940936846303,0.02637498741013964,0.02879460924559667,0.030448368603229598,0.02962666198639742,0.0313258445678125,0.03177035394214848,0.03225086284180928,0.044738534749513996,0.044099518244579194,0.04259392036825213,0.03547593666077981,0.04007510039479804,0.04614368796688445,0.03654355693260115,0.032720452217860664,0.02759712642016232,0.03331222557841137,0.032952828655224
