HitRate: 975416/3000000 0.325139
CumReqs: 46955,46710,46848,47007,46788,46381,46894,47002,46957,46684,46581,47076,47078,46665,46685,46805,46860,46888,46725,47112,47233,46880,46815,46858,46748,46836,46532,46798,46893,47023,46572,46639,46781,47195,46844,46559,46656,46682,47010,47453,46884,46634,46812,47184,46570,46906,46858,46802,47175,46641,46923,46990,47179,46777,46925,47266,46413,47150,46896,47179,47136,47279,46685,47028
CumProbs: 0.012673611111111135,0.012777777777777806,0.013020833333333362,0.013020833333333362,0.013090277777777805,0.012604166666666692,0.012777777777777803,0.01322916666666669,0.012777777777777801,0.012708333333333358,0.013437500000000028,0.013263888888888914,0.01284722222222225,0.012708333333333363,0.013090277777777808,0.012986111111111141,0.012708333333333356,0.012048611111111133,0.013194444444444472,0.01270833333333336,0.013229166666666691,0.012708333333333363,0.012951388888888915,0.013125000000000026,0.012812500000000027,0.01305555555555558,0.013125000000000029,0.012847222222222248,0.01315972222222225,0.013090277777777803,0.013125000000000024,0.013263888888888915,0.01270833333333336,0.012465277777777804,0.01284722222222225,0.013229166666666696,0.01315972222222225,0.012743055555555577,0.012604166666666692,0.012951388888888917,0.01302083333333336,0.013298611111111133,0.012743055555555582,0.012673611111111137,0.012673611111111135,0.012638888888888911,0.01315972222222225,0.013090277777777805,0.01319444444444447,0.012673611111111135,0.013125000000000032,0.013020833333333362,0.01267361111111114,0.012777777777777801,0.013055555555555582,0.012777777777777798,0.013298611111111136,0.012951388888888915,0.012604166666666694,0.01291666666666669,0.01291666666666669,0.013020833333333353,0.013090277777777803,0.013090277777777808
