HitRate: 2699889/3000000 0.899963
CumReqs: 3000000
CumProbs: 0.900000000000039
