HitRate: 2738487/3000000 0.912829
CumReqs: 3000000
CumProbs: 0.7690613649937632
