HitRate: 395966/3000000 0.131989
CumReqs: 3000000
CumProbs: 0.1323218427782815
