HitRate: 2769951/3000000 0.923317
CumReqs: 3000000
CumProbs: 0.7674697653527495
