HitRate: 28519522/30000000 0.950651
CumReqs: 30000000
CumProbs: 0.849173611109488
