HitRate: 2278742/3000000 0.759581
CumReqs: 390808,399409,426386,378894,373631,388752,324852,317268
CumProbs: 0.06834843326009912,0.08095291155327113,0.06309321044183551,0.06422144119214963,0.07229512931122671,0.06526488408590397,0.06310263131478655,0.06087085899844402
