HitRate: 2967989/3000000 0.989330
CumReqs: 3000000
CumProbs: 0.9814043562615448
