HitRate: 2969804/3000000 0.989935
CumReqs: 3000000
CumProbs: 0.9936221671065835
