HitRate: 907904/3000000 0.302635
CumReqs: 375174,375019,373942,373819,375870,376668,374622,374886
CumProbs: 0.11471602402327996,0.1145078817645401,0.11274749779702223,0.113715276043259,0.11306254191985082,0.1142301367344777,0.11174541770654538,0.11258298215571437
