HitRate: 2498684/3000000 0.832895
CumReqs: 3000000
CumProbs: 0.6813378153336195
