HitRate: 11630/3000000 0.003877
CumReqs: 374921,374705,375454,374875,374817,375937,374400,374891
CumProbs: 0.001125,0.001020833333333333,0.0011666666666666665,0.000895833333333333,0.001125,0.0009999999999999998,0.0009791666666666664,0.0010416666666666664
