HitRate: 2458171/3000000 0.819390
CumReqs: 3000000
CumProbs: 0.5162379879397545
