HitRate: 9001362/30000000 0.300045
CumReqs: 234466,234649,234469,234580,235006,234774,234208,235027,234238,234959,234756,234033,234672,233715,234487,233722,234451,234228,233969,234143,234379,235164,234435,233992,234331,234172,234957,234692,234667,234329,234858,235181,234218,235105,233941,233917,234983,234682,234548,234289,234709,233651,233969,234224,234850,234537,235438,233673,234560,233800,234343,234597,234971,234208,234482,234676,234307,234276,234437,234024,234106,235185,234107,234252,234022,234040,233786,234933,234578,234311,233252,234656,234518,234536,233418,234013,234527,234525,233811,233964,234303,234926,233729,234447,233294,234868,234081,233873,234520,233545,234447,234336,234162,234253,234615,234743,234648,234674,234743,235368,233733,235139,235065,234576,233973,234504,233189,235136,234187,234348,234104,233899,234179,233866,234604,234920,234433,234807,234142,234158,233662,233279,234503,234304,234677,234406,234407,234561
CumProbs: 0.007031249999999302,0.007031249999999302,0.007031249999999302,0.007031249999999302,0.007031249999999302,0.007031249999999302,0.007031249999999302,0.007031249999999302,0.007031249999999302,0.007031249999999302,0.007031249999999302,0.007031249999999302,0.007031249999999302,0.007031249999999302,0.007031249999999302,0.007031249999999302,0.007031249999999302,0.007031249999999302,0.007031249999999302,0.007031249999999302,0.007031249999999302,0.007031249999999302,0.007031249999999302,0.007031249999999302,0.007031249999999302,0.007031249999999302,0.007031249999999302,0.007031249999999302,0.007031249999999302,0.007031249999999302,0.007031249999999302,0.007031249999999302,0.007031249999999302,0.007031249999999302,0.007031249999999302,0.007031249999999302,0.007031249999999302,0.007031249999999302,0.007031249999999302,0.007031249999999302,0.007031249999999302,0.007031249999999302,0.007031249999999302,0.007031249999999302,0.007031249999999302,0.007031249999999302,0.007031249999999302,0.007031249999999302,0.007031249999999302,0.007031249999999302,0.007031249999999302,0.007031249999999302,0.007031249999999302,0.007031249999999302,0.007031249999999302,0.007031249999999302,0.007031249999999302,0.007031249999999302,0.007031249999999302,0.007031249999999302,0.007031249999999302,0.007031249999999302,0.007031249999999302,0.007031249999999302,0.007031249999999302,0.007031249999999302,0.007031249999999302,0.007031249999999302,0.007031249999999302,0.007031249999999302,0.007031249999999302,0.007031249999999302,0.007031249999999302,0.007031249999999302,0.007031249999999302,0.007031249999999302,0.007031249999999302,0.007031249999999302,0.007031249999999302,0.007031249999999302,0.007031249999999302,0.007031249999999302,0.007031249999999302,0.007031249999999302,0.007031249999999302,0.007031249999999302,0.007031249999999302,0.007031249999999302,0.007031249999999302,0.007031249999999302,0.007031249999999302,0.007031249999999302,0.007031249999999302,0.007031249999999302,0.007031249999999302,0.007031249999999302,0.007031249999999302,0.007031249999999302,0.007031249999999302,0.007031249999999302,0.007031249999999302,0.007031249999999302,0.007031249999999302,0.007031249999999302,0.007031249999999302,0.007031249999999302,0.007031249999999302,0.007031249999999302,0.007031249999999302,0.007031249999999302,0.007031249999999302,0.007031249999999302,0.007031249999999302,0.007031249999999302,0.007031249999999302,0.007031249999999302,0.007031249999999302,0.007031249999999302,0.007031249999999302,0.007031249999999302,0.007031249999999302,0.007031249999999302,0.007031249999999302,0.007031249999999302,0.007031249999999302,0.007031249999999302,0.007031249999999302,0.007031249999999302
