HitRate: 364038/3000000 0.121346
CumReqs: 3000000
CumProbs: 0.07978472222221812
