HitRate: 2959771/3000000 0.986590
CumReqs: 3000000
CumProbs: 0.9281580361408752
