HitRate: 2268704/3000000 0.756235
CumReqs: 3000000
CumProbs: 0.7606830567606779
