HitRate: 2363925/3000000 0.787975
CumReqs: 70223,80524,87458,92600,94239,96168,105316,98739,96018,105622,109521,106419,101031,92852,109945,103488,101073,98162,91530,97526,92829,86208,94708,83417,89378,81298,89682,82303,79034,94460,95669,92560
CumProbs: 0.03985898494569007,0.04937602316415349,0.046837727030023694,0.05257436434109026,0.06174581442137096,0.06153481383836799,0.06663876385732959,0.05331082241172087,0.06297313972012075,0.07265998466708126,0.06817834486237175,0.07362882639022952,0.058614452565119365,0.05928204457363733,0.06624663609726285,0.045969197059450594,0.06206813274861117,0.041612082188972166,0.05726197341832897,0.051126604752198615,0.053740370543438054,0.04783455541768363,0.043839694901332854,0.05604879868028715,0.05905028983492898,0.0449107351184842,0.04763833430919795,0.04858642187664112,0.047347776129324746,0.05435953618864405,0.06016912750158335,0.055851005287278356
