HitRate: 1692817/3000000 0.564272
CumReqs: 3000000
CumProbs: 0.31465696389657505
