HitRate: 2707171/3000000 0.902390
CumReqs: 41793,46119,46033,44296,46352,52322,48919,42225,44094,50089,46417,47895,47247,45268,42893,47770,47186,48219,46070,48887,42119,47705,46268,47092,47891,48549,47298,44151,45986,48949,43939,48111,49239,47496,54597,47436,47624,47151,46575,45259,46425,47822,46356,45595,45560,44747,49657,49488,44851,48677,46771,46273,45139,45752,40882,48004,44690,48045,49980,51323,46923,49391,46331,47789
CumProbs: 0.007488466315582714,0.008276108733742665,0.008085550084187838,0.008404450798571035,0.008667975495134893,0.009322063987965817,0.007870235097254945,0.007333739206969823,0.008552011598995546,0.009327927331029039,0.008407708211383943,0.008887525118724553,0.008686542748168437,0.00813538850022525,0.008121381625129764,0.00889827458100713,0.008325947149780076,0.008734752457799401,0.008620091526785214,0.008297281917026528,0.007414197303448523,0.008952673374982612,0.00873279801011166,0.00861162225347167,0.009005117721270356,0.008629538023942633,0.00844419123488846,0.007827888730687212,0.008500544476551677,0.008795666077400689,0.008283275041931052,0.00869924665813876,0.008746804885207144,0.00909306786721874,0.010101237132812213,0.009141603318130987,0.008685891265605858,0.008828565946811012,0.008663089375915539,0.007521691926274327,0.008518785988303931,0.008757880088771014,0.007910952757416235,0.008159819096322022,0.007844501536033008,0.008296630434463948,0.008886547894880687,0.009337373828186458,0.008658203256696181,0.008844853010875528,0.007629838031662703,0.007985221769550419,0.008492075203238131,0.008575464971248448,0.007093342141377583,0.008627583576254897,0.007834729297594302,0.008690451643543921,0.008852345060345204,0.009233788100736147,0.008462432746640712,0.008885570671036812,0.007408985442947879,0.00895853671804584
