HitRate: 331446/3000000 0.110482
CumReqs: 3000000
CumProbs: 0.08977777777777426
