HitRate: 101723/3000000 0.033908
CumReqs: 188241,187321,187581,187665,187229,187036,187418,186944,186764,187739,188021,187843,187048,187628,187851,187671
CumProbs: 0.00728259579593529,0.007265548214167552,0.0073143960926943296,0.007327181779020139,0.007322592045467299,0.007257352261394582,0.007323247721689125,0.007251451175398077,0.007269482271498546,0.007184244362659862,0.007363571809332069,0.007270465785831312,0.007238665489072264,0.00732029717869087,0.007301938244479439,0.007254401718396321
