HitRate: 2971411/3000000 0.990470
CumReqs: 70499,82420,72451,99676,75578,277549,81681,71868,94501,74869,173864,80927,71948,91455,74575,151751,79535,71197,89108,74386,127657,78217,71084,86468,73719,113371,77742,70997,84827,73392,105787,76901
CumProbs: 0.0234342051152775,0.027535855850182377,0.02404923462994018,0.033090070000706365,0.025223057833133274,0.09268944578771518,0.02715125720606838,0.023977098933033722,0.03163675614870314,0.02503943543170785,0.057818121237491145,0.026748788795689312,0.023961058355436472,0.030455334777179585,0.024818713331807046,0.05055938465717582,0.026438905473537368,0.02373752211911655,0.0295754950253631,0.024630635214380216,0.04251925619747893,0.026057214770392606,0.023695356975084188,0.028783831548048693,0.024447763249332455,0.03786589401737029,0.025752725209712387,0.0235617323973929,0.028153371185347716,0.024306212187391603,0.0351467816035042,0.025603388370341276
