HitRate: 30109/3000000 0.010036
CumReqs: 3000000
CumProbs: 0.010330006978878717
