HitRate: 3640211/30000000 0.121340
CumReqs: 30000000
CumProbs: 0.07864652777783043
