HitRate: 1790731/3000000 0.596910
CumReqs: 93114,92978,94546,92875,94626,93675,93444,93717,94702,94028,94059,94810,94429,93928,93573,92963,92830,94515,93133,93262,93781,94932,93579,93002,94615,92058,93281,93560,93581,93877,94444,94083
CumProbs: 0.0032429427695545225,0.0033508092467379466,0.0034560286938064466,0.003297537765674965,0.0033749633965366893,0.003291251069152007,0.0033865441532895135,0.003443124421996159,0.0032852952513934114,0.003496726781823503,0.003441800906938692,0.003417646757139952,0.003368676700013732,0.0034288966351284085,0.00342823487759967,0.0033326109146977973,0.003285626130157779,0.0033779413054159883,0.0033815809718240166,0.0034166541208468515,0.0032548544050717055,0.003348823974151753,0.003408382151737694,0.003344191671450623,0.0036045932590069328,0.0032515456174280455,0.0034523890273984157,0.0034470949671685518,0.003471249116967295,0.0034179776359043157,0.003559593747053111,0.0032935672205025718
