HitRate: 2770869/3000000 0.923623
CumReqs: 37369,55038,32450,35845,39659,63470,35777,56526,34415,74449,36872,42470,50590,45477,84287,46441,31429,86477,51500,46762,67737,35798,50117,53371,56246,34302,51794,31633,40992,66075,37837,48823,35434,46164,44756,27416,33492,41679,68533,33046,49439,38948,67705,44739,41994,47581,44981,26823,57270,39732,80490,39961,77287,39593,29389,29397,54822,40003,51096,35378,32461,64978,37245,36140
CumProbs: 0.010725315586769216,0.01876822759592552,0.009476267686897182,0.01048593041172379,0.01229569308187601,0.01581124304312043,0.013354522458816395,0.014344034916383312,0.010443480515363366,0.02367683270039131,0.01068555239271004,0.011275283547844262,0.014661871798626451,0.016371151802710208,0.024092734216631776,0.009646335942569185,0.010100925971948277,0.017445832723228208,0.01545283695612764,0.01287414008734486,0.01860326407462597,0.010707852021810793,0.01654901149505599,0.015363101099264427,0.01575401628410284,0.009869869574036898,0.014667513873459222,0.009129683090030163,0.009489432528173553,0.016839712684056058,0.01061596680310648,0.013147377711386552,0.013131257497578805,0.015587440741422511,0.009628872377610759,0.008528936455460615,0.010100388631488003,0.013141735636553822,0.01119011508489319,0.009533494445914779,0.01212159477275215,0.011133425666335883,0.0174896259707394,0.012775000772427039,0.012600633793073029,0.013127227444126834,0.010843530488026155,0.010808066017649106,0.01689962614537502,0.01182337081730839,0.02367522067901039,0.01066567079568047,0.0159625043826833,0.011963616677436003,0.008668644975127947,0.008644733324646431,0.01535127960913864,0.011997200456202246,0.014078857399245416,0.010254605343582347,0.010177765657765287,0.011593926440777818,0.01089484650198089,0.010731763672292288
