HitRate: 599230/3000000 0.199743
CumReqs: 93892,93755,93889,94038,94126,93344,93389,94088,93441,93992,93735,93432,93580,93608,93628,93697,93793,93140,93643,93242,93824,93851,93730,94375,93511,93621,93913,93564,94143,93856,94010,94150
CumProbs: 0.012083333333333349,0.013055555555555572,0.013090277777777782,0.01256944444444445,0.01267361111111112,0.013159722222222236,0.01340277777777779,0.01211805555555557,0.012847222222222234,0.012638888888888897,0.012430555555555566,0.01277777777777779,0.01277777777777779,0.012638888888888903,0.012465277777777787,0.012256944444444452,0.013645833333333343,0.012361111111111127,0.012395833333333349,0.012881944444444455,0.012152777777777792,0.013958333333333336,0.013750000000000014,0.01184027777777779,0.01253472222222223,0.012118055555555571,0.01163194444444446,0.01312500000000001,0.012291666666666682,0.012291666666666683,0.013437500000000015,0.013541666666666681
