HitRate: 1306829/3000000 0.435610
CumReqs: 94333,94107,94173,94317,93085,93404,94061,93871,93885,93229,93535,93400,94512,92761,93173,93838,95116,94473,94502,93459,93197,93253,93563,93391,92813,92894,93409,94787,93841,93798,93412,94408
CumProbs: 0.01571836611939232,0.01599585265631049,0.016062981135900285,0.016031743130546616,0.015730329610804367,0.015753591955216664,0.015764226169805145,0.016196905775873956,0.01576389385059925,0.01566286881200868,0.016002831359634182,0.016028419938487717,0.015821717392424123,0.01556516696547702,0.015977575099986544,0.015789814748658676,0.01620222288316819,0.01589250138327869,0.015855613951424905,0.015820388115600555,0.015885522679955008,0.01570407639353905,0.015885190360749122,0.015898483128984713,0.015445199732150725,0.015454504669915636,0.015764890808216917,0.015776854299628964,0.015728668014774908,0.015969931758251076,0.01605367619813535,0.015942681583368087
