HitRate: 1500100/3000000 0.500033
CumReqs: 187184,187481,187651,187761,188084,187795,187535,187599,186996,187285,187126,187326,187719,187858,187388,187212
CumProbs: 0.031250000000000715,0.031250000000000715,0.031250000000000715,0.031250000000000715,0.031250000000000715,0.031250000000000715,0.031250000000000715,0.031250000000000715,0.031250000000000715,0.031250000000000715,0.031250000000000715,0.031250000000000715,0.031250000000000715,0.031250000000000715,0.031250000000000715,0.031250000000000715
