HitRate: 2951018/3000000 0.983673
CumReqs: 637707,220846,290895,283772,652144,261502,223753,429381
CumProbs: 0.2107088013156896,0.07168328341154598,0.09498657560756524,0.09230334833738978,0.21556238792366092,0.08521434445042551,0.07263768671133757,0.14060936504109878
