HitRate: 100682/3000000 0.033561
CumReqs: 187394,187092,187203,186666,186627,187766,187903,187599,188499,187705,188596,187380,187220,187165,187572,187613
CumProbs: 0.006355727058773421,0.006450891601928709,0.006487493349296133,0.0064279323240346055,0.006414622597719181,0.006357390774562848,0.006558700385083656,0.0064835004314015045,0.006397319953509128,0.006459875667191625,0.006464201328244136,0.006417284542982262,0.006482834945085739,0.006405638532456263,0.006426268608245177,0.006415953570350721
