HitRate: 2699951/3000000 0.899984
CumReqs: 3000000
CumProbs: 0.900000000000771
