HitRate: 1218018/30000000 0.040601
CumReqs: 939010,938940,936664,937889,939275,937860,938806,937806,936228,936544,936949,937187,937698,937583,936473,937342,938629,936659,937950,936596,937470,934221,938043,937242,937623,938397,938033,937388,936427,938280,937880,936908
CumProbs: 0.002422916666666781,0.0024722222222223374,0.0024020833333334435,0.002464236111111219,0.002445486111111222,0.002401041666666775,0.002424305555555669,0.0024420138888889996,0.0024427083333334377,0.002456944444444556,0.0024704861111112223,0.002442013888889001,0.002420486111111222,0.0024430555555556735,0.0024524305555556672,0.002448958333333443,0.0024583333333334447,0.0024315972222223366,0.0024628472222223406,0.0024548611111112266,0.002429166666666775,0.0024326388888889997,0.0024222222222223346,0.002461458333333443,0.002446875000000111,0.0024725694444445562,0.00245590277777789,0.002444791666666778,0.002452083333333444,0.0024458333333334465,0.0024489583333334483,0.0024263888888890013
