HitRate: 132197/3000000 0.044066
CumReqs: 23666,23239,23275,23555,23258,23442,23632,23148,23607,23518,23512,23061,23498,23262,23470,23380,23421,23654,23401,23625,23501,23361,23232,23455,23259,23331,23362,23283,23499,23503,23611,23482,23807,23678,23344,23325,23366,23397,23588,23211,23476,23574,23417,23541,23401,23837,23370,23050,23334,23677,23465,23490,23523,23533,23503,23145,23370,23478,23415,23683,23447,23212,23286,23245,23658,23327,23375,23378,23464,23509,23435,23873,23351,23282,23610,23574,23375,23347,22968,23387,23364,23620,23344,23524,23362,23357,23351,23495,23607,23608,23644,23409,23366,23302,23370,23268,23458,23458,23342,23342,23522,23351,23350,23530,23246,23321,23338,23464,23335,23376,23281,23657,23548,23377,23374,23499,23561,23771,23430,23763,23417,23703,23238,23588,23598,23507,23345,23315
CumProbs: 0.001035655850134788,0.0010840190421809233,0.001050783249015399,0.000977872278617187,0.0010159593095266548,0.000998609048285875,0.0010643075830334605,0.0012103234648411754,0.0010419758858873117,0.0011486936226381324,0.0010624590403873898,0.0010986283608775296,0.0011680524617650688,0.0009874011565565066,0.0010240261706116359,0.001010568291905135,0.0009715997109443497,0.001017093118515734,0.0011187290582784209,0.001032151349623088,0.0010801998961124458,0.0010039783662138234,0.0011384188177323128,0.0008870183740975391,0.0010339876861915251,0.001015548371579656,0.0009202473861088228,0.001012791154265304,0.001071697684925199,0.0011383401563431186,0.000981846035002357,0.0011264975485768018,0.0010235487773530758,0.0008580140211783396,0.001085468852957629,0.0011048575291632253,0.0010986514168019488,0.0010477208797602066,0.0010434840145904889,0.0011126870498497743,0.0009364882505157906,0.0010225275355243955,0.0011463649742718058,0.001090231935696441,0.0009361139308016926,0.0009893134420524419,0.0009432897482194183,0.0010205379448701138,0.0011842865450177958,0.0010249931632063886,0.0010966564012242746,0.0010563885511109315,0.0010014761202989293,0.00105928274774095,0.0010208919211214893,0.0010480301003935916,0.0009966370886326196,0.0011156992385635844,0.0009103509696096458,0.0011570059615066339,0.0009672367163057512,0.0009120367645539349,0.0010161383319986148,0.0010637420347697692,0.001019476016115988,0.0010793549642940292,0.000990033600632826,0.0009888753794884794,0.0010068590005353603,0.0009695287464391771,0.000994460338121289,0.0010907445909570535,0.0009729057612511479,0.000884282856476758,0.0010457190830282911,0.0010337611956398789,0.0011161535758977253,0.0009570663411752414,0.0010341124594295578,0.0011011184007147902,0.0010447344594325119,0.0010475676256743618,0.0010773816484099257,0.001035933877458665,0.001048940131292721,0.0010300993723497901,0.0009867081225930863,0.0010249985881297815,0.0009278761846298412,0.0010811017896264863,0.0011008051113888604,0.0010147020835303909,0.0010364004208704394,0.0009069698861051304,0.001031191138182576,0.001063240229355942,0.0008969202155201088,0.0010202883983940487,0.0011318560166579652,0.0010383615306769093,0.0010230415470158561,0.0009672177290738768,0.0011108534257430337,0.001021317777607818,0.0010885502094446966,0.0011530688233543649,0.0010237400059026692,0.0011886983639669286,0.001033176660144313,0.0011284450960747897,0.0010235650521232538,0.0009755571925593416,0.0010471254944178546,0.0009582896614003008,0.0010743002919228585,0.0010283674655566627,0.0011087187183879967,0.001120432484223736,0.0009710965492996741,0.0009315759823836788,0.0009396848866249537,0.0009800436042051246,0.0010545671330818242,0.0011000632531149054,0.0009649650296350475,0.001016659124644316,0.0009708130970524045,0.001008978789351067
