HitRate: 2852052/3000000 0.950684
CumReqs: 23462,23335,23511,23428,23668,23629,23466,23477,23555,23558,23589,23380,23206,23274,23568,23461,23503,23456,23300,23222,23260,23557,23211,23314,23556,23606,23649,23328,23520,23280,23489,23656,23541,23346,23252,23544,23385,23451,23424,23631,23355,23380,23426,23556,23619,23291,23410,23263,23513,23668,23750,23386,23428,23585,23441,23302,23504,23726,23449,23535,23540,23688,23381,23372,23473,23497,23516,23387,23525,23360,23169,23384,23076,23181,23242,23463,23445,23211,23517,23312,23455,23506,23597,23400,23591,23493,23272,23541,23623,23418,23222,23435,23510,23442,23414,23599,23402,23158,23302,23506,23146,23535,23218,23501,23359,23363,23275,23536,23516,23332,23072,23532,23607,23413,23504,23439,23522,23433,23337,23421,23286,23344,23234,23817,23357,23569,23547,23525
CumProbs: 0.006625868055555484,0.006625868055555486,0.006632812499999931,0.006634548611111066,0.006642361111111053,0.006624999999999947,0.0066371527777777245,0.006630208333333275,0.006641493055555502,0.006654513888888825,0.006634548611111058,0.006626736111111048,0.006640624999999927,0.006637152777777723,0.006608506944444389,0.006638888888888824,0.006619791666666613,0.006636284722222168,0.006620659722222169,0.006653645833333282,0.006628472222222158,0.00665104166666661,0.006632812499999937,0.006648437499999928,0.006621527777777727,0.006634548611111055,0.006638888888888831,0.006643229166666598,0.006625868055555504,0.006629340277777722,0.006640624999999938,0.0066388888888888106,0.006635416666666607,0.0066336805555554995,0.006646701388888824,0.006633680555555486,0.006666666666666616,0.0066267361111110494,0.006622395833333284,0.0066284722222221615,0.006657118055555494,0.006632812499999952,0.006628472222222145,0.0066380208333332745,0.006626736111111057,0.006631944444444391,0.00663541666666661,0.0066249999999999434,0.006618055555555502,0.006632812499999943,0.006645833333333267,0.0066215277777777306,0.006645833333333277,0.006658854166666604,0.00665972222222215,0.006637152777777725,0.006654513888888823,0.006604166666666611,0.006612847222222173,0.006621527777777727,0.006631944444444382,0.006639756944444371,0.006612847222222155,0.006636284722222169,0.0066249999999999365,0.006629340277777723,0.006637152777777721,0.00663368055555549,0.006629340277777723,0.006624999999999942,0.006651909722222148,0.006631944444444385,0.006631076388888838,0.00663454861111106,0.006619791666666605,0.006628472222222154,0.00662673611111107,0.006625868055555495,0.006658854166666618,0.006646701388888835,0.006653645833333279,0.0066180555555554925,0.006621527777777724,0.006651041666666607,0.0066406249999999434,0.006639756944444372,0.0066267361111110425,0.0066362847222221555,0.006659722222222176,0.006643229166666597,0.006635416666666623,0.006651041666666611,0.006627604166666603,0.006629340277777709,0.00663541666666661,0.006617187499999951,0.006649305555555492,0.00662152777777773,0.006635416666666619,0.006640624999999942,0.006621527777777726,0.006633680555555495,0.006624999999999938,0.006654513888888833,0.006629340277777723,0.006620659722222167,0.006643229166666603,0.006638888888888825,0.006648437499999933,0.00663107638888883,0.006635416666666609,0.006645833333333279,0.006665798611111047,0.006629340277777725,0.006644097222222166,0.006631076388888829,0.006622395833333271,0.006631076388888824,0.006632812499999934,0.006644965277777717,0.0066336805555555,0.00662847222222217,0.006641493055555493,0.0066180555555554995,0.006654513888888819,0.006657118055555496,0.006624131944444394,0.006647569444444383
