HitRate: 2049763/3000000 0.683254
CumReqs: 59530,77734,62258,101749,67561,364977,76098,62201,95591,66353,212279,74296,62091,90424,65912,178155,72369,61443,86292,64899,142984,70916,60209,83262,64259,123201,69946,59402,80045,63445,111113,69006
CumProbs: 0.009190183550580476,0.01598866154402543,0.012001819587742161,0.023898073781219213,0.012599579470095022,0.11120864717114715,0.015100513573978031,0.011046069803701649,0.02187334950004629,0.01223393024958057,0.0610058084277816,0.01485574838538229,0.012028793710566997,0.020105711920364398,0.010998781835292674,0.05007396237875799,0.013173362354381364,0.010416340590593421,0.019968843223068005,0.010229852827853811,0.03737481176391449,0.013566318711582686,0.01042399990942023,0.016881471708141325,0.011813000727968303,0.03012143683492969,0.012739445292149734,0.010728707593182276,0.018076658458985016,0.011288503895263145,0.027374072473140765,0.013215322100997776
