HitRate: 2172404/3000000 0.724135
CumReqs: 45437,45515,44489,45477,45581,47577,49528,47843,45247,45544,47000,47971,46321,46585,44933,45027,45811,47400,47337,47556,45956,46406,45232,46963,46907,47931,47693,46749,45760,46224,46137,47004,47073,48155,50343,49490,50214,47622,47505,46546,46475,46942,47174,46624,45798,45221,46538,47641,48370,47455,47269,47613,46227,45536,43535,45108,44345,46749,47498,49948,49466,49193,47535,47651
CumProbs: 0.008816847060435975,0.00867748282492294,0.008600717182193532,0.009134782018521278,0.008588856396192428,0.009282053444701724,0.009505431581055957,0.008864949136996031,0.008148359982762325,0.00878719509543321,0.009938350270096456,0.009753190221968024,0.009778559125359281,0.00907646648734916,0.008844522227771899,0.009492911862499226,0.009158833056801307,0.010198628629565248,0.009575278431951375,0.008836285570826684,0.008421158060787847,0.009508067311278422,0.009585162420285627,0.009859278363422385,0.009011232164343052,0.010110661133390349,0.009659621799070378,0.008651125522698247,0.008628392349529454,0.008556898167244987,0.009215171790306575,0.009690262162906572,0.009603612531842916,0.009793714574138477,0.010149867620449579,0.011486512309519074,0.009945269061930436,0.009438220460382993,0.009464577762607687,0.010272099609516562,0.00913049895690976,0.009445139252216978,0.009485334138109622,0.010452317663477874,0.007658773093938745,0.009758132216135154,0.008543719516132642,0.008813552397657897,0.010601895353602979,0.009687296966406298,0.008455752019957753,0.00908898620590588,0.008637617405308098,0.009848735442532515,0.009297208893480917,0.008773028045487428,0.008575348278802276,0.009010573231787432,0.009104471120962883,0.010039496417383697,0.009698828286129604,0.010256285228181757,0.009350252964208099,0.00956770070756178
