HitRate: 348136/3000000 0.116045
CumReqs: 3000000
CumProbs: 0.0841536458333175
