HitRate: 29710969/30000000 0.990366
CumReqs: 777651,670039,632215,939060,1302519,597445,745523,1463956,986523,830564,701566,722343,718958,716714,764021,694172,891776,1261292,893152,648293,1049911,1109218,644730,977562,746114,737125,1016428,887733,1834005,615079,2808114,616199
CumProbs: 0.025707909511759,0.0221772514327082,0.020886007274687972,0.031116646805650423,0.04324230085138295,0.019702503093231592,0.024680114854461362,0.048625179722765685,0.032690987896711314,0.02753414766178252,0.023202603100526156,0.02386221025912316,0.023752047996382357,0.023706935504274277,0.025304070929347177,0.022957972900087102,0.02951392148940405,0.0418472296406199,0.029599964406889927,0.021396633481832975,0.034800136650068834,0.03677361667429231,0.021275601986253438,0.032408864018800734,0.02468673991066932,0.024350601121373664,0.03372279899432811,0.029400074039148103,0.06090130535759893,0.020299089404660606,0.09343585911462222,0.020357741855391614
