HitRate: 1144189/3000000 0.381396
CumReqs: 92878,93058,92738,92705,91798,91675,93434,93757,93962,93145,93583,93670,94282,94862,99030,100099,97568,94604,92262,93935,94385,94697,93243,93998,93052,91735,91509,89860,90594,93333,94728,95821
CumProbs: 0.0010606969151842225,0.000935105603304684,0.0007682057432207343,0.0007735358784729162,0.0008711439802784994,0.0007472183356652675,0.0005736558065160903,0.0008471583716436807,0.0009970684256113,0.0009684189486308213,0.0007505496701978811,0.0006289559597574788,0.0005933106802585115,0.0006589379705510028,0.0006569391698314346,0.0009434339396362184,0.0007921913518555534,0.0007049103871010727,0.0010676927177027118,0.0008611499766806584,0.0008664801119328404,0.0009341062029449,0.0009594243453927645,0.0010990072623092812,0.0009837430874808446,0.0006142980878139784,0.00063162102738357,0.0006895862482510492,0.0007898594176827239,0.0008644813112132721,0.0007228995935771871,0.0010996735292158038
