HitRate: 2700506/3000000 0.900169
CumReqs: 3000000
CumProbs: 0.8999999999967544
