HitRate: 2268397/3000000 0.756132
CumReqs: 36511,33592,32049,65581,40971,35442,33742,32057,60610,40218,36118,33392,31788,56843,39753,35241,32943,31589,53939,39135,35197,33129,31253,52067,38501,34312,32914,31436,49879,38130,35109,33083,31500,47968,37901,34700,32584,265782,46292,37573,34865,32495,148142,45494,37524,34559,32689,124077,44235,36720,34364,32405,96215,42932,36606,33960,32298,81495,42376,36160,33436,32190,72119,41820
CumProbs: 0.008581104743867906,0.007474391356548878,0.0068463624867856334,0.018148599586922647,0.009993354502406137,0.008055790876168744,0.007462326419798495,0.007023097506210181,0.016491138140917152,0.00982151067355607,0.008095246480136223,0.007424501212689179,0.00680886335904795,0.015171168844550794,0.00952999571531706,0.007961880017138727,0.007232114383426299,0.006774951104398222,0.014134888601504267,0.00932684826679032,0.007836665538432045,0.0072141800179865365,0.006689518309030639,0.013567836574236205,0.009214676962948904,0.007798188172579464,0.00716689850909989,0.0068528840742182705,0.012891221878099787,0.008813925415213166,0.007992857557443769,0.007290482590948429,0.006782450929945756,0.012334930470095587,0.008828272907564978,0.007989270684355818,0.0071114650159224534,0.08481487495834332,0.011854289476310004,0.008755557207691032,0.007668082503298288,0.0069859244578441325,0.04579915206320201,0.011186478923207652,0.008540344822413906,0.007874164666169721,0.007150594540518293,0.037610646882779056,0.011053112460210169,0.008624147220923337,0.007684060392508255,0.007077552761272725,0.028308580648232703,0.010768771248147055,0.00851230199645356,0.007348524719098924,0.006901469900591445,0.023441519947253395,0.010435518130339147,0.008311111024156603,0.007451891879906267,0.007085704745563525,0.02034702671046565,0.010171393839317222
