HitRate: 348552/3000000 0.116184
CumReqs: 3000000
CumProbs: 0.08398697916669105
