HitRate: 2180636/3000000 0.726879
CumReqs: 459873,108541,106124,151316,242175,141245,203591,161728,176561,184772,98345,132629,200405,249939,150336,232420
CumProbs: 0.13664956462403688,0.019398782631645604,0.018805615623800148,0.03401244158680962,0.06230939246303237,0.03005788434669073,0.05031972663256869,0.036538291931005606,0.04148986045820744,0.04363209189347265,0.01648997650541411,0.027105974972264725,0.050801488322003825,0.06645227774141638,0.032812181906317385,0.0617769015661068
