HitRate: 1606516/3000000 0.535505
CumReqs: 3000000
CumProbs: 0.0377881347354515
