HitRate: 2401120/3000000 0.800373
CumReqs: 50091,36904,34285,43320,46464,47262,36895,33685,42131,44402,45803,36537,33368,41124,42677,43813,36083,33388,39387,41877,42615,35651,33194,38977,40151,42100,35036,32942,38172,39872,40868,35636,33304,37815,38987,40246,35087,110753,114975,116215,39621,35083,71681,75753,76743,38941,35060,63930,66746,68418,38629,34720,54325,57143,58655,37891,34264,49261,51727,53286,37202,34009,45891,48929
CumProbs: 0.041023644951890696,0.028184538567676637,0.02500549489937071,0.03473665065295989,0.03704273106274015,0.03830581736554082,0.027718582949875118,0.02481857945446747,0.0330778131070678,0.035344199904142795,0.03669704116701579,0.027350676479875418,0.024587527082003898,0.031587229083687475,0.033676475728540524,0.03481633409936074,0.026938040640334858,0.02446015205615862,0.030581855042480934,0.032490999325208346,0.03371705800421689,0.0267614929300935,0.024079508083574515,0.029676307475018017,0.031767331445813084,0.032567720561706,0.0260695206966642,0.023667168465024174,0.029102231195743206,0.030692937913857535,0.03196313352042638,0.026482748978185627,0.024162746181859436,0.02850208746931882,0.030008371205186853,0.03114882201798758,0.025930296831205464,0.10177471919731237,0.10568927958462714,0.10755576804474624,0.030394050934606637,0.02584291163905577,0.06265696009725527,0.0664260759783142,0.06785652714065576,0.029992967713689214,0.025703391552606685,0.054599452939075185,0.05799947746617306,0.05922849835508485,0.02943755335680574,0.025352962121036913,0.04517932922534065,0.048431243257269586,0.04959509552830718,0.02886199597257929,0.02501527019205179,0.04018859798012834,0.04277016391092278,0.044295702011162785,0.028308655162628232,0.02481857945446749,0.03678531502213654,0.039628147866409044
