HitRate: 2903370/3000000 0.967790
CumReqs: 23256,23489,22900,23441,23774,23355,22800,23850,23511,23659,23454,22763,23771,23409,23214,23735,23625,23525,23585,23822,22962,22584,23094,22732,23533,23205,23350,23577,23549,22708,24026,23820,24146,22904,22684,23757,22762,23265,23205,23624,24503,23028,23012,24424,23912,23159,23480,23513,23374,23978,23343,23603,23204,22337,23885,23489,24231,24250,23731,23605,23738,23298,23718,23273,23252,23308,23653,23543,22844,23390,23303,23507,23379,24089,23380,23544,23173,23658,22970,23376,23551,23595,23825,22681,23612,23685,24069,23493,23237,23491,22818,23493,23494,23109,23402,23916,22774,22941,23006,22931,23623,23638,24189,23710,24467,23701,24491,23046,23251,23496,23447,22336,23044,22909,23281,23777,23376,23608,23606,23457,23570,23349,23104,23330,23469,23162,23901,23657
CumProbs: 0.007120407483392097,0.007112870427456596,0.006951577430436743,0.007073376254354531,0.00717768910850195,0.0070962889043984755,0.0068991195211256144,0.007160203138731572,0.007130657879464387,0.007160504620968993,0.007122819341291458,0.006858419419073876,0.0071858291289122935,0.007054684355634477,0.007090560741887486,0.007164423890055454,0.007178895037451631,0.007179196519689049,0.007134577148550851,0.007289539018584872,0.00695429077057352,0.006850279398663533,0.007032977634540215,0.006931378120529583,0.007091766670837169,0.006994387908150417,0.006968460435732281,0.007170152052566443,0.007017903522669204,0.0069669530245451815,0.0072256247842517754,0.007133371219601173,0.0072135654947549635,0.007016999075956942,0.006849374951951267,0.007217183281604009,0.006893089876377205,0.007044132477324765,0.007158695727544483,0.007107745229420446,0.007403800786567157,0.00697268118705616,0.006979313796279404,0.007371240704925764,0.0072174847638414264,0.0069377092475154094,0.007111061534032069,0.0071134733919314295,0.007132768255126329,0.007182211342063248,0.007046544335224125,0.007118297107730156,0.007091465188599749,0.0067308924326451,0.007266626368540929,0.007123422305766303,0.007422794167524635,0.007326319851550142,0.007184924682200033,0.007140606793299253,0.007131562326176646,0.00706191992933257,0.00723074998228792,0.007002829410798192,0.007040816172713142,0.007114076356406271,0.007199697311833626,0.0071412097577741,0.006948261125825117,0.007063427340519668,0.006954893735048364,0.00713698900645021,0.007116488214305632,0.007312753150866235,0.007042022101662827,0.007146033473572823,0.007035088010202154,0.007140003828824414,0.00685510311446226,0.007189145433523923,0.007128246021565024,0.007061015482620308,0.0071381949353998934,0.006893994323089471,0.007143621615673461,0.007129753432752128,0.007273861942239023,0.007147842366997344,0.007057096213533841,0.0071436216156734594,0.006886155784916537,0.007058000660246098,0.007012476842395638,0.007013381289107895,0.0070558902845841535,0.0072403974138853635,0.0069135906685217855,0.006918414384320515,0.007082119239239728,0.006884949855966861,0.007143621615673456,0.0070781999701532575,0.007314562044290758,0.007188843951286495,0.007436360868208553,0.007110157087319805,0.007449023122180199,0.006957607075185147,0.007051066568785441,0.007073376254354539,0.007152666082796069,0.006770386605747158,0.007067346609606128,0.006982027136416185,0.007139099382112153,0.007216881799366584,0.007080008863577777,0.007150857189371547,0.007147540884759925,0.007143621615673455,0.007135180113025691,0.007093274082024272,0.007062824376044818,0.007143320133436041,0.007076994041203578,0.007020616862805984,0.007284715302786148,0.0071478423669973385
