HitRate: 2721789/3000000 0.907263
CumReqs: 83744,28379,50345,26113,28779,27298,36866,20350,35091,47043,31080,37470,22764,173930,38776,234608,326718,38748,23092,36611,57227,62531,36449,38785,54118,46582,27506,46403,24975,33432,23239,32821,33301,23416,31135,36859,123351,29776,42974,54319,35227,21396,23078,25886,60828,48510,33830,27474,34523,24556,27009,19309,26516,22908,81609,25431,19026,28194,62711,38064,30557,29095,19296,27963
CumProbs: 0.026278076452365132,0.007979310243678272,0.015409435871696102,0.007237177679963896,0.008106421222970589,0.007816347449713764,0.010790418439566072,0.005425357336666473,0.01031424115560176,0.014241644490146416,0.008830953804936805,0.01101889227670431,0.006033860409329953,0.0564936599325008,0.011573291701771567,0.076641402001509,0.10737455531527594,0.011470625141573933,0.00630437864731104,0.010613114919732661,0.017724811248343866,0.01943429095703159,0.01065059636234451,0.011486921420970379,0.01652540508476509,0.014075748365890563,0.007794836360910448,0.014112903882914467,0.006985237200494764,0.009656197393573067,0.006383252639589867,0.0095486419495565,0.00943913095201234,0.006420408156613774,0.008975990691565216,0.010690685209659767,0.039637114450399795,0.008612909586612282,0.012911542165808096,0.016585701318531952,0.010203426455705877,0.005643401554990988,0.006225178729444289,0.0072586887687672115,0.0187840694091132,0.014779421710229314,0.009806775015196285,0.007660229093095763,0.00999059704678825,0.0067896818477373505,0.007637414301940733,0.005143105777519942,0.007533769964979305,0.006069386298414222,0.025721069622594458,0.006987518679610268,0.004891817149226666,0.00792390289373034,0.019461342780829713,0.011090269980460754,0.00874816870560283,0.00823385812785083,0.004889535670111165,0.008007991695416028
