HitRate: 2939646/3000000 0.979882
CumReqs: 187021,187170,186638,187500,187974,187644,187100,187088,187075,188110,187631,188413,188103,187086,188059,187388
CumProbs: 0.06139296087575811,0.061438852328505406,0.061504523084138146,0.06129883568439558,0.06141603672912443,0.061327550374110786,0.06100093162251618,0.06127263678320524,0.06142210932211559,0.06122214751005036,0.061533064271196466,0.0610720677118409,0.06149914450177455,0.061344813888471295,0.06173233207263413,0.061075711267635585
