HitRate: 1219120/30000000 0.040637
CumReqs: 1876801,1875905,1875693,1874096,1873856,1875721,1874903,1877172,1873447,1872876,1875753,1876993,1873922,1875348,1874937,1872577
CumProbs: 0.0048993055555557816,0.004938888888889124,0.00483958333333356,0.004846527777777996,0.0048701388888890956,0.004911805555555793,0.0049166666666668885,0.00489444444444466,0.004854861111111328,0.004883333333333558,0.004931944444444667,0.004891666666666885,0.004879861111111327,0.004861111111111316,0.004864583333333556,0.004935416666666882
