HitRate: 303078/3000000 0.101026
CumReqs: 3000000
CumProbs: 0.10586918862467645
