HitRate: 2707187/3000000 0.902396
CumReqs: 3000000
CumProbs: 0.9554935445127909
