HitRate: 504619/3000000 0.168206
CumReqs: 374784,375937,373657,374507,375638,376108,374660,374709
CumProbs: 0.06292546980128504,0.06334991929129595,0.06322431689119068,0.0635494838474314,0.06242405968945886,0.0623267761328787,0.06168243915196724,0.06335858152578595
