HitRate: 2767154/3000000 0.922385
CumReqs: 3000000
CumProbs: 0.7414972729718387
