HitRate: 366939/30000000 0.012231
CumReqs: 235012,234769,234427,234260,234219,234629,234221,233760,233883,234892,235626,234343,234481,233935,234154,234976,234634,234428,233727,235058,234887,233339,234136,233913,234497,234079,234556,234421,234419,234829,234414,234699,234491,234841,234805,234225,234126,234071,233859,234677,234308,233948,233294,234779,234367,234771,234247,234478,234712,234304,235278,233868,233595,234913,234415,234489,234171,234647,233804,235088,233701,233870,234489,234474,235720,235014,234736,234424,233572,234573,234197,235434,234349,234546,234597,234131,234101,234394,234531,234693,234654,233413,234428,234092,234596,234770,233910,233157,234755,234070,234063,234333,234056,233825,234353,233587,234534,234676,234528,233674,234526,234916,234049,234268,234314,234593,233598,234051,234999,233592,234003,234095,234052,234998,234404,234628,233511,234761,234732,234293,234868,233373,234907,235060,234331,234626,234735,234503
CumProbs: 5.980902777777756e-05,5.989583333333313e-05,6.119791666666645e-05,5.946180555555533e-05,6.041666666666645e-05,6.397569444444423e-05,5.9461805555555345e-05,5.9201388888888666e-05,6.180555555555534e-05,6.241319444444423e-05,6.163194444444422e-05,5.789930555555536e-05,6.223958333333312e-05,5.9027777777777556e-05,6.354166666666643e-05,6.154513888888867e-05,5.7986111111110896e-05,5.807291666666646e-05,6.406249999999978e-05,5.989583333333311e-05,6.137152777777757e-05,5.989583333333312e-05,6.050347222222199e-05,6.406249999999978e-05,6.249999999999978e-05,6.267361111111088e-05,5.815972222222201e-05,5.7118055555555366e-05,6.085069444444423e-05,6.050347222222199e-05,6.137152777777757e-05,6.249999999999978e-05,6.059027777777756e-05,5.8854166666666446e-05,6.0329861111110875e-05,6.102430555555534e-05,6.111111111111089e-05,6.006944444444422e-05,6.362847222222197e-05,5.989583333333311e-05,5.7812499999999786e-05,5.9201388888888666e-05,5.980902777777757e-05,6.276041666666642e-05,6.119791666666645e-05,6.102430555555533e-05,6.145833333333311e-05,5.980902777777757e-05,6.24999999999998e-05,6.605902777777754e-05,6.0937499999999794e-05,6.197916666666644e-05,5.72048611111109e-05,5.642361111111091e-05,5.824652777777757e-05,6.1284722222222e-05,6.293402777777756e-05,6.085069444444422e-05,5.43402777777776e-05,6.024305555555534e-05,6.258680555555533e-05,6.484374999999977e-05,6.180555555555533e-05,5.763888888888869e-05,6.171874999999978e-05,6.102430555555537e-05,6.267361111111088e-05,6.076388888888868e-05,5.980902777777756e-05,5.7986111111110896e-05,6.015624999999977e-05,6.328124999999977e-05,6.180555555555533e-05,6.258680555555533e-05,6.423611111111086e-05,6.076388888888867e-05,6.371527777777754e-05,5.694444444444423e-05,5.842013888888867e-05,6.14583333333331e-05,6.015624999999978e-05,6.111111111111089e-05,5.8680555555555336e-05,6.171874999999978e-05,6.30208333333331e-05,5.9374999999999776e-05,5.833333333333314e-05,5.9895833333333106e-05,6.22395833333331e-05,6.006944444444422e-05,5.772569444444423e-05,6.154513888888867e-05,6.232638888888866e-05,6.0329861111110895e-05,5.989583333333313e-05,6.032986111111089e-05,6.414930555555533e-05,6.11111111111109e-05,5.902777777777757e-05,6.197916666666645e-05,5.9201388888888687e-05,6.0503472222222e-05,5.9288194444444235e-05,5.9027777777777576e-05,5.807291666666646e-05,6.258680555555531e-05,5.989583333333311e-05,5.963541666666647e-05,5.616319444444423e-05,6.223958333333312e-05,5.572916666666645e-05,6.059027777777755e-05,6.432291666666643e-05,6.119791666666646e-05,5.963541666666644e-05,6.119791666666646e-05,6.0329861111110895e-05,5.972222222222199e-05,6.085069444444423e-05,6.597222222222199e-05,6.0156249999999785e-05,6.137152777777757e-05,6.354166666666644e-05,6.059027777777755e-05,5.998263888888867e-05,5.7899305555555354e-05,5.842013888888868e-05,6.249999999999976e-05
