HitRate: 2090969/3000000 0.696990
CumReqs: 3000000
CumProbs: 0.12292805175960003
