HitRate: 39740/3000000 0.013247
CumReqs: 3000000
CumProbs: 0.013315432795573234
