HitRate: 2809480/3000000 0.936493
CumReqs: 23414,23584,23122,23206,23537,23396,23355,23291,23664,23402,23512,23395,23310,23477,23325,23188,23696,23258,23344,23546,23546,23527,23493,23323,23634,23352,23513,23466,23652,23416,23436,23302,23462,23676,23266,23615,23337,23626,23349,23508,23439,23462,23226,23411,23271,23430,23350,23310,23214,23525,23379,23381,23331,23308,22947,23473,23202,23310,23761,23405,23327,23374,23810,23514,23540,23390,23487,23503,23193,23483,23434,23425,23575,23540,23409,23502,23666,23217,23510,23726,23557,23482,23413,23301,23302,23554,23402,23427,23444,23427,23293,23472,23548,23358,23260,23499,23641,23420,23529,23605,23376,23425,23335,23274,23322,23415,23593,23662,23424,23397,23422,23366,23095,23435,23561,23362,23579,23592,23563,23270,23614,23604,23507,23478,23488,23707,23565,23354
CumProbs: 0.006783854166666671,0.006679687500000005,0.00680989583333334,0.006679687500000003,0.0066927083333333404,0.006692708333333334,0.006744791666666676,0.006679687500000009,0.006757812500000008,0.006770833333333339,0.006744791666666674,0.006783854166666672,0.006692708333333337,0.006744791666666669,0.006770833333333335,0.006744791666666673,0.006796875000000003,0.006692708333333339,0.006718750000000003,0.0067838541666666715,0.006718750000000006,0.0066666666666666706,0.006757812500000002,0.006718750000000003,0.0067057291666666715,0.006770833333333334,0.006744791666666675,0.006796875000000005,0.006705729166666669,0.006731770833333334,0.006731770833333334,0.006757812500000007,0.006718750000000006,0.0067838541666666715,0.006783854166666674,0.006809895833333338,0.006796875000000004,0.006796875000000007,0.006705729166666667,0.006757812500000003,0.006705729166666674,0.006888020833333339,0.006770833333333337,0.006757812500000002,0.006770833333333338,0.0067578125000000025,0.006705729166666671,0.006705729166666674,0.006770833333333337,0.006783854166666675,0.006770833333333338,0.006744791666666671,0.006783854166666675,0.006692708333333341,0.006783854166666671,0.006731770833333335,0.006692708333333337,0.006679687500000003,0.006757812500000003,0.006796875000000006,0.006744791666666673,0.006744791666666671,0.006796875000000003,0.006692708333333337,0.00678385416666667,0.006731770833333343,0.0067447916666666715,0.006731770833333339,0.0067838541666666785,0.006744791666666674,0.006757812500000003,0.006809895833333336,0.006692708333333339,0.006718750000000005,0.006809895833333342,0.006718750000000008,0.006692708333333335,0.006796875000000009,0.006718750000000002,0.006744791666666673,0.006809895833333332,0.006744791666666675,0.006705729166666673,0.006744791666666674,0.006809895833333339,0.00684895833333334,0.0067447916666666715,0.006757812500000003,0.006770833333333342,0.006705729166666673,0.0067578125000000095,0.006718750000000005,0.0067968750000000095,0.006705729166666673,0.0067578125000000095,0.006809895833333337,0.006731770833333341,0.006705729166666672,0.006757812500000005,0.006757812500000004,0.006692708333333338,0.0067708333333333405,0.0067838541666666715,0.00674479166666667,0.006744791666666668,0.006744791666666669,0.006666666666666676,0.006666666666666669,0.006744791666666666,0.006796875000000007,0.006796875000000002,0.0067578125000000025,0.006757812500000008,0.006705729166666672,0.006731770833333335,0.0068098958333333405,0.006783854166666672,0.00671875,0.006731770833333334,0.006757812500000005,0.006757812500000006,0.0067317708333333335,0.006718750000000004,0.006770833333333337,0.006731770833333338,0.006679687500000004,0.006757812499999999,0.00670572916666667
