HitRate: 2597224/3000000 0.865741
CumReqs: 340146,360108,398122,397136,400962,388742,366560,348224
CumProbs: 0.24927303078439683,0.285388954578964,0.2833732254192178,0.29713421760317466,0.29421776004002115,0.2859040417797164,0.2758489316170056,0.2653942059677412
