HitRate: 1545732/3000000 0.515244
CumReqs: 3000000
CumProbs: 0.5180558567724488
