HitRate: 2970387/3000000 0.990129
CumReqs: 3000000
CumProbs: 0.9982696693774841
