HitRate: 1511819/3000000 0.503940
CumReqs: 3000000
CumProbs: 0.5446604972272252
