HitRate: 3001608/30000000 0.100054
CumReqs: 30000000
CumProbs: 0.10000000000023909
