HitRate: 977177/3000000 0.325726
CumReqs: 93946,93642,93545,94178,93516,93300,93694,94112,93620,93940,93405,93554,93846,94410,93736,93570,94000,93679,93921,93487,93642,93459,93890,93645,93621,94142,93464,94363,94090,93685,93528,93370
CumProbs: 0.026041666666666723,0.025625000000000047,0.02673611111111117,0.026041666666666716,0.025833333333333392,0.026111111111111158,0.025486111111111168,0.025694444444444502,0.02555555555555561,0.02659722222222228,0.025138888888888936,0.025347222222222267,0.026319444444444506,0.025763888888888947,0.025625000000000054,0.02618055555555561,0.026180555555555606,0.02645833333333339,0.0255555555555556,0.025763888888888947,0.02604166666666672,0.025694444444444502,0.025972222222222275,0.02618055555555561,0.02611111111111117,0.02590277777777783,0.02576388888888894,0.026041666666666713,0.025763888888888937,0.025902777777777834,0.025625000000000054,0.02652777777777783
