HitRate: 2071890/3000000 0.690630
CumReqs: 185364,187422,186324,188059,186372,186358,187949,191681,192698,187616,185239,185552,187604,188589,186759,186414
CumProbs: 0.033243267333713813,0.031083745415214893,0.03392607936184848,0.032886728369193444,0.03148784508115919,0.031614895346501325,0.03268118631688598,0.03265358115452107,0.032813890651628166,0.03212309640786993,0.03203961573613989,0.03264327079267395,0.03234460289142457,0.03398262005584891,0.03332175912067913,0.03265457893147399
