HitRate: 1511635/3000000 0.503878
CumReqs: 3000000
CumProbs: 0.5793542873234527
