HitRate: 1680867/3000000 0.560289
CumReqs: 23319,23469,23457,23875,23624,23655,23485,23397,23710,23401,23460,23280,23385,23400,23407,23672,23423,23327,23480,23506,23536,23511,23364,23478,23340,23512,23134,23509,23289,23239,23401,23583,23617,23633,23244,23377,23385,23472,23252,23575,23351,23240,23635,23308,23441,23320,23375,23598,23512,23681,23295,23560,23353,23549,23672,23754,23412,23118,23340,23526,23362,23375,23417,23665,23748,23719,23565,23422,23406,23376,23568,23555,23501,23206,23614,23420,23531,23340,23293,23238,23433,23279,23089,23231,23495,23403,23529,23443,23501,23467,23422,23500,23291,23118,23329,23531,23289,23450,23486,23550,23441,23266,23313,23552,23518,23359,23188,23409,23381,23305,23421,23444,23527,23389,23692,23293,23285,23290,23505,23121,23582,23338,23541,23688,23448,23202,23330,23792
CumProbs: 0.0034401041666666664,0.0035091145833333302,0.0034414062499999974,0.003369791666666663,0.0034427083333333297,0.0034518229166666573,0.003414062499999996,0.003429687499999998,0.0034414062499999974,0.003477864583333336,0.0034817708333333285,0.003441406250000001,0.003444010416666658,0.0034752604166666677,0.00342317708333333,0.003427083333333328,0.0034713541666666673,0.003470052083333325,0.0034622395833333263,0.0034075520833333284,0.0033815104166666607,0.003488281249999999,0.0034635416666666586,0.0034609374999999953,0.0033658854166666668,0.0034231770833333263,0.0033997395833333323,0.003442708333333329,0.0034622395833333276,0.0034062499999999952,0.0034166666666666607,0.003428385416666666,0.0034140625000000043,0.0034388020833333254,0.0034231770833333267,0.0034205729166666616,0.003462239583333329,0.003440104166666659,0.0034505208333333284,0.0034596354166666642,0.003463541666666669,0.0033997395833333284,0.003471354166666667,0.0034609374999999957,0.003460937499999994,0.0034570312499999966,0.0034010416666666633,0.0034622395833333298,0.003445312499999991,0.0034283854166666642,0.00345182291666666,0.003462239583333332,0.0034049479166666503,0.0034882812500000027,0.003454427083333329,0.0033854166666666655,0.003447916666666662,0.0034192708333333267,0.0033749999999999943,0.003464843749999995,0.003489583333333331,0.003457031249999991,0.003485677083333331,0.0034453124999999957,0.0034570312499999922,0.0034622395833333324,0.003506510416666667,0.00343489583333333,0.0034075520833333306,0.003453124999999993,0.0034388020833333293,0.003460937500000002,0.00350390625,0.0034257812499999952,0.0034088541666666586,0.0034453124999999966,0.0034466145833333293,0.003408854166666662,0.0034270833333333293,0.0034700520833333293,0.003437500000000001,0.003440104166666667,0.003407552083333335,0.003412760416666661,0.0034257812499999996,0.0034218749999999952,0.0034687499999999974,0.0034231770833333276,0.003424479166666657,0.003432291666666657,0.0034401041666666608,0.0034739583333333332,0.0034843749999999996,0.0034700520833333237,0.0034192708333333306,0.0033697916666666616,0.0034231770833333297,0.003427083333333325,0.0034479166666666642,0.00342317708333333,0.003480468749999998,0.0033919270833333336,0.0034309895833333328,0.00342708333333333,0.00342447916666666,0.0034739583333333267,0.0034166666666666638,0.003451822916666665,0.003427083333333325,0.0034010416666666594,0.0034296874999999983,0.0034114583333333284,0.003423177083333333,0.0034270833333333267,0.003492187499999996,0.003438802083333331,0.003419270833333331,0.00340364583333333,0.003485677083333334,0.0034518229166666625,0.003434895833333321,0.0034153645833333362,0.0034531249999999935,0.0034388020833333263,0.003395833333333328,0.0034309895833333263,0.0034973958333333302,0.0034518229166666625
