HitRate: 2465377/3000000 0.821792
CumReqs: 93457,93670,94640,93092,92065,90727,92788,92580,93396,94270,95066,95129,95117,96081,98727,99601,97105,95116,92508,94117,94650,94798,93774,93385,92519,91673,91253,90519,89479,90433,93265,95000
CumProbs: 0.041766344599631654,0.04380105774402036,0.04457104488434986,0.040736449922661976,0.04153623350022282,0.03956701351489684,0.04138194105792681,0.04160526683004549,0.04163299816766651,0.04081639877899499,0.04318211788945632,0.043302483695300965,0.04395977539976637,0.04240859057836643,0.04282692075652266,0.043444975568396486,0.042368173628854915,0.04389929748261402,0.04205132834582274,0.04198022991638996,0.04351164878437898,0.0443356235288007,0.0427803085081808,0.04225046295108034,0.04270478486529795,0.04127898109165289,0.039794764500465624,0.041738613262010636,0.04062611460063759,0.04038921817393854,0.04091257341797868,0.042729861074849
