HitRate: 2410987/3000000 0.803662
CumReqs: 343711,346555,356187,358018,365304,404662,407683,417880
CumProbs: 0.27216160028431063,0.2767081252338527,0.2852776096287413,0.287536858346917,0.2938482497973676,0.33425438868959256,0.33672890026682534,0.34721754695691665
