HitRate: 1617766/3000000 0.539255
CumReqs: 3000000
CumProbs: 0.4618749999997674
