HitRate: 301035/3000000 0.100345
CumReqs: 3000000
CumProbs: 0.10000000000000062
SectionCumProbs: 0_3 0.03333333333333339
SectionCumProbs: 1_3 0.03333333333333339
SectionCumProbs: 2_3 0.03333333333333339
