HitRate: 2809864/3000000 0.936621
CumReqs: 3000000
CumProbs: 0.8640624999995822
SectionCumProbs: 0_3 0.25717447916664316
SectionCumProbs: 1_3 0.2794791666666419
SectionCumProbs: 2_3 0.3274088541666618
