HitRate: 24095715/30000000 0.803191
CumReqs: 3163364,3633283,3351658,3406428,4395366,4355060,4354862,3339979
CumProbs: 0.24255306199686305,0.2903247885334595,0.26219329584279666,0.2665655394524312,0.3652083647037473,0.36213958739794405,0.3621341709237716,0.2609960580870558
SectionCumProbs: 0_3 0.20489789765627728,0.25415255634109574,0.22479608698148448,0.22849832914902365,0.3279854350024585,0.32470223097349415,0.3249923898537823,0.22395938944321167
SectionCumProbs: 1_3 0.024470448553983597,0.022833885501841737,0.02374526472951877,0.02482685255480803,0.02375580223382617,0.024038181087569638,0.0235470217746529,0.023501884489847368
SectionCumProbs: 2_3 0.013184715786602817,0.013338346690522723,0.013651944131793457,0.013240357748599434,0.013467127467462463,0.013399175336882504,0.013594759295334397,0.013534784153996424
