HitRate: 2667385/3000000 0.889128
CumReqs: 186695,189445,183236,191128,184786,183333,195870,195028,186333,182394,185633,189480,187458,187101,186730,185350
CumProbs: 0.030818920961120516,0.03204443027090957,0.032094539099985706,0.03332038025632491,0.030839163600681077,0.03106349186859806,0.033404669280068876,0.032907563147909644,0.030929094015777987,0.032006599764189854,0.03173315820684726,0.03166877997611369,0.03214929378076425,0.03205704043981614,0.032604919094151856,0.03210980404129367
SectionCumProbs: 0_3 0.01034033850339197,0.010330051260336606,0.011066750601720753,0.01172812077621563,0.010606147590080574,0.009739032554478416,0.010522522259436968,0.010675835365616913,0.01099208512793182,0.010306490155274321,0.010896513321481987,0.010976488340073691,0.0117838709966447,0.01109197093953391,0.011437423198264044,0.011331564148758841
SectionCumProbs: 1_3 0.010528827343890258,0.010950272462610018,0.010238793459039015,0.011940502568326378,0.009912256453668748,0.011180905814980276,0.012209961967066887,0.010586236797070188,0.00965938938243689,0.0115844312199907,0.010656256419156704,0.010191007555814103,0.011020623931246708,0.010700723856879894,0.011282119012783061,0.009767239511243125
SectionCumProbs: 2_3 0.0099497551138383,0.010764106547962943,0.010788995039225919,0.009651756911782907,0.010320759556931758,0.010143553499139356,0.010672185053565009,0.011645490985222546,0.010277619505409263,0.010115678388924822,0.010180388466208562,0.010501284080225897,0.009344798852872841,0.010264345643402345,0.009885376883104733,0.011011000381291686
