HitRate: 2797089/3000000 0.932363
CumReqs: 3000000
CumProbs: 0.915059737166233
SectionCumProbs: 0_3 0.6319926281371988
SectionCumProbs: 1_3 0.15293640685888057
SectionCumProbs: 2_3 0.13013070216655925
