HitRate: 1327699/3000000 0.442566
CumReqs: 3000000
CumProbs: 0.014366764640528279
SectionCumProbs: 0_3 0.004785373376212984
SectionCumProbs: 1_3 0.0047411321236732655
SectionCumProbs: 2_3 0.004840259140641957
