HitRate: 400387/30000000 0.013346
CumReqs: 936300,939259,938613,938127,936485,936483,936858,937650,937521,935258,937083,937063,936253,938259,936918,937704,937263,937709,937711,936893,936610,939123,938905,937690,938227,936840,938313,936305,938601,937445,937477,939054
CumProbs: 0.0004163502939565111,0.00041819132986993675,0.00042717500188274755,0.0004218340875835333,0.0004086657606790276,0.0004213219906595317,0.0004267596429376896,0.00039716098543355856,0.00042512998440190423,0.00042717275796614923,0.0004104922067942962,0.00042252620130609294,0.00042620579484207717,0.000410535127667113,0.00041109441845405014,0.00040707710895953973,0.0004193696117780806,0.0004023568980157651,0.00043232210385359815,0.00041306223782544354,0.00042610601867818377,0.0004080399683637966,0.0004216530768644696,0.00041544632542724833,0.0004224058848418039,0.0004139132356001013,0.0004232644433567241,0.0004108062466115321,0.00041273723233067,0.0004120715377963836,0.0004215511978425642,0.00040660369030008544
SectionCumProbs: 0_3 0.00014469981690998034,0.00014355606180366197,0.00014521943768199764,0.00014332113415239472,0.00014536188298338353,0.00014495773277065947,0.00014235922092573677,0.00013299487952960176,0.00014544987532993505,0.0001460269720508121,0.00014569113108642702,0.00014921122642292696,0.00014299858090690215,0.00013082186114667777,0.00013573022254414886,0.00013280151207831987,0.00014060677631532449,0.00013808009367301873,0.00014610571095405843,0.00013035424108021374,0.00014623115978078057,0.00013810301677846733,0.00014010538682313994,0.00014301907780465482,0.00014264279859858367,0.00014197325207980686,0.00014658681622143675,0.00013908671596134968,0.00013714119903762204,0.00014031905586028482,0.00014550487732819257,0.00012799781832251216
SectionCumProbs: 1_3 0.00014099090488922734,0.00013955450529811808,0.00014142219911434861,0.00014120696107169025,0.00012805100175006386,0.0001378525010682739,0.00013940408042097393,0.00013109120709316554,0.0001405588250762833,0.00013787274406057006,0.0001335797561740832,0.0001416278126211115,0.00014086288879622236,0.0001330654348646717,0.00013944758071906312,0.00013585250948839082,0.00014595268191838558,0.00013068889281220406,0.00013953078792431828,0.00014446116097175296,0.0001444091711168602,0.00013904021437055613,0.00013846723005002227,0.00013267908841575523,0.00014212120300634886,0.0001391699296770011,0.00013977354758236052,0.0001392742088650173,0.00014252904027352322,0.00013689780570100448,0.00014042696350918425,0.0001345664327782167
SectionCumProbs: 2_3 0.00013065957215730343,0.00013508076276815657,0.00014053336508640138,0.0001373059923594481,0.00013525287594558027,0.00013851175682059818,0.00014499634159097896,0.00013307489881079132,0.0001391212839956856,0.00014327304185476656,0.00013122131953378612,0.00013168716226205437,0.00014234432513895277,0.00014664783165576335,0.00013591661519083814,0.0001384230873928293,0.00013281015354437082,0.00013358791153054213,0.00014668560497522163,0.0001382468357734771,0.00013546568778054286,0.00013089673721477328,0.00014308045999130751,0.00013974815920683812,0.00013764188323687175,0.00013277005384329358,0.00013690407955292656,0.0001324453217851653,0.00013306699301952473,0.00013485467623509408,0.00013561935700518723,0.00014403943919935657
