HitRate: 2127368/3000000 0.709123
CumReqs: 3000000
CumProbs: 0.3855862940261896
SectionCumProbs: 0_3 0.2559677894713027
SectionCumProbs: 1_3 0.08139385580971721
SectionCumProbs: 2_3 0.048224648745169185
