HitRate: 571876/3000000 0.190625
CumReqs: 187241,187687,188270,187719,187236,187556,187509,187329,187019,186825,187207,187100,188157,187858,188292,186995
CumProbs: 0.025520833333333343,0.025833333333333337,0.02729166666666667,0.025729166666666674,0.02614583333333335,0.02604166666666668,0.026250000000000006,0.027395833333333328,0.02666666666666667,0.02645833333333334,0.026354166666666668,0.026458333333333334,0.02708333333333333,0.027604166666666676,0.026666666666666655,0.026875000000000003
SectionCumProbs: 0_3 0.008958333333333329,0.008854166666666661,0.009375,0.009062499999999998,0.008333333333333328,0.009375000000000003,0.007812499999999992,0.008958333333333334,0.009270833333333332,0.00822916666666666,0.00895833333333333,0.01,0.008749999999999997,0.009583333333333333,0.00802083333333333,0.009375
SectionCumProbs: 1_3 0.0077083333333333275,0.008541666666666663,0.009166666666666665,0.007812499999999993,0.008437499999999994,0.008333333333333328,0.008749999999999999,0.008749999999999997,0.008124999999999993,0.009270833333333332,0.008020833333333328,0.008333333333333328,0.008645833333333333,0.008124999999999997,0.008854166666666665,0.008854166666666663
SectionCumProbs: 2_3 0.008854166666666666,0.008437499999999997,0.008749999999999997,0.008854166666666663,0.009375,0.008333333333333328,0.009687499999999996,0.009687499999999998,0.009270833333333329,0.008958333333333332,0.009375,0.008124999999999995,0.009687499999999996,0.009895833333333333,0.009791666666666662,0.008645833333333328
