HitRate: 350498/30000000 0.011683
CumReqs: 30000000
CumProbs: 0.008334374999999571
SectionCumProbs: 0_3 0.002795833333333377
SectionCumProbs: 1_3 0.002797916666666707
SectionCumProbs: 2_3 0.0027406250000000434
