HitRate: 16810666/30000000 0.560356
CumReqs: 3751578,3749755,3751076,3748604,3749930,3750640,3747536,3750881
CumProbs: 0.054977083333328264,0.05484374999999496,0.055031249999994966,0.05488333333332829,0.05511249999999492,0.05490624999999496,0.054899999999994946,0.05484166666666163
SectionCumProbs: 0_3 0.017637499999999036,0.017535416666665714,0.017572916666665724,0.017610416666665702,0.01750208333333239,0.017531249999999037,0.017652083333332375,0.017733333333332376
SectionCumProbs: 1_3 0.018214583333332326,0.018160416666665655,0.018347916666665635,0.018129166666665676,0.018356249999998978,0.01820833333333232,0.018216666666665653,0.018164583333332308
SectionCumProbs: 2_3 0.019124999999998903,0.01914791666666557,0.019110416666665575,0.019143749999998905,0.01925416666666557,0.019166666666665562,0.019031249999998917,0.018943749999998906
