HitRate: 2964789/3000000 0.988263
CumReqs: 3000000
CumProbs: 0.967837535670515
SectionCumProbs: 0_3 0.42870563183076904
SectionCumProbs: 1_3 0.3051780635270174
SectionCumProbs: 2_3 0.2339538403137241
