HitRate: 3640751/30000000 0.121358
CumReqs: 30000000
CumProbs: 0.07896249999999447
SectionCumProbs: 0_3 0.026069444444445294
SectionCumProbs: 1_3 0.026170833333334222
SectionCumProbs: 2_3 0.026722222222223098
