HitRate: 1883389/3000000 0.627796
CumReqs: 186121,187837,187533,188335,186841,187425,187649,187934,187863,187687,186806,188214,187354,186772,187765,187864
CumProbs: 0.03948631852914893,0.039338507454969425,0.03908138724048379,0.039564237270270995,0.03931170357467964,0.03865942142621343,0.03910544823665062,0.03930635321463732,0.039010256269564496,0.039179610268126004,0.039403923505298345,0.039394878063701864,0.03909565370992815,0.03896993760896027,0.0392569596003922,0.039172939678099164
SectionCumProbs: 0_3 0.013706891571267345,0.013897140097235996,0.013629859927478616,0.01349983246403017,0.013870085364569166,0.013460043284221788,0.01370012550109705,0.01383221186364028,0.013554560814294108,0.013503490221528256,0.01388010730763345,0.013792539864008028,0.013725500651239245,0.013734576472881403,0.01391024691693728,0.013516760225474829
SectionCumProbs: 1_3 0.013361588500231242,0.01330604596474348,0.01319328999125637,0.013259497658775233,0.013112743810184839,0.013029736845414416,0.013126170054366247,0.013168023341277249,0.0130637347205177,0.013173174929020785,0.012966982087085724,0.01309097954547027,0.012909704416989819,0.01305781581962082,0.01317782134000495,0.013124875864420918
SectionCumProbs: 2_3 0.012417838457650352,0.012135321392989909,0.012258237321748782,0.012804907147465707,0.012328874399925633,0.01216964129657726,0.012279152681187339,0.012306118009719785,0.01239196073475272,0.012502945117576896,0.01255683411057917,0.012511358654223566,0.012460448641699087,0.012177545316458045,0.012168891343449983,0.012531303588203428
