HitRate: 2753568/3000000 0.917856
CumReqs: 3000000
CumProbs: 0.924033355384366
SectionCumProbs: 0_3 0.7958375647331187
SectionCumProbs: 1_3 0.07951809602555798
SectionCumProbs: 2_3 0.04867769462566236
