HitRate: 1790731/3000000 0.596910
CumReqs: 93114,92978,94546,92875,94626,93675,93444,93717,94702,94028,94059,94810,94429,93928,93573,92963,92830,94515,93133,93262,93781,94932,93579,93002,94615,92058,93281,93560,93581,93877,94444,94083
CumProbs: 0.0032429427695545234,0.0033508092467379475,0.003456028693806445,0.0032975377656749667,0.003374963396536691,0.0032912510691520086,0.003386544153289515,0.0034431244219961586,0.003285295251393414,0.0034967267818235056,0.0034418009069386917,0.003417646757139953,0.0033686767000137316,0.003428896635128404,0.0034282348775996744,0.0033326109146978016,0.0032856261301577798,0.0033779413054159887,0.0033815809718240153,0.003416654120846853,0.003254854405071709,0.0033488239741517505,0.0034083821517376916,0.003344191671450619,0.0036045932590069345,0.0032515456174280442,0.0034523890273984136,0.003447094967168553,0.003471249116967297,0.0034179776359043166,0.00355959374705311,0.0032935672205025718
SectionCumProbs: 0_3 0.001086274983414702,0.001046900410455107,0.0011107600119778108,0.0010839588320641375,0.001136568555598386,0.0011643623718051587,0.0011501345849374062,0.0012272293370347636,0.00117693576485108,0.0011818989463165753,0.0011805754312591093,0.0011580756752821982,0.0011524507362879704,0.0012368248212013878,0.0011455022822362772,0.0011514580999948717,0.0011253186776099297,0.0011838842189027734,0.001100833649046821,0.0011570830389890986,0.001077341256776811,0.0010978557401675236,0.0010895837710583655,0.0011127452845640096,0.0012573393045921014,0.0012278910945634966,0.0010978557401675234,0.0011246569200811978,0.001123995162552465,0.001135575919305286,0.0011584065540465641,0.001202082550942922
SectionCumProbs: 1_3 0.0011484801911155744,0.0012262367007416645,0.0012020825509429223,0.0011279657077248612,0.0011081129818628806,0.0010273785633574926,0.0011319362528972574,0.0011471566760581087,0.0010237388969494628,0.0011425243733569803,0.0011471566760581089,0.0011124144057996434,0.001115723193443306,0.0011663476443913572,0.0011504654637017721,0.001104142436690484,0.0011147305571502072,0.0011057968305123156,0.001120355496144435,0.0010832970745354043,0.001129950980311059,0.0010627825911446918,0.0011577447965178318,0.0012000972783567235,0.001160060947868396,0.0010220845031276306,0.0012047295810578532,0.0011130761633283755,0.0011289583440179604,0.00108098092318484,0.0012077074899371491,0.0010200992305414336
SectionCumProbs: 2_3 0.001008187595024245,0.0010776721355411772,0.001143186130885713,0.001085613225885969,0.0011302818590754255,0.0010995101339893554,0.0011044733154548503,0.0010687384089032856,0.0010846205895928703,0.0011723034621499515,0.0011140687996214745,0.0011471566760581085,0.0011005027702824547,0.0010257241695356611,0.0011322671316616232,0.0010770103780124443,0.001045576895397642,0.0010882602560009,0.0011603918266327627,0.0011762740073223473,0.0010475621679838403,0.001188185642839535,0.0011610535841614952,0.001031349108529889,0.0011871930065464362,0.0010015700197369183,0.0011498037061730398,0.0012093618837589813,0.0012182956103968725,0.001201420793414189,0.0011934797030693964,0.001071385439018216
