HitRate: 2190905/3000000 0.730302
CumReqs: 3000000
CumProbs: 0.16789925382889384
SectionCumProbs: 0_3 0.06768258721187088
SectionCumProbs: 1_3 0.05159458621375504
SectionCumProbs: 2_3 0.04862208040327064
