HitRate: 2540096/3000000 0.846699
CumReqs: 92816,90086,89267,89706,92060,94918,96715,97019,97816,96548,98264,95701,94261,92276,91557,91589,91988,93792,93428,94254,93974,95285,92914,93940,93213,94488,93912,93963,95152,93138,94444,91516
CumProbs: 0.0700716335812514,0.06980327284380437,0.06795905046587956,0.06804363644780574,0.07038380269370113,0.07139056874568217,0.07258207388848317,0.07166871059830258,0.0726213361113644,0.07235145998987638,0.07301382057798964,0.07138354287421955,0.07191833567851601,0.07062226903688391,0.07157902741551171,0.07001487556080514,0.06987422036936135,0.07013651957064364,0.07191406505076335,0.07293116326666052,0.07268966615539561,0.07160974838288925,0.06990149728209982,0.07071112564656311,0.07052252921454828,0.07091115633997691,0.07099560455971803,0.06991610007376767,0.07039689010132881,0.07085660251450078,0.07126768487617464,0.07067778719766092
SectionCumProbs: 0_3 0.030250233989071774,0.029916298451304824,0.029851825748468543,0.02943137555817762,0.029774678924561798,0.03008808789668248,0.029799889404517103,0.029834467713089553,0.03080100720689066,0.03081009951113687,0.031891257143313506,0.030964944207692205,0.0303740821938789,0.029225558852969617,0.029899491464667957,0.03033454444662689,0.02979575653895064,0.030256984336163528,0.030207940998108713,0.030669306557507263,0.029903211043677675,0.029363045514146167,0.028911736594292484,0.029770270534624426,0.0296858223148838,0.03074796876545498,0.03081092608425012,0.029817109677710344,0.02996010682630886,0.029014507184710946,0.029455483940648383,0.029867530637620952
SectionCumProbs: 1_3 0.020883094182771574,0.020808013791648098,0.01960039047313895,0.019455051367386296,0.020568445350981127,0.022162216075579843,0.022576880254077815,0.022951731160952542,0.021794115515796957,0.02189592177091647,0.02147960444619202,0.02124224020049372,0.02179742180825011,0.02241969360036814,0.02185059801187146,0.02043770903689648,0.020429167781392574,0.02045065868233796,0.021509912127012483,0.021251608029110986,0.022351639080707565,0.02222338248596285,0.02137931357511349,0.021007355674135326,0.020447076865513687,0.020923871789693526,0.020867664817990163,0.021279987039333818,0.021489798847922657,0.02277029836258636,0.02185721059677762,0.021045929086088627
SectionCumProbs: 2_3 0.018938305409398035,0.019078960600841917,0.01850683424426333,0.01915720952223288,0.020040678418148862,0.019140264773410545,0.020205304229878183,0.018882511724251212,0.020026213388666406,0.01964543870781309,0.01964295898847316,0.019176358466023988,0.0197468316763761,0.018977016583536743,0.019828937938962458,0.019242622077272346,0.019649296049008565,0.019428876552132494,0.020196211925631972,0.021010248680031995,0.020434816031000315,0.02002332038276989,0.01961044711268403,0.019933499437792965,0.020389630034140724,0.019239315784819144,0.019317013657468032,0.018819003356713708,0.01894698442708739,0.019071796967193428,0.019954990338738366,0.019764327473940614
