HitRate: 24388083/30000000 0.812936
CumReqs: 2293455,1841673,1757250,1843941,1772714,1791020,1820094,1953773,1912194,1898781,1494300,1438047,1712788,1671206,2485848,2312916
CumProbs: 0.19475708380047096,0.14946001507523538,0.14106559212404077,0.1494811663873306,0.14248331129183772,0.1442346399333039,0.14702112347632457,0.16077315763514505,0.15642470620504684,0.15479679789156175,0.11452641114288595,0.10901360420101873,0.1367001550601094,0.1324765125174112,0.21407691831260317,0.19631737249940867
SectionCumProbs: 0_3 0.1775352334036017,0.1319685581063364,0.12306527656583824,0.13195748192305604,0.1245750604523871,0.1265386449326332,0.12881013439123987,0.14326720152253555,0.1379377490082641,0.13736892402726555,0.09617517755638468,0.09072524329337088,0.11859107977803439,0.11496048127598638,0.19635395942552178,0.17890170504117775
SectionCumProbs: 1_3 0.010972880917854524,0.011172639721854062,0.011502955403411046,0.011184878419997624,0.011656019860403839,0.01120054007857176,0.011769849440762514,0.011275489995171015,0.01172809578192464,0.01101867108663426,0.01193024419980968,0.011741755331567632,0.011627150741300161,0.01116663339506071,0.011293315223074004,0.010958672402859389
SectionCumProbs: 2_3 0.006248969479011854,0.006318817247044642,0.006497360154790123,0.006338806044276411,0.006252230979044774,0.006495454922097581,0.006441139644320775,0.006230466117438644,0.006758861414859336,0.0064092027776612905,0.006420989386691345,0.006546605576080031,0.006481924540772684,0.0063493978463636655,0.006429643664006552,0.0064569950553721766
