HitRate: 10592201/30000000 0.353073
CumReqs: 1876475,1876993,1874927,1877080,1872599,1874400,1873624,1875934,1876439,1872016,1876264,1875663,1876161,1874403,1874498,1872524
CumProbs: 0.04621111111110696,0.0464069444444406,0.04635763888888478,0.046120833333329544,0.046390277777774,0.04638263888888473,0.046043055555551535,0.046179166666662615,0.046449305555551594,0.04623958333332929,0.046353472222218334,0.04621111111110717,0.046579861111107235,0.046228472222218056,0.04636874999999625,0.04615347222221854
SectionCumProbs: 0_3 0.014781250000000438,0.014831250000000434,0.01482083333333379,0.014787500000000398,0.014790277777778213,0.014791666666667171,0.014754861111111524,0.014819444444444843,0.014875694444444872,0.014790277777778211,0.014884027777778246,0.01477569444444483,0.014780555555555998,0.01473125000000041,0.014800694444444899,0.014765277777778219
SectionCumProbs: 1_3 0.015376388888889432,0.015459027777778392,0.01545763888888944,0.015263888888889389,0.015386111111111683,0.015457638888889418,0.015304166666667151,0.015340972222222757,0.015304166666667143,0.015366666666667167,0.015315972222222755,0.015400000000000545,0.015618055555556124,0.015394444444444978,0.015437500000000532,0.015325694444444902
SectionCumProbs: 2_3 0.016053472222222812,0.016116666666667216,0.016079166666667255,0.016069444444445014,0.016213888888889454,0.016133333333333964,0.01598402777777831,0.016018750000000484,0.01626944444444504,0.016082638888889472,0.016153472222222805,0.01603541666666725,0.016181250000000622,0.01610277777777838,0.016130555555556165,0.01606250000000053
