HitRate: 35295/3000000 0.011765
CumReqs: 374158,374731,374742,376348,374828,374479,375528,375186
CumProbs: 0.0010208333333333332,0.0011666666666666668,0.0010416666666666667,0.0009583333333333332,0.0008541666666666663,0.0011250000000000001,0.0011041666666666667,0.0009791666666666664
SectionCumProbs: 0_3 0.00035416666666666664,0.0003541666666666667,0.0003958333333333334,0.0003333333333333334,0.00025000000000000006,0.0004166666666666667,0.000375,0.00031250000000000006
SectionCumProbs: 1_3 0.0003333333333333334,0.0003958333333333334,0.00029166666666666675,0.0003125,0.00029166666666666675,0.00037499999999999995,0.0003125,0.00031250000000000006
SectionCumProbs: 2_3 0.0003333333333333334,0.0004166666666666667,0.00035416666666666675,0.00031250000000000006,0.00031250000000000006,0.0003333333333333334,0.00041666666666666675,0.0003541666666666667
