HitRate: 299730/3000000 0.099910
CumReqs: 93645,94030,93451,94048,93658,93463,93729,93816,93212,94013,93316,94005,94388,93525,93750,93005,93892,93887,93747,94054,93520,94009,94182,93863,93404,93469,93597,93931,93833,93631,93953,93974
CumProbs: 0.003125000000000013,0.003125000000000013,0.003125000000000013,0.003125000000000013,0.003125000000000013,0.003125000000000013,0.003125000000000013,0.003125000000000013,0.003125000000000013,0.003125000000000013,0.003125000000000013,0.003125000000000013,0.003125000000000013,0.003125000000000013,0.003125000000000013,0.003125000000000013,0.003125000000000013,0.003125000000000013,0.003125000000000013,0.003125000000000013,0.003125000000000013,0.003125000000000013,0.003125000000000013,0.003125000000000013,0.003125000000000013,0.003125000000000013,0.003125000000000013,0.003125000000000013,0.003125000000000013,0.003125000000000013,0.003125000000000013,0.003125000000000013
SectionCumProbs: 0_3 0.0010416666666666682,0.0010416666666666682,0.0010416666666666682,0.0010416666666666682,0.0010416666666666682,0.0010416666666666682,0.0010416666666666682,0.0010416666666666682,0.0010416666666666682,0.0010416666666666682,0.0010416666666666682,0.0010416666666666682,0.0010416666666666682,0.0010416666666666682,0.0010416666666666682,0.0010416666666666682,0.0010416666666666682,0.0010416666666666682,0.0010416666666666682,0.0010416666666666682,0.0010416666666666682,0.0010416666666666682,0.0010416666666666682,0.0010416666666666682,0.0010416666666666682,0.0010416666666666682,0.0010416666666666682,0.0010416666666666682,0.0010416666666666682,0.0010416666666666682,0.0010416666666666682,0.0010416666666666682
SectionCumProbs: 1_3 0.0010416666666666682,0.0010416666666666682,0.0010416666666666682,0.0010416666666666682,0.0010416666666666682,0.0010416666666666682,0.0010416666666666682,0.0010416666666666682,0.0010416666666666682,0.0010416666666666682,0.0010416666666666682,0.0010416666666666682,0.0010416666666666682,0.0010416666666666682,0.0010416666666666682,0.0010416666666666682,0.0010416666666666682,0.0010416666666666682,0.0010416666666666682,0.0010416666666666682,0.0010416666666666682,0.0010416666666666682,0.0010416666666666682,0.0010416666666666682,0.0010416666666666682,0.0010416666666666682,0.0010416666666666682,0.0010416666666666682,0.0010416666666666682,0.0010416666666666682,0.0010416666666666682,0.0010416666666666682
SectionCumProbs: 2_3 0.0010416666666666682,0.0010416666666666682,0.0010416666666666682,0.0010416666666666682,0.0010416666666666682,0.0010416666666666682,0.0010416666666666682,0.0010416666666666682,0.0010416666666666682,0.0010416666666666682,0.0010416666666666682,0.0010416666666666682,0.0010416666666666682,0.0010416666666666682,0.0010416666666666682,0.0010416666666666682,0.0010416666666666682,0.0010416666666666682,0.0010416666666666682,0.0010416666666666682,0.0010416666666666682,0.0010416666666666682,0.0010416666666666682,0.0010416666666666682,0.0010416666666666682,0.0010416666666666682,0.0010416666666666682,0.0010416666666666682,0.0010416666666666682,0.0010416666666666682,0.0010416666666666682,0.0010416666666666682
