HitRate: 5985688/30000000 0.199523
CumReqs: 3748628,3751261,3748352,3748990,3752838,3751221,3749896,3748814
CumProbs: 0.05065277777777811,0.05018750000000057,0.050020833333333514,0.05040555555555582,0.04995277777777797,0.04989166666666707,0.05046666666666682,0.04996111111111132
SectionCumProbs: 0_3 0.01648194444444541,0.01643472222222316,0.01636666666666768,0.016298611111112145,0.016348611111112018,0.01637500000000097,0.016504166666667583,0.016286111111112084
SectionCumProbs: 1_3 0.016779166666667553,0.01689583333333422,0.016676388888889875,0.016883333333334274,0.016645833333334248,0.016405555555556547,0.016862500000000846,0.016526388888889822
SectionCumProbs: 2_3 0.01739166666666757,0.01685694444444534,0.016977777777778685,0.017223611111112053,0.01695833333333421,0.017111111111112045,0.0171000000000009,0.017148611111111937
