HitRate: 2567167/3000000 0.855722
CumReqs: 178085,199005,209243,105696,117622,147665,130689,102151,68834,85498,85287,87320,80030,93974,101267,95201,76903,62935,63285,66562,74923,68061,78434,75263,88633,74639,71204,55280,57543,67838,67573,63357
CumProbs: 0.16480989005195776,0.18567043703907737,0.19600508443798967,0.09244568496400483,0.1044728995940647,0.13402707404652126,0.11793113749655804,0.08965510171804755,0.05606705834802628,0.07233550261543979,0.07275549593772146,0.07415518079628851,0.06658036399421287,0.08076231423935494,0.08840712992847813,0.0819877340862363,0.06363777479688616,0.05010309459514887,0.050234305898065386,0.053577265298710756,0.061907132857302025,0.05538786412600984,0.06572251152492149,0.061966880861308575,0.07540373835060366,0.06185529267735515,0.058691870171102015,0.041925525870300136,0.04411950772330824,0.05425558087360971,0.054448590357140836,0.05018246571811828
SectionCumProbs: 0_3 0.1536862175413114,0.1749234112595706,0.18490044928156021,0.08133284910114381,0.09408904795655945,0.12325632479483577,0.10634646813146871,0.07890836882091383,0.04555550999607537,0.061197771750909374,0.06195135809556169,0.06283264115465952,0.05574869520903022,0.0693495668269709,0.07755027325925355,0.07086201139898186,0.05277974659817133,0.039429582291160274,0.039148415213482085,0.0428185242243011,0.050905299413649484,0.04381637446768629,0.055440582953074365,0.05086722470521397,0.06377747968860739,0.0509676833590095,0.04762823854683485,0.031782716425429285,0.03397874845504548,0.042912539465899756,0.04413356607719214,0.039640457599418914
SectionCumProbs: 1_3 0.007168296068932823,0.006962399761007996,0.00719758430619097,0.007044113942958253,0.0065303982614502544,0.006758260747318682,0.007706320987365076,0.006911731110551402,0.0068019002208333295,0.0072705120169637705,0.006748302746650905,0.007291892430162227,0.006779934042889716,0.007227165425821707,0.006980265585735497,0.0073015575484574125,0.006959178054909617,0.0068183016336978855,0.007096832770022919,0.006659559387758707,0.0069931524101290625,0.007453563499827228,0.006445755255774199,0.006941019347809555,0.007399380260899637,0.0068440752824850655,0.0073255739030091,0.006389228957865964,0.006477386552013001,0.0072546963688443706,0.006484708611327532,0.006637593209815107
SectionCumProbs: 2_3 0.003955376441713451,0.0037846260184984178,0.003907050850237496,0.004068721919902504,0.0038534533760550753,0.00401248850436685,0.0038783483777245016,0.003835001786582443,0.0037096481311175455,0.003867218847566408,0.004055835095508919,0.0040306472114669005,0.004051734742292778,0.00418558198656254,0.0038765910834890217,0.0038241651387969284,0.003898850143805209,0.003855210670290566,0.003989057914560323,0.00409918168665098,0.004008681033523283,0.004117926158496197,0.0038361733160727626,0.00415863680828504,0.004226878401096528,0.004043534035860492,0.0037380577212579548,0.003753580487004777,0.0036633727162496657,0.004088345038865469,0.0038303156686211324,0.0039044149088842584
