HitRate: 2458071/3000000 0.819357
CumReqs: 186651,187527,186824,186158,188531,186429,188149,188270,187598,189422,187099,184633,188366,187637,187843,188863
CumProbs: 0.03231014527293078,0.03230205008911174,0.03222951724209387,0.03230366912587558,0.03249665830811949,0.03226578366560284,0.032641400194802474,0.03233831651262068,0.03217835568035809,0.032462658536079894,0.031879157686409365,0.03154628372777385,0.03227711692294938,0.03238235431259583,0.03234220220085382,0.03257955299042561
SectionCumProbs: 0_3 0.010869565217391294,0.01082649883947444,0.010744899386579356,0.010821317921830316,0.010798651407137233,0.010777280121855177,0.011090725639325233,0.010706366311601111,0.010853374849753376,0.01090712687031127,0.01045865368674099,0.010747166038048659,0.010744251771873837,0.010882841318854397,0.01096541219380777,0.011055754445227337
SectionCumProbs: 1_3 0.010659090438098399,0.010782461039499324,0.011002326232022222,0.010698271127782146,0.011013335682016007,0.010881546089443372,0.010993583433497753,0.011090725639325245,0.010697623513076638,0.010841393977701331,0.010694385439549056,0.010392920794131061,0.01070248062336801,0.010757527873336933,0.010761413561570026,0.010710575807186977
SectionCumProbs: 2_3 0.010781489617441043,0.010693090210138012,0.010482291623492354,0.010784080076263108,0.010684671218966293,0.010606957454304308,0.01055709112197951,0.010541224561694361,0.01062735731752807,0.010714137688067317,0.01072611856011937,0.010406196895594142,0.010830384527707545,0.010741985120404522,0.010615376445476013,0.01081322273801137
