HitRate: 597163/3000000 0.199054
CumReqs: 188900,187966,186788,186745,187359,187164,187754,186952,187837,188956,187597,187025,187104,186568,187753,187532
CumProbs: 0.0006884833006142695,0.0007014798392028256,0.0007234739814296125,0.0006208346510379402,0.0005985072642319596,0.00072680642722155,0.0007258066934839687,0.0006601575113828016,0.0006015064654447033,0.000639163102893596,0.00063683039083924,0.000702479572940407,0.0006424955486855335,0.0005871769485393723,0.0006608240005411893,0.0006774862295008762
SectionCumProbs: 0_3 0.0002196081776886756,0.0002695948645677368,0.000271927576622093,0.00021427626442157573,0.00019194887761559505,0.0002496001898161123,0.00021994142226786933,0.0002269395584309379,0.00018328451855655778,0.0002259398246933567,0.00020794461741689463,0.00020461217162495726,0.00021760871021351316,0.0002366036512275564,0.00021460950900076942,0.00021061057405044457
SectionCumProbs: 1_3 0.00023060524880206905,0.00022593982469335666,0.000233271205435619,0.00020061323667463232,0.00017628638239348921,0.00023593716206916893,0.00026526268503821815,0.0002132765306839945,0.00022227413432222552,0.00019428158966995125,0.0002392696078611063,0.00022494009095577546,0.00022494009095577546,0.0001859504751901077,0.00019561456798672622,0.0002502666789744998
SectionCumProbs: 2_3 0.0002382698741235251,0.00020594514994173217,0.00021827519937190061,0.00020594514994173215,0.00023027200422287528,0.00024126907533626878,0.00024060258617788127,0.00021994142226786935,0.00019594781256591993,0.00021894168853028807,0.00018961616556123885,0.0002729273103596742,0.00019994674751624484,0.00016462282212170826,0.00025059992355369354,0.00021660897647593193
