HitRate: 349562/30000000 0.011652
CumReqs: 30000000
CumProbs: 0.008321875000000556
SectionCumProbs: 0_3 0.002762890624999757
SectionCumProbs: 1_3 0.0027805989583330882
SectionCumProbs: 2_3 0.002778385416666422
