HitRate: 1676725/3000000 0.558908
CumReqs: 94132,93108,92910,92795,93164,94045,94245,93734,94165,93910,93196,93826,92758,93471,93964,94792,93910,93411,93662,94005,94018,94074,93396,93054,93577,93300,93536,93895,94668,94325,94972,93982
CumProbs: 0.04763645989382991,0.04731682027816809,0.047381701730633906,0.04734418242425622,0.04729215288889218,0.047415904413243636,0.04761469455035093,0.0474598496781725,0.04774632305615166,0.047725179579629066,0.047588576138175694,0.047773685202239326,0.047483066044549764,0.04744347384831691,0.0477168880202087,0.04778342778455851,0.04760412281208951,0.04756017754716084,0.047715022419338816,0.047765393642819017,0.047931639409199804,0.04764993367788791,0.0473501938048358,0.04736843523556131,0.047490113870057526,0.047351022960778054,0.04785742995238701,0.04769864658948387,0.04785141857180688,0.0479107032216636,0.04802388300775358,0.047527633176435366
SectionCumProbs: 0_3 0.016558036873807986,0.01649170439844387,0.016540831888010393,0.016454392381051446,0.016521968590328714,0.016600945693809217,0.0168463758526568,0.016615248633809546,0.016688421645695794,0.016796626496133685,0.016861922526570337,0.016789371381640696,0.01668800706772476,0.016662717811492117,0.016686556044826162,0.016748742740480237,0.016547257846561216,0.016457709004819628,0.01657358354772142,0.01677672675352443,0.01662457663815771,0.016753510387146942,0.016581253240185393,0.016771959106857585,0.016808441968307917,0.01673609811236385,0.016943179808891474,0.016769264350045898,0.016923487355267736,0.01685404554512086,0.016761180079610992,0.016564255543373447
SectionCumProbs: 1_3 0.01594736352248612,0.016032766584517487,0.01595461863697908,0.015923939867123066,0.015736965202190152,0.015732819422479928,0.015849315832338416,0.01591585559668814,0.01601618346567651,0.01612231542625925,0.016024267736111455,0.01610718333031676,0.015988821319588748,0.01588973718451348,0.015972445489733186,0.01594135214190625,0.016120035247418552,0.016239226414088603,0.016231142143653662,0.01607712642741736,0.016164395090318435,0.015771789751756457,0.015758937834654606,0.015859265703642968,0.015779459444220368,0.015884554959875615,0.015935548050311877,0.015915233729731523,0.015866935396106882,0.0160217802682853,0.016040436276981557,0.016020329245386745
SectionCumProbs: 2_3 0.015131059497535132,0.014792349295206562,0.014886251205644073,0.014965850176081052,0.01503321909637285,0.015082139296953935,0.014919002865355116,0.014928745447674203,0.015041717944778885,0.014806237657235946,0.01470238587549382,0.014877130490281453,0.014806237657235904,0.014891018852310747,0.015057886485648972,0.01509333290217172,0.014936829718109229,0.014863242128252066,0.014910296727963531,0.014911540461876633,0.015142667680723821,0.015124633538984258,0.015010002729995416,0.014737210425059988,0.014902212457528553,0.014730369888538056,0.014978702093182866,0.015014148509705654,0.015060995820431636,0.015034877408257024,0.015222266651160929,0.014943048387674625
