HitRate: 2721214/3000000 0.907071
CumReqs: 3000000
CumProbs: 0.7324970606950031
SectionCumProbs: 0_3 0.4689883684697035
SectionCumProbs: 1_3 0.1500187879851165
SectionCumProbs: 2_3 0.1134899042401928
