HitRate: 2706040/3000000 0.902013
CumReqs: 186813,186765,186660,186728,188899,187300,188346,187274,188332,188479,187050,187645,186909,187834,187870,187096
CumProbs: 0.05640443655563748,0.056499410264604664,0.05631748427479257,0.056457057124119275,0.05698230023756279,0.05659662997344607,0.05679844910500138,0.05662422368618661,0.056874492243600076,0.056846577673734744,0.05636625455777567,0.05661010597269129,0.056409570269635716,0.056744865965144914,0.05663352854280827,0.056427859125754355
SectionCumProbs: 0_3 0.01925784463584648,0.019236026351353984,0.019023298077552504,0.019177630354624168,0.01931527806120165,0.01910800435852328,0.019210999495612634,0.019300839490581624,0.019423406912289286,0.01931206948995277,0.019134956357013923,0.019175384354749955,0.019032602934174286,0.019230571780230896,0.019155170355881965,0.019071105789160967
SectionCumProbs: 1_3 0.018683510382294925,0.0187958103760061,0.018840409516365727,0.018821478945997228,0.018982228365566713,0.01892768265433556,0.019099020359026365,0.018934741511083125,0.018845864087488822,0.01897709465156848,0.01882404580299633,0.018966185509322244,0.01894532979620444,0.01899762950756137,0.018933778939708407,0.018942442082080457
SectionCumProbs: 2_3 0.018463081537496068,0.018467573537244538,0.01845377668087428,0.01845794782349785,0.01868479381079443,0.01856094296058726,0.018488429250362294,0.018388642684521797,0.01860522124382194,0.018557413532213463,0.018407252397765365,0.018468536108619184,0.01843163753925695,0.018516664677352558,0.01854457924721787,0.018414311254512917
