HitRate: 1883399/3000000 0.627800
CumReqs: 92903,93981,94103,93801,93818,93638,93572,93841,93745,93942,94086,93696,93896,93194,94091,93594,93606,93386,93814,93441,93274,93627,93868,93609,93971,93979,93936,93917,93757,94422,93364,94128
CumProbs: 0.019403263218466433,0.019768390263028107,0.01949657236850744,0.019550414218924034,0.019749483518798582,0.019897406630544248,0.019572029645867867,0.019736380629655624,0.019768776318672174,0.01971192023953418,0.019685517635801838,0.019860718757951003,0.019638528652828852,0.019703486475313416,0.019462038074447772,0.019571300067972853,0.019667670971291733,0.019566296752105302,0.019684541971847103,0.01983483805631188,0.01949177759647011,0.0195535543117677,0.019606118424336093,0.01942212482521769,0.01955020437305126,0.019579259237649888,0.01966607227993179,0.01930021348740397,0.01947541526057444,0.019758240189595145,0.019714297769402547,0.01953477147859641
SectionCumProbs: 0_3 0.006722577027384,0.006929477896756381,0.006870399013817621,0.00685571284081928,0.006969516142080299,0.006980726078225694,0.006778337654643963,0.006915387625274867,0.006767783296969933,0.00679458606180827,0.006941661760799652,0.0070368766672576095,0.006976315625775515,0.00686461685944176,0.006883282291767944,0.006652594188321242,0.0066930727410660215,0.006589467688815829,0.006945753429809106,0.006955553687785026,0.00671200400709874,0.006845697311792842,0.006845197761431675,0.006683190671410619,0.006606048116854415,0.0067296499400345015,0.007044713444926048,0.006782189964813986,0.0067335671353296375,0.006895510425261122,0.006881208571849926,0.006811490047443937
SectionCumProbs: 1_3 0.006461860565455017,0.006813533386366931,0.006575976356950658,0.006579950191100808,0.006512409767031504,0.006661366266622455,0.0066419996843323495,0.006605435288783202,0.0065970486151046845,0.006629993115095802,0.006513095509490785,0.006565665698258198,0.006466119329937149,0.006673087471512806,0.0064641755972764435,0.006668370388019908,0.006699543676000675,0.006705229262213766,0.006372671946368713,0.006567647624169811,0.006564764901755503,0.006530105611601949,0.006650940377155982,0.006587105349445005,0.006731820011108203,0.006607357103726066,0.006606728651143131,0.006304771941522494,0.0066687911648011045,0.006565950411583073,0.006596057109631111,0.006650398727415981
SectionCumProbs: 2_3 0.006218825625627411,0.006025378979904837,0.006050196997739185,0.00611475118700398,0.00626755760968677,0.00625531428569608,0.00615169230689152,0.0062155577155975205,0.006403944406597549,0.006287341062630131,0.006230760365511417,0.0062581763924351805,0.006196093697116217,0.006165782144358813,0.006114580185403371,0.006250335491631692,0.006275054554225078,0.006271599801075749,0.006366116595669299,0.006311636744357029,0.006215008687615875,0.0061777513883728985,0.006109980285748443,0.006151828804362053,0.006212336245088626,0.006242252193889285,0.006014630183862607,0.006213251581067515,0.006073056960443714,0.006296779352750956,0.0062370320879215095,0.006072882703736502
