HitRate: 908319/3000000 0.302773
CumReqs: 374432,374844,375385,375373,375002,374685,374979,375300
CumProbs: 0.11394648476859177,0.11441707036014648,0.11396003393239358,0.114175168216173,0.11429083180960321,0.11429678022297919,0.11394681523600181,0.11411568408240931
SectionCumProbs: 0_3 0.03822252155225826,0.03831340008995325,0.03791353452409551,0.03833157579749221,0.037991524832808175,0.03833223673231179,0.038213268464783845,0.038340167950147004
SectionCumProbs: 1_3 0.037848101976955116,0.03828299708825163,0.03809628300171478,0.03792807509012673,0.03811677198112237,0.037956164819959656,0.03808075103345414,0.03810950169810673
SectionCumProbs: 2_3 0.03787586123937833,0.037820673181941815,0.03795021640658329,0.037915517328554305,0.03818253499567253,0.03800837867070804,0.03765279573776354,0.03766601443415551
