HitRate: 1343701/3000000 0.447900
CumReqs: 185595,188372,189700,187928,188301,187268,187445,186541,185790,188445,186597,187919,186496,187101,188123,188379
CumProbs: 0.0008974416928808277,0.0009848591614836635,0.0010583164259750201,0.000891458748261622,0.0010430266786148272,0.0009732256580574305,0.0009117342828044838,0.0009399870768396215,0.0009436433207735806,0.0009682398708747592,0.0009954955074733623,0.0009615921546311968,0.0009463024072710053,0.0009828648466105952,0.0010586488117871982,0.0009964926649098963
SectionCumProbs: 0_3 0.0003044654039551252,0.00031510174994482394,0.0003719397238272764,0.0003194227655031388,0.00036761870826896144,0.00029283190052889214,0.00031377220669611154,0.0003144369783204677,0.0003303914973050158,0.00031676367900571414,0.00032640286755887895,0.0003297267256806596,0.0003234113952492762,0.00033271819799026223,0.00033138865474154994,0.0003360420561120433
SectionCumProbs: 1_3 0.0003061273330160157,0.0003300591114928378,0.00032540571012234436,0.0002792040822295908,0.0003287295682441253,0.00033604205611204317,0.0002934966721532484,0.0003134398208839334,0.00029449382958978267,0.0003390335284216459,0.00035631759065490637,0.00031543413575700196,0.00032540571012234436,0.0002964881444628513,0.0003506670318478789,0.00034834033116263224
SectionCumProbs: 2_3 0.0002868489559096869,0.00033969830004600214,0.0003609709920253995,0.0002928319005288921,0.00034667840210174177,0.00034435170141649526,0.00030446540395512523,0.0003121102776352211,0.00031875799387878274,0.0003124426634473992,0.0003127750492595772,0.0003164312931935362,0.00029748530189938554,0.0003536585041574817,0.0003765931251977693,0.0003121102776352211
