HitRate: 2809009/3000000 0.936336
CumReqs: 93198,93867,93905,93901,93362,93285,93637,94417,94041,93737,93575,93517,94048,93852,93103,93905,94050,94000,93939,93570,93461,93700,93568,94009,94073,93604,93982,93305,93900,93767,94090,93632
CumProbs: 0.027187500000000007,0.026979166666666693,0.027291666666666707,0.026927083333333338,0.02692708333333335,0.02718750000000001,0.027135416666666672,0.026927083333333348,0.02708333333333337,0.027187500000000038,0.026979166666666693,0.027135416666666693,0.027239583333333355,0.026875000000000024,0.02692708333333335,0.027031250000000034,0.026822916666666675,0.02708333333333335,0.02734375000000003,0.027083333333333338,0.027031250000000017,0.026979166666666696,0.02692708333333335,0.027083333333333362,0.027239583333333376,0.0269791666666667,0.027291666666666672,0.027135416666666676,0.026875000000000024,0.026875000000000017,0.02703125000000002,0.02692708333333334
SectionCumProbs: 0_3 0.008177083333333338,0.008125000000000005,0.008020833333333336,0.008177083333333337,0.00828125,0.008229166666666673,0.008072916666666667,0.008177083333333335,0.007916666666666669,0.008177083333333338,0.008177083333333337,0.008125000000000004,0.008333333333333333,0.008645833333333333,0.0075520833333333325,0.008229166666666666,0.0075520833333333325,0.008281250000000002,0.008177083333333337,0.008333333333333333,0.007812500000000003,0.007708333333333334,0.00838541666666667,0.007812500000000002,0.007656250000000004,0.0076562500000000025,0.008072916666666671,0.008385416666666671,0.007864583333333335,0.008281250000000002,0.007760416666666668,0.008489583333333337
SectionCumProbs: 1_3 0.009010416666666668,0.00875,0.0090625,0.008125,0.008333333333333338,0.009218750000000005,0.008697916666666666,0.008385416666666671,0.008645833333333337,0.009218750000000003,0.00854166666666667,0.008593749999999999,0.008281249999999999,0.00838541666666667,0.009322916666666672,0.00921875,0.009062500000000001,0.008854166666666666,0.008906250000000001,0.008437500000000004,0.009062500000000001,0.00885416666666667,0.008854166666666668,0.008802083333333335,0.00890625,0.008281250000000004,0.008958333333333337,0.008854166666666666,0.00885416666666667,0.008749999999999997,0.008750000000000006,0.008593749999999999
SectionCumProbs: 2_3 0.010000000000000009,0.010104166666666674,0.010208333333333338,0.010625000000000004,0.010312500000000002,0.009739583333333334,0.01036458333333334,0.010364583333333338,0.01052083333333334,0.009791666666666672,0.010260416666666673,0.01041666666666667,0.010625000000000008,0.009843750000000004,0.010052083333333336,0.009583333333333338,0.01020833333333334,0.009947916666666673,0.01026041666666667,0.010312500000000002,0.010156250000000004,0.010416666666666671,0.009687500000000003,0.010468750000000008,0.010677083333333339,0.01104166666666667,0.01026041666666667,0.009895833333333338,0.010156250000000007,0.009843750000000005,0.010520833333333339,0.009843749999999998
