HitRate: 1512587/3000000 0.504196
CumReqs: 3000000
CumProbs: 0.5093883178369619
SectionCumProbs: 0_3 0.17116590528241435
SectionCumProbs: 1_3 0.1693259894945796
SectionCumProbs: 2_3 0.16889642305997102
