HitRate: 2954852/3000000 0.984951
CumReqs: 94551,93495,97707,91316,93702,91841,91921,86831,95749,96265,99136,93381,98485,92023,91715,97296,97715,92411,88834,92475,95312,91018,89936,88355,91701,96300,102470,91530,87394,95676,95497,97962
CumProbs: 0.028740832837468488,0.027996877160497348,0.029003498619499624,0.027635672104386992,0.028288692824249655,0.028339071424180823,0.02825890924944755,0.02651213427195955,0.02859476658232211,0.028483236600084536,0.02980036766872555,0.02828394012614294,0.030402059249035687,0.02828900967079011,0.028097000667278816,0.028916999513957382,0.029411280117055783,0.027852395138053213,0.027046971232235196,0.02811379353392255,0.029211666796573738,0.027802967077743348,0.027198107032028726,0.02643672479533298,0.02775860856208069,0.029207547791547918,0.031340241855301244,0.028338437731099935,0.02691833153681346,0.02827443472992952,0.028739248604766243,0.02954308827788201
SectionCumProbs: 0_3 0.00984315462554759,0.010721453235668553,0.010024074000143218,0.010703392982863037,0.010391932833602974,0.009694553598077629,0.009884027829265344,0.007982631740038817,0.010369119882690738,0.009864383343757588,0.010582040757871577,0.010681530571572145,0.010096631857905736,0.009712297004342701,0.010113424724549456,0.009792142332535515,0.010332365683998805,0.008889129692259627,0.009133735221485235,0.009711980157802254,0.01078545623683899,0.010063046124618282,0.009704692687371952,0.009138804766132403,0.010307651653843888,0.010317473896597767,0.011180880719317691,0.010185665735771534,0.010390031754360285,0.01014067352702796,0.010021856074360076,0.010211013459007344
SectionCumProbs: 1_3 0.009669205874841809,0.00856277775559852,0.010008231673120833,0.008620443825960002,0.009243997817561033,0.009072266992638389,0.00929437641749221,0.009146725929643591,0.008680010975564164,0.009245898896803715,0.009674909112569872,0.00877981763580518,0.009911593478284292,0.009047869809023914,0.008848890181622774,0.00963973914658018,0.010407458314084904,0.009378340750710848,0.009691385132673154,0.009476880024790075,0.009288673179764157,0.009316555675323548,0.008543133270090764,0.009647977156631819,0.009679978657217035,0.010333316223620149,0.010011400138525311,0.00910902119133032,0.008198404234083688,0.009519337461210064,0.009953100375082935,0.010286106089093448
SectionCumProbs: 2_3 0.009228472337079094,0.00871264616923027,0.008971192946235575,0.008311835295563959,0.008652762173085662,0.00957225083346483,0.009080505002690024,0.009382776602277116,0.009545635724067223,0.00937295435952323,0.009543417798284081,0.008822591918765617,0.010393833912845658,0.009528842857423489,0.00913468576110658,0.00948511803484171,0.008671456118972076,0.009584924695082733,0.00822185087807682,0.00892493335133022,0.009137537379970612,0.00842336527780154,0.00895028107456603,0.0076499428725687576,0.00777097825101977,0.00855675767133002,0.01014796099745826,0.0090437508039981,0.008329895548369477,0.008614423741691492,0.008764292155323239,0.00904596872978123
