HitRate: 966782/3000000 0.322261
CumReqs: 391145,360702,329027,346375,374840,411974,401926,384011
CumProbs: 0.03157791592287398,0.034269234512336405,0.024257196069308366,0.012960990378577703,0.0162398996396466,0.01809365988665466,0.020758648548121112,0.028090033688976224
SectionCumProbs: 0_3 0.024282192836393157,0.014090510960582434,0.0040324784661183825,0.0027889726262070105,0.005429297810816467,0.007869315568519804,0.006867445143761406,0.015158706140672473
SectionCumProbs: 1_3 0.004523748261891462,0.012222419233779097,0.01678149625981706,0.001306497692965043,0.00611220948757294,0.008401913352539737,0.0077659955979026704,0.002136057069952286
SectionCumProbs: 2_3 0.002771974824589353,0.007956304317974875,0.0034432213433729236,0.008865520059405649,0.004698392341257198,0.0018224309655951166,0.00612520780645703,0.010795270478351467
