HitRate: 2071890/3000000 0.690630
CumReqs: 185364,187422,186324,188059,186372,186358,187949,191681,192698,187616,185239,185552,187604,188589,186759,186414
CumProbs: 0.033243267333713834,0.031083745415214907,0.033926079361848466,0.03288672836919345,0.03148784508115918,0.031614895346501325,0.03268118631688598,0.032653581154521064,0.03281389065162815,0.03212309640786993,0.0320396157361399,0.03264327079267392,0.032344602891424594,0.033982620055848914,0.0333217591206791,0.032654578931474
SectionCumProbs: 0_3 0.012045828560633574,0.011691950334654387,0.01143419128847594,0.010767343691588473,0.010697831897199705,0.010985856844284264,0.010773662945623819,0.011088295278120348,0.010755702960470735,0.01120470258929771,0.010801933292624034,0.011205367773933009,0.011375987632887262,0.011240955151921523,0.011148161895297277,0.012418664548718789
SectionCumProbs: 1_3 0.011060024931120134,0.00993852363600565,0.011386963179369694,0.010915014680624899,0.010101493871653955,0.010160362711877938,0.010750381483388347,0.011208028512474204,0.011181088534744588,0.010000385807088476,0.010791290338459249,0.010403155103762156,0.009853047410369698,0.01151467862934715,0.012207801019328937,0.01027710261537295
SectionCumProbs: 2_3 0.010137413841960116,0.009453271444554864,0.011104924894002829,0.011204369996980063,0.010688519312305519,0.010468675790339122,0.011157141887873815,0.010357257363926509,0.010877099156412846,0.010918008011483748,0.010446392105056601,0.011034747914978759,0.011115567848167618,0.011226986274580233,0.009965796206052913,0.009958811767382272
