HitRate: 2774699/3000000 0.924900
CumReqs: 374268,370545,452124,384893,369256,400939,319186,328789
CumProbs: 0.104196366470514,0.11414252842290096,0.11602946930178254,0.10156223023535617,0.1111482949121513,0.10978137915440171,0.08879915736719252,0.0946749479520641
SectionCumProbs: 0_3 0.07707665398754245,0.07227466465130232,0.08310302598542302,0.07645018338479821,0.07318983617002245,0.07723164899369166,0.06779772346866188,0.06532818829531027
SectionCumProbs: 1_3 0.01936970255238135,0.02368645626635593,0.01792386136436623,0.012812141638953787,0.02907233801269628,0.01746017446154891,0.010876391612407324,0.01612415385577991
SectionCumProbs: 2_3 0.007750009930584392,0.018181407505237238,0.015002581951986681,0.012299905211596527,0.008886120729426576,0.015089555699155786,0.010125042286116435,0.013222605800967015
