HitRate: 899791/3000000 0.299930
CumReqs: 187172,187288,187621,187381,187910,187882,188145,187434,187588,187345,187023,187188,187694,187049,187707,187573
CumProbs: 0.05624999999999796,0.05624999999999796,0.05624999999999796,0.05624999999999796,0.05624999999999796,0.05624999999999796,0.05624999999999796,0.05624999999999796,0.05624999999999796,0.05624999999999796,0.05624999999999796,0.05624999999999796,0.05624999999999796,0.05624999999999796,0.05624999999999796,0.05624999999999796
SectionCumProbs: 0_3 0.018750000000000013,0.018750000000000013,0.018750000000000013,0.018750000000000013,0.018750000000000013,0.018750000000000013,0.018750000000000013,0.018750000000000013,0.018750000000000013,0.018750000000000013,0.018750000000000013,0.018750000000000013,0.018750000000000013,0.018750000000000013,0.018750000000000013,0.018750000000000013
SectionCumProbs: 1_3 0.018750000000000013,0.018750000000000013,0.018750000000000013,0.018750000000000013,0.018750000000000013,0.018750000000000013,0.018750000000000013,0.018750000000000013,0.018750000000000013,0.018750000000000013,0.018750000000000013,0.018750000000000013,0.018750000000000013,0.018750000000000013,0.018750000000000013,0.018750000000000013
SectionCumProbs: 2_3 0.018750000000000013,0.018750000000000013,0.018750000000000013,0.018750000000000013,0.018750000000000013,0.018750000000000013,0.018750000000000013,0.018750000000000013,0.018750000000000013,0.018750000000000013,0.018750000000000013,0.018750000000000013,0.018750000000000013,0.018750000000000013,0.018750000000000013,0.018750000000000013
