HitRate: 2129411/3000000 0.709804
CumReqs: 317607,276023,250419,551337,370446,428861,349050,456257
CumProbs: 0.06961988907875646,0.05376478165726135,0.04724976299803249,0.14818317334245779,0.08795458074676153,0.10558533251267974,0.07931676929824473,0.1192291974453332
SectionCumProbs: 0_3 0.051250948090999435,0.03944424327125562,0.033098476104781616,0.13231210507292282,0.07233356576318291,0.08871937138199996,0.06886440893820792,0.10638603505600755
SectionCumProbs: 1_3 0.011385404935027713,0.008319259523056607,0.009218054778295508,0.009360704857650849,0.009851168417205926,0.011941374475079303,0.005997953686274234,0.008008688021616311
SectionCumProbs: 2_3 0.006983536052729322,0.006001278862949189,0.004933232114955346,0.006510363411883982,0.0057698465663726895,0.004924586655600478,0.004454406673762593,0.004834474367709343
