HitRate: 100209/30000000 0.003340
CumReqs: 937955,937017,937315,937150,936387,938000,938104,938003,937218,937392,936990,937976,939162,937257,938656,937500,938438,936342,937378,938439,935546,936667,938945,939065,936804,937869,937697,937394,937683,937116,936333,936202
CumProbs: 0.00031249999999999854,0.00031249999999999854,0.00031249999999999854,0.00031249999999999854,0.00031249999999999854,0.00031249999999999854,0.00031249999999999854,0.00031249999999999854,0.00031249999999999854,0.00031249999999999854,0.00031249999999999854,0.00031249999999999854,0.00031249999999999854,0.00031249999999999854,0.00031249999999999854,0.00031249999999999854,0.00031249999999999854,0.00031249999999999854,0.00031249999999999854,0.00031249999999999854,0.00031249999999999854,0.00031249999999999854,0.00031249999999999854,0.00031249999999999854,0.00031249999999999854,0.00031249999999999854,0.00031249999999999854,0.00031249999999999854,0.00031249999999999854,0.00031249999999999854,0.00031249999999999854,0.00031249999999999854
SectionCumProbs: 0_3 0.00010416666666666643,0.00010416666666666643,0.00010416666666666643,0.00010416666666666643,0.00010416666666666643,0.00010416666666666643,0.00010416666666666643,0.00010416666666666643,0.00010416666666666643,0.00010416666666666643,0.00010416666666666643,0.00010416666666666643,0.00010416666666666643,0.00010416666666666643,0.00010416666666666643,0.00010416666666666643,0.00010416666666666643,0.00010416666666666643,0.00010416666666666643,0.00010416666666666643,0.00010416666666666643,0.00010416666666666643,0.00010416666666666643,0.00010416666666666643,0.00010416666666666643,0.00010416666666666643,0.00010416666666666643,0.00010416666666666643,0.00010416666666666643,0.00010416666666666643,0.00010416666666666643,0.00010416666666666643
SectionCumProbs: 1_3 0.00010416666666666643,0.00010416666666666643,0.00010416666666666643,0.00010416666666666643,0.00010416666666666643,0.00010416666666666643,0.00010416666666666643,0.00010416666666666643,0.00010416666666666643,0.00010416666666666643,0.00010416666666666643,0.00010416666666666643,0.00010416666666666643,0.00010416666666666643,0.00010416666666666643,0.00010416666666666643,0.00010416666666666643,0.00010416666666666643,0.00010416666666666643,0.00010416666666666643,0.00010416666666666643,0.00010416666666666643,0.00010416666666666643,0.00010416666666666643,0.00010416666666666643,0.00010416666666666643,0.00010416666666666643,0.00010416666666666643,0.00010416666666666643,0.00010416666666666643,0.00010416666666666643,0.00010416666666666643
SectionCumProbs: 2_3 0.00010416666666666643,0.00010416666666666643,0.00010416666666666643,0.00010416666666666643,0.00010416666666666643,0.00010416666666666643,0.00010416666666666643,0.00010416666666666643,0.00010416666666666643,0.00010416666666666643,0.00010416666666666643,0.00010416666666666643,0.00010416666666666643,0.00010416666666666643,0.00010416666666666643,0.00010416666666666643,0.00010416666666666643,0.00010416666666666643,0.00010416666666666643,0.00010416666666666643,0.00010416666666666643,0.00010416666666666643,0.00010416666666666643,0.00010416666666666643,0.00010416666666666643,0.00010416666666666643,0.00010416666666666643,0.00010416666666666643,0.00010416666666666643,0.00010416666666666643,0.00010416666666666643,0.00010416666666666643
