HitRate: 1960613/3000000 0.653538
CumReqs: 3000000
CumProbs: 0.10704304667207584
SectionCumProbs: 0_3 0.03612441666152955
SectionCumProbs: 1_3 0.034885514878983816
SectionCumProbs: 2_3 0.03603311513156251
