HitRate: 2281352/3000000 0.760451
CumReqs: 3000000
CumProbs: 0.27062841140657656
SectionCumProbs: 0_3 0.12791323677815467
SectionCumProbs: 1_3 0.07960084921065688
SectionCumProbs: 2_3 0.0631143254178039
