HitRate: 2702471/3000000 0.900824
CumReqs: 121347,55017,72008,97484,143221,43513,75189,75502,102057,50482,58700,55969,80915,180157,60412,52275,369505,64832,53622,58509,153666,72494,121788,92302,64258,58572,91622,76783,60172,43871,74854,218902
CumProbs: 0.03736554695746835,0.015597658354889044,0.02064563858533801,0.029346128501421705,0.04435147907008664,0.011355810671373447,0.0219734639512242,0.022267802973682065,0.030409972681247018,0.013925007564710863,0.016521922482584665,0.01594809337938485,0.024043406426423986,0.05704237458996298,0.017214213143029296,0.014599479495096383,0.12051797068422931,0.018462514176614625,0.014834422750690565,0.01650707354086874,0.04802279741522822,0.020898400570991314,0.03729361208426676,0.027943398473990768,0.018244069745149263,0.01645031758586565,0.0275332377061487,0.022607018797770263,0.01666546225250527,0.011542907336994096,0.02161741932652459,0.06980652488897118
SectionCumProbs: 0_3 0.03253007158179836,0.010910342419895731,0.014747638935773045,0.024892765892574824,0.03978229471585558,0.0068041150707189085,0.016790853315884178,0.01826749807541216,0.026093880289151796,0.009149917885352311,0.012118056346124213,0.01123602920819833,0.019468942448471697,0.05294604653526345,0.011684137271536657,0.010153706345348764,0.11611146473590826,0.014189648703736886,0.010059993024297163,0.010696847635669006,0.04363312026751855,0.01668064117070376,0.03311445993244063,0.02313663105230489,0.01363528821300906,0.01220121041973338,0.02260008929163619,0.016619265544944615,0.012120366181502243,0.00670545210242866,0.017481164117433348,0.06496510993661479
SectionCumProbs: 1_3 0.002940750412718086,0.0028150293728565964,0.004314442509682337,0.0024477655477494124,0.0030281941806007493,0.002604504376973054,0.0027566235354406308,0.002385729969025109,0.0025523680927260315,0.0031638145149395216,0.0029697883431847824,0.0028470370916664762,0.0025675470109245324,0.0024523852185054777,0.0035469172112103584,0.002736824946486064,0.0026866685211345,0.002493302302344913,0.00319351239837137,0.004022083346119924,0.0026180334127586732,0.00286617572765589,0.0026365120957829342,0.002875415069168021,0.0026820488503784333,0.0026549907788071953,0.003225190140698673,0.004115796667171531,0.0029351408125142925,0.0029325010006536847,0.0024942922317926406,0.0032410290118623257
SectionCumProbs: 2_3 0.0018947249629518903,0.001872286562136716,0.0015835571398826406,0.002005597061097456,0.0015409901736303244,0.0019471912236814879,0.0024259870998993905,0.001614574929244793,0.0017637242993691835,0.0016112751644190315,0.0014340777932756732,0.0018650270795200425,0.0020069169670277596,0.0016439428361940643,0.0019831586602822825,0.0017089482032615537,0.0017198374271865638,0.0017795631705328364,0.0015809173280220319,0.0017881425590798145,0.0017716437349510098,0.0013515836726316515,0.001542640056043206,0.0019313523525178362,0.0019267326817617707,0.0015941163873250752,0.0017079582738138252,0.00187195658565414,0.0016099552584887275,0.001904954233911748,0.0016419629772986073,0.0016003859404940207
