HitRate: 1745717/3000000 0.581906
CumReqs: 3000000
CumProbs: 0.4219444444444455
SectionCumProbs: 0_3 0.1358333333333327
SectionCumProbs: 1_3 0.14243055555555506
SectionCumProbs: 2_3 0.14368055555555503
