HitRate: 3964711/30000000 0.132157
CumReqs: 936395,939228,938752,938109,936525,936412,936823,937646,937439,935204,937208,937023,936267,938354,936798,937674,937291,937792,937659,936902,936582,939105,938831,937727,938182,936749,938415,936306,938556,937440,937492,939114
CumProbs: 0.004157125873989991,0.004119228529311627,0.004137117848407468,0.004129149498742609,0.0041097754664045595,0.004105037809768765,0.0041395454341372285,0.004149792761055291,0.004117961478149632,0.004150289864536556,0.00412580615198571,0.004141246455297226,0.004114585885399752,0.004058220160935145,0.004134245233686478,0.004108182489611777,0.0041280945519525,0.004130093469317011,0.004126356080822734,0.004138005297891126,0.004168048372409237,0.004092874501424971,0.004163380678662449,0.004119943659455319,0.004185807663699605,0.004109929031462864,0.0041541455642930495,0.004101974774635889,0.004130135971354322,0.004133304737493571,0.00418008162690599,0.004081035384776405
SectionCumProbs: 0_3 0.001386971334114348,0.0013768743973513271,0.0013702095288561386,0.0013967172910714068,0.0013891959430478566,0.0013553295297832491,0.0013957590475381448,0.0013949909292787896,0.0013955871709051169,0.0013884840008282333,0.001389794489354483,0.0013860414737389161,0.0013810017130124828,0.0013730538233531267,0.0013905693892766692,0.0013962781149264717,0.001374808370821553,0.0013898462231337874,0.0013763850347312786,0.0013790793709295287,0.001394894360570152,0.0013824390349097397,0.0013934569735689322,0.0013843970149021569,0.0014021311239795537,0.0013756868837011972,0.0014053379498957196,0.001376566223401174,0.0013877230613658935,0.001375181746390864,0.00139601577850669,0.0013737025583049948
SectionCumProbs: 1_3 0.001388916132724349,0.00137196728812008,0.0013832193862037784,0.001367488684494199,0.0013578068831526287,0.0013808449687106453,0.001374601854539833,0.0013951560915230752,0.0013578032308202894,0.0013628632497299413,0.0013737143139106209,0.0013829388315249557,0.001360935460615399,0.0013693686438970988,0.0013964554277404238,0.001379222651731774,0.001368901655339078,0.0013843223363160832,0.0013593402963294587,0.0013880376697577408,0.0013827678337954344,0.0013438437041313422,0.001376833464319519,0.0013738363469494059,0.0013946299842261894,0.0013772884997898932,0.0013952312388576874,0.0013557450992311224,0.0013679567147156328,0.0013835809367232347,0.0014031450292312385,0.0013675339643006144
SectionCumProbs: 2_3 0.0013812384071512861,0.0013703868438402227,0.0013836889333475536,0.0013649435231769989,0.0013627726402040694,0.0013688633112748777,0.0013691845320592557,0.0013596457402534191,0.0013645710764242313,0.0013989426139783775,0.0013622973487206053,0.0013722661500333597,0.0013726487117718797,0.0013157976936849082,0.0013472204166693833,0.0013326817229535306,0.0013843845257918812,0.0013559249098671307,0.0013906307497620004,0.0013708882572038613,0.00139038617804365,0.0013665917623838873,0.001393090240774003,0.0013617102976037538,0.001389046555493861,0.0013569536479717647,0.001353576375539639,0.0013696634520036,0.0013744561952727945,0.0013745420543794839,0.0013809208191680564,0.0013397988621707882
