HitRate: 6509933/30000000 0.216998
CumReqs: 938130,937975,937890,938194,938521,936096,935788,938661,938665,935249,936833,935629,937586,937833,936313,938131,938166,937117,936329,937929,936580,937648,938905,937779,938311,937523,938033,936594,938489,936191,938940,937972
CumProbs: 0.020449886823226064,0.020328631316732976,0.020348443101609347,0.020313126039666146,0.020385873498962273,0.02035943807376049,0.020286542650517096,0.02033236176080458,0.020282673532833872,0.020356399799834994,0.02026624439797706,0.020383892496038263,0.020347393419559618,0.020399130414999644,0.020328894006884386,0.02028981195019636,0.02026057653808482,0.020323275871229122,0.0202815580371878,0.0202664679259243,0.02040163130345168,0.020207347817706087,0.020307532958186186,0.020284133233133324,0.020423098875254377,0.020329199982490637,0.02023239894167818,0.020339259642894465,0.02034455081993589,0.02038406048813477,0.020412846871701577,0.02029798562257029
SectionCumProbs: 0_3 0.006940186617023301,0.006915812018714787,0.006909479861853498,0.006874854102003511,0.00690207511502804,0.00689527848262173,0.006890426713929352,0.006905747636103511,0.006888274240187089,0.006875260164102618,0.006931389270383077,0.006917914496953603,0.006893582435404504,0.006922215488287281,0.006914773988104489,0.006916771275699753,0.006899954017055826,0.006906460680750227,0.00688360296572233,0.006853479741715117,0.0069206543017597405,0.006838949172973861,0.006870525337319115,0.006883990486212694,0.006904373117829436,0.006886659156258534,0.0068278916619556795,0.006890402818604701,0.006875524783501375,0.006881294826233882,0.006905222099551349,0.0068759599774538835
SectionCumProbs: 1_3 0.006826319544472706,0.006799266445419941,0.0067852458598940376,0.006795108923690006,0.0068366420512773725,0.006809361144776787,0.006763928851856989,0.0068067212376619135,0.006790737220771742,0.00679812737128861,0.0067797568036966635,0.006804984046910098,0.006790416868040178,0.006833900783802153,0.006818422234082405,0.00676651298223641,0.0068099464576178,0.006742510802468974,0.006775660188894432,0.006771751796160254,0.006803609022995253,0.006741009251171731,0.0068089998481627965,0.006784290114182822,0.006780834725675383,0.006774159364591433,0.006757698296240673,0.0067763503777097936,0.006807094873647078,0.006833677234153522,0.006821426204729714,0.006777679349251194
SectionCumProbs: 2_3 0.0066833806617299625,0.006613552852598255,0.0066537173798618225,0.006643163013972702,0.006647156332656744,0.006654798446361942,0.006632187084730813,0.006619892887039131,0.006603662071875014,0.006683012264443705,0.006555098323897262,0.006660993952174564,0.0066633941161150425,0.006643014142910146,0.006595697784697476,0.006606527692260236,0.0065506760634113015,0.006674304388010004,0.00662229488257106,0.00664123638804895,0.006677367978696697,0.006627389393560441,0.0066280077727043744,0.006615852632737845,0.006737891031749506,0.006668381461640708,0.006646808983481808,0.006672506446579967,0.006661931162787456,0.00666908842774739,0.00668619856742052,0.0066443462958652175
