HitRate: 28102970/30000000 0.936766
CumReqs: 1874299,1874724,1875393,1873726,1876926,1874644,1877312,1874300,1876342,1872433,1874855,1875182,1873290,1876388,1874921,1875265
CumProbs: 0.05390624999999458,0.05396562499999457,0.053918749999994575,0.053945833333327906,0.05391874999999457,0.05391874999999457,0.05390312499999458,0.0539083333333279,0.05396666666666124,0.05390312499999458,0.0539083333333279,0.05396354166666124,0.0539364583333279,0.053948958333327905,0.054016666666661224,0.0539770833333279
SectionCumProbs: 0_3 0.016105208333332056,0.015981249999998733,0.016008333333332063,0.016051041666665402,0.016067708333332056,0.016160416666665376,0.016066666666665393,0.01614270833333204,0.016008333333332056,0.016104166666665386,0.016027083333332054,0.016096874999998723,0.016145833333332044,0.016001041666665407,0.01613645833333205,0.01619166666666538
SectionCumProbs: 1_3 0.01729479166666527,0.01758854166666523,0.017405208333331923,0.017522916666665236,0.017494791666665246,0.017313541666665266,0.017336458333331924,0.017415624999998585,0.017506249999998575,0.01738229166666526,0.01739166666666525,0.01744479166666524,0.017456249999998584,0.01743749999999858,0.01746874999999859,0.01737187499999859
SectionCumProbs: 2_3 0.020506249999998255,0.0203958333333316,0.0205052083333316,0.020371874999998277,0.020356249999998282,0.020444791666664932,0.020499999999998256,0.020349999999998276,0.020452083333331598,0.020416666666664935,0.020489583333331594,0.020421874999998264,0.020334374999998277,0.020510416666664925,0.020411458333331606,0.020413541666664932
