HitRate: 2903304/3000000 0.967768
CumReqs: 3000000
CumProbs: 0.9089255972157855
SectionCumProbs: 0_3 0.3090392028986386
SectionCumProbs: 1_3 0.3024521691103482
SectionCumProbs: 2_3 0.29743422520677687
