HitRate: 28104843/30000000 0.936828
CumReqs: 30000000
CumProbs: 0.8632151041781417
SectionCumProbs: 0_3 0.2572828124998745
SectionCumProbs: 1_3 0.278508333333214
SectionCumProbs: 2_3 0.327423958332968
