HitRate: 2655374/3000000 0.885125
CumReqs: 3000000
CumProbs: 0.6891661207679829
SectionCumProbs: 0_3 0.3600605772874432
SectionCumProbs: 1_3 0.1769027799079563
SectionCumProbs: 2_3 0.1522027635725829
