HitRate: 23485253/30000000 0.782842
CumReqs: 30000000
CumProbs: 0.7851313582275048
SectionCumProbs: 0_3 0.6909177721003172
SectionCumProbs: 1_3 0.05876023122712301
SectionCumProbs: 2_3 0.03545335489975777
