HitRate: 1636218/3000000 0.545406
CumReqs: 93643,93670,94089,93056,94014,93950,94012,93687,94089,93999,94184,94350,94060,94820,93861,93294,93110,93154,93423,93826,93744,93867,93493,93978,93991,93329,93126,92939,93103,93421,94451,94267
CumProbs: 0.03099331511795542,0.030844440443677863,0.031267773291253784,0.03069052983961498,0.031355587316884745,0.030857345013752622,0.031029196117675743,0.031065391863007545,0.03105941169638746,0.030777084882799656,0.030996462574071324,0.03103863848602313,0.031511071649005705,0.03144717828985481,0.03127564193154337,0.03080950368079243,0.03089637346958869,0.030560539902032256,0.030764180312724806,0.030689270857168747,0.030586034296570253,0.030916517188729932,0.031004645959972377,0.031219617212681936,0.03069965746235081,0.030882839408290782,0.030764180312724806,0.030735853207682514,0.03092784803074673,0.03087843296972863,0.031210174844334554,0.03132253902766884
SectionCumProbs: 0_3 0.010537053584496144,0.01037464484892053,0.010503375804057002,0.010407378392524922,0.010515021391685482,0.0104888975059243,0.010447351085195653,0.010739749758354056,0.010319249621282335,0.010357648585895185,0.01036583197179626,0.010424374655550279,0.010633050996028223,0.010653509460780971,0.010458996672824152,0.010512503426792837,0.010276758963718961,0.010108370061523323,0.010572619838604747,0.010234268306155576,0.010629274048689243,0.010434761260732419,0.010458681927212542,0.010639975399482988,0.010106166842242236,0.010461829383328373,0.010225455429031324,0.010427522111666074,0.010430669567781882,0.010469068532394717,0.010346632489489836,0.010565065943926812
SectionCumProbs: 1_3 0.010199646288881694,0.010459626164047301,0.010526352233702397,0.010098298201952743,0.010593078303357489,0.010443574137856692,0.01041619126964917,0.010226084920254484,0.010476937172684248,0.01028651607767796,0.010280850656669512,0.010256300498966203,0.0105634922158689,0.010406434155690165,0.010412099576698626,0.010231120850039752,0.01044483312030301,0.010460885146493628,0.010249690841123016,0.010270464051487332,0.009976176904659458,0.010213809841402832,0.010309177761711754,0.010400453989070139,0.010350724182440403,0.010077524991588411,0.010118756666705468,0.010159988341822546,0.010276129472495793,0.010261651174363087,0.01047190124289895,0.010285886586454816
SectionCumProbs: 2_3 0.010256615244577794,0.010010169430710173,0.010238045253494546,0.010184853245137414,0.01024748762184197,0.009924873369971814,0.010165653762830986,0.010099557184399045,0.010263224902420987,0.0101329202192266,0.010349779945605675,0.01035796333150677,0.010314528437108634,0.010387234673383747,0.010404545682020691,0.010065879403959933,0.010174781385566838,0.00999128469401533,0.009941869632997164,0.010184538499525842,0.009980583343221579,0.010267946086594686,0.010236786271048218,0.01017918782412896,0.010242766437668237,0.010343485033374043,0.01041996821698815,0.010148342754194057,0.01022104899046919,0.010147713262970906,0.010391641111945881,0.010471586497287386
