HitRate: 20405597/30000000 0.680187
CumReqs: 1403255,687657,693162,747240,958937,946286,880923,934541,1067193,1093414,840512,753646,713654,717580,732897,724382,783553,949855,1013489,934083,865174,936574,934213,910297,790462,818815,833752,880127,1243830,1111265,1752211,1347021
CumProbs: 0.11040319788340673,0.03958325624299611,0.03941644376546267,0.0447101711669807,0.06564984511449941,0.06445364535977896,0.05872459983507131,0.06412831312244968,0.07727897759710761,0.07968898674222398,0.05400340034466054,0.04502397289239465,0.04150667117755308,0.04186844511872833,0.042905563455480036,0.042298609202207946,0.048532552386188726,0.06506796724673891,0.07176577400460943,0.06321350411265986,0.05666176151861847,0.06376072436724299,0.06412507532827308,0.061377542659590695,0.04934352071131088,0.05202837893557234,0.05316233374918134,0.05803148061023874,0.09403730467511014,0.0801862194193643,0.14482012401412392,0.10490515906159358
SectionCumProbs: 0_3 0.10290578811874876,0.031005843888101917,0.03159280971814027,0.03694293420802255,0.05804882593618538,0.05656598228067598,0.05149189626371786,0.057090372782441536,0.07031980155625556,0.07249791195314295,0.04608359059480291,0.03782467146300739,0.03414072246421261,0.033432471507411396,0.03510251252828128,0.0345668888630455,0.04106292818176085,0.05822287389254257,0.06392396866343887,0.05425310696086129,0.04896314597297729,0.05659475900238962,0.056733290338951,0.05435750930370274,0.04201553348275671,0.044313475302899266,0.04615194769839116,0.050310729124817925,0.08575030263463927,0.07206361803015235,0.13675983364345648,0.09715483792527395
SectionCumProbs: 1_3 0.004997072769754491,0.005899161873850245,0.005277835779079347,0.005170294758209457,0.00487440001691581,0.0049462922631256226,0.004332432918190854,0.004921513226058816,0.00428122290825281,0.0045205223288858785,0.005346820618273315,0.00473656249339226,0.0048864591482883305,0.0057050263781109195,0.004733886357389039,0.005356071458778241,0.004805943797179293,0.004245607172308794,0.00485606352948639,0.005808173249740974,0.005080132102002408,0.004745846372613284,0.004631069872919884,0.0046296822468441376,0.0047206378322373205,0.004890159484490302,0.004183890850654424,0.004551380489713068,0.005470814919755561,0.005578124669612835,0.0054385691328526315,0.004944177785295923
SectionCumProbs: 2_3 0.002500336994904109,0.0026782504810437062,0.0025457982682426557,0.0025969422007485277,0.0027266191613980915,0.002941370815976993,0.0029002706531621983,0.002116427113949209,0.0026779531325989018,0.00267055246019495,0.0025729891315839555,0.0024627389359947577,0.0024794895650519116,0.002730947233205766,0.0030691645698094883,0.002375648880383987,0.0026636804072484276,0.0025994861818873834,0.002985741811684606,0.003152223902057387,0.0026184834436385938,0.002420118992239863,0.0027607151164020047,0.0023903511090436207,0.0026073493963165786,0.002824744148182608,0.0028264952001353263,0.00316937099570761,0.0028161871207155447,0.002544476719599091,0.002621721237815319,0.002806143351024466
