HitRate: 2706262/3000000 0.902087
CumReqs: 3000000
CumProbs: 0.905576244972095
SectionCumProbs: 0_3 0.30665603649477563
SectionCumProbs: 1_3 0.30320155197938264
SectionCumProbs: 2_3 0.2957186564979439
