HitRate: 2969244/3000000 0.989748
CumReqs: 3000000
CumProbs: 0.9968168880108582
SectionCumProbs: 0_3 0.8824684240162435
SectionCumProbs: 1_3 0.07543487862729634
SectionCumProbs: 2_3 0.03891358536824983
