HitRate: 17454308/30000000 0.581810
CumReqs: 30000000
CumProbs: 0.41825065104334663
SectionCumProbs: 0_3 0.13219609374866811
SectionCumProbs: 1_3 0.13864023437381787
SectionCumProbs: 2_3 0.14741432291557666
