HitRate: 1306829/3000000 0.435610
CumReqs: 94333,94107,94173,94317,93085,93404,94061,93871,93885,93229,93535,93400,94512,92761,93173,93838,95116,94473,94502,93459,93197,93253,93563,93391,92813,92894,93409,94787,93841,93798,93412,94408
CumProbs: 0.015718366119392316,0.015995852656310497,0.016062981135900278,0.016031743130546616,0.015730329610804367,0.015753591955216667,0.015764226169805145,0.016196905775873956,0.015763893850599255,0.01566286881200869,0.01600283135963419,0.01602841993848771,0.01582171739242412,0.015565166965477023,0.015977575099986544,0.01578981474865867,0.01620222288316819,0.01589250138327869,0.01585561395142489,0.015820388115600565,0.015885522679955005,0.015704076393539053,0.015885190360749122,0.015898483128984724,0.01544519973215072,0.015454504669915645,0.015764890808216917,0.01577685429962896,0.01572866801477491,0.015969931758251076,0.016053676198135358,0.01594268158336808
SectionCumProbs: 0_3 0.005168560609207569,0.005383571135418414,0.005523145201892227,0.005244329388150494,0.005141975072736369,0.0051602526290603174,0.005390882157947995,0.005457345999126,0.0053922114347715565,0.0052449940265622726,0.005300491333945909,0.005386229689065535,0.005370278367182812,0.005276896670327717,0.0052682563709745755,0.00520312180662013,0.005398857818889357,0.005342363553888052,0.005361305748623783,0.005420790886478098,0.0053689490903592535,0.005329403104858337,0.005194149188061099,0.005283210735239628,0.005245990984179946,0.005062218463322761,0.005124694474030088,0.005122700558794744,0.005188167442355079,0.005300491333945908,0.0053579825565648834,0.005352333130064752
SectionCumProbs: 1_3 0.0053397050002409316,0.005279555223974837,0.005259948390827325,0.005487919366067884,0.00535997647180022,0.005277228989533606,0.005202124849002461,0.0052984974187105655,0.00508946863820574,0.005151612329707176,0.005263603902092115,0.005311125548534389,0.005161249586677989,0.005122368239588854,0.005333058616123132,0.005220734724532303,0.005487587046861993,0.005114724897853386,0.005261942306062666,0.005108743152147362,0.005343028192299832,0.00529949437632824,0.005426772632184117,0.00519448150726699,0.0051748746741194784,0.005343028192299832,0.005348677618799961,0.005438071485184379,0.0052762320319159365,0.005306805398857818,0.005239012280856254,0.005209103552326153
SectionCumProbs: 2_3 0.005210100509943824,0.005332726296917241,0.0052798875431807266,0.005299494376328239,0.005228378066267771,0.005316110336622741,0.005171219162854687,0.005441062358037389,0.005282213777621958,0.005266262455739236,0.00543873612359616,0.0053310647008877905,0.0052901894385633174,0.005165902055560448,0.005376260112888833,0.0053659582175062445,0.0053157780174168485,0.005435412931537257,0.005232365896738453,0.005290854076975099,0.00517354539729592,0.005075178912352471,0.005264268540503896,0.005420790886478098,0.0050243340738512976,0.0050492580142930486,0.005291518715386879,0.005216082255649841,0.005264268540503896,0.005362635025447345,0.005456681360714219,0.005381244900977186
