HitRate: 1512803/3000000 0.504268
CumReqs: 93141,93221,94157,94034,94000,93551,93653,93620,93588,94160,93309,94080,93619,93770,93593,94337,94227,94116,93829,93413,94080,93958,93709,93740,93132,94332,93432,93600,93816,93690,93610,93483
CumProbs: 0.018518719992688188,0.018445826637842302,0.018653627097179278,0.018630779926257487,0.018610924646765815,0.018509200338137553,0.018564686324662072,0.01863948361041816,0.01845425833187298,0.018718904728384483,0.01840448413807904,0.01865607500834946,0.01857284602856277,0.01860847673559553,0.018523887805158644,0.018612284597415985,0.018600045041564924,0.01857610991012295,0.01860113300208497,0.018556798610891382,0.01868517795226182,0.018589709416623915,0.018586717525193787,0.0185641423444019,0.018481185354745244,0.018717000797474483,0.01844691459836233,0.018523887805158804,0.018641387541328297,0.018534767410359598,0.01858345364363343,0.018525247755808757
SectionCumProbs: 0_3 0.006491860423368874,0.006484244699728278,0.006495668285189207,0.006522867298191408,0.006546258449373329,0.006497300225969339,0.0065163395350708786,0.0065204193870212,0.006439094338144583,0.006523955258711486,0.00647880489712782,0.00650600391013004,0.006510355752210387,0.00654625844937332,0.006470101212967117,0.0065098117719503525,0.006514163614030714,0.006557138054574202,0.006512531673250556,0.006521779337671303,0.006572913482115502,0.0065019240581797,0.006564481788084806,0.0064845166898582956,0.006438822348014576,0.006542450587553012,0.006460037578156275,0.006493220374018996,0.006519331426501132,0.006524227248841527,0.006486420620768444,0.006511715702860511
SectionCumProbs: 1_3 0.0061516007707111495,0.0061298415603093835,0.00625414104972952,0.00627290836870103,0.006247885276739002,0.006210894619055981,0.006161120425261913,0.006263116724020233,0.006186415507353984,0.0063055471843036955,0.006143713056940474,0.006248429256999067,0.006236733681408076,0.0062103506387959344,0.006204094865805433,0.006266108615450485,0.006226942036727283,0.006179615754103433,0.006248701247129085,0.00622150223412684,0.006204094865805431,0.006258764881939881,0.006198111082944946,0.006217150392046481,0.006212254569706107,0.006286779865332154,0.00616248037591203,0.006253869059599484,0.006247885276738993,0.006158672514091744,0.006227214026857327,0.006229389947897484
SectionCumProbs: 2_3 0.005875258798608613,0.005831740377805052,0.0059038177622609475,0.005835004259365321,0.005816780920653845,0.005801005493112574,0.0058872263643296105,0.005855947499377034,0.0058287484863748275,0.005889402285369766,0.0057819661840110195,0.00590164184122076,0.005825756594944571,0.00585186764742673,0.005849691726386537,0.0058363642100154505,0.005858939390807297,0.005839356101445733,0.0058399000817057544,0.005813517039093595,0.005908169604341287,0.005829020476504848,0.005824124654164442,0.005862475262497584,0.005830108437024934,0.005887770344589628,0.005824396644294443,0.005776798371540581,0.005874170838088523,0.005851867647426707,0.005869818996008154,0.005784142105051171
