HitRate: 17745417/30000000 0.591514
CumReqs: 30000000
CumProbs: 0.5914503671955796
SectionCumProbs: 0_3 0.5082456159694414
SectionCumProbs: 1_3 0.051065114871808794
SectionCumProbs: 2_3 0.03213963635433369
