HitRate: 2480752/3000000 0.826917
CumReqs: 3000000
CumProbs: 0.559919963465183
SectionCumProbs: 0_3 0.19317792088161417
SectionCumProbs: 1_3 0.1868337147019465
SectionCumProbs: 2_3 0.17990832788164055
