HitRate: 363884/3000000 0.121295
CumReqs: 375673,374293,374317,374254,375424,374359,375499,376181
CumProbs: 0.010416666666666668,0.010555555555555554,0.010694444444444444,0.01138888888888889,0.009027777777777777,0.010000000000000002,0.01125,0.00986111111111111
SectionCumProbs: 0_3 0.003472222222222223,0.003472222222222223,0.003194444444444445,0.003888888888888889,0.0029166666666666672,0.003055555555555556,0.003888888888888889,0.003194444444444445
SectionCumProbs: 1_3 0.0037500000000000007,0.003611111111111112,0.003888888888888889,0.004166666666666667,0.003194444444444445,0.0036111111111111114,0.003055555555555556,0.0036111111111111114
SectionCumProbs: 2_3 0.003194444444444445,0.003472222222222223,0.0036111111111111114,0.003333333333333334,0.0029166666666666672,0.003333333333333334,0.0043055555555555555,0.003055555555555556
