HitRate: 2702984/3000000 0.900995
CumReqs: 3000000
CumProbs: 0.9026743082713918
SectionCumProbs: 0_3 0.7536256695520425
SectionCumProbs: 1_3 0.08920232791103726
SectionCumProbs: 2_3 0.05984631080831425
