HitRate: 300329/3000000 0.100110
CumReqs: 3000000
CumProbs: 0.09999999999999315
SectionCumProbs: 0_3 0.03333333333333382
SectionCumProbs: 1_3 0.03333333333333382
SectionCumProbs: 2_3 0.03333333333333382
