HitRate: 1291739/3000000 0.430580
CumReqs: 372975,377553,377546,376385,373653,372674,373696,375518
CumProbs: 0.00168510674562012,0.0017047474603557138,0.0015889005327627086,0.0015875689588823298,0.0016151991169002019,0.0015369691514279123,0.0015855715980617612,0.0014610694402462877
SectionCumProbs: 0_3 0.0005529360538275423,0.0006141884523249942,0.0005003388855525562,0.0005699136208023798,0.0005146533047666347,0.00048169685122724477,0.0005322966586816619,0.0005020033529030307
SectionCumProbs: 1_3 0.0005908859094183547,0.0004903520814497107,0.0005482755452462146,0.0004873560402188573,0.0005526031603574476,0.0005036678202535047,0.0005459452909555504,0.00046105745608136393
SectionCumProbs: 2_3 0.0005412847823742228,0.0006002069265810106,0.0005402861019639382,0.0005302992978610926,0.0005479426517761197,0.0005516044799471632,0.0005073296484245482,0.0004980086312618925
