HitRate: 1511110/3000000 0.503703
CumReqs: 3000000
CumProbs: 0.5060674549540963
SectionCumProbs: 0_3 0.1694825714766407
SectionCumProbs: 1_3 0.16864966316989
SectionCumProbs: 2_3 0.16793522030756544
