HitRate: 2257404/3000000 0.752468
CumReqs: 369215,381155,379744,371482,382369,376325,359727,379983
CumProbs: 0.029921270076455515,0.028851283950858092,0.029912821962497012,0.028836662215160524,0.02978707503549851,0.03007918482198867,0.028616686324778026,0.029131371421330408
SectionCumProbs: 0_3 0.013919892384025228,0.013109848226383407,0.012839833507169508,0.013072481568489804,0.013630057089754661,0.013495862048797568,0.013224222692283917,0.012303053343341058
SectionCumProbs: 1_3 0.008218065316917964,0.00841042237320516,0.008663215937042031,0.008630073336127682,0.008634622320566897,0.008999190930624722,0.008694408973196703,0.009165228862656383
SectionCumProbs: 2_3 0.0077833123755121445,0.0073310133512692974,0.008409772518285261,0.0071341073105428915,0.007522395625176638,0.00758413184256611,0.006698054659297279,0.007663089215332653
