HitRate: 2967711/3000000 0.989237
CumReqs: 90533,93575,96947,84935,95701,93502,93297,94944,98099,94492,88560,94765,92539,95681,89938,96651,90279,89872,91932,92789,94299,92993,88616,95168,100173,96500,92758,95028,100617,95135,95465,94217
CumProbs: 0.02980027627269207,0.030500173209885146,0.030845679097269558,0.03019538675257881,0.03123586465855573,0.03104511291441129,0.0311523949041312,0.030323790042688308,0.03217672720067568,0.03136208473732702,0.030956565924315733,0.030992868159360434,0.03113320295329613,0.03116600189572837,0.03123566156912857,0.031086187750986444,0.02996376326128568,0.031054201166261695,0.030623499264324193,0.031486578555970424,0.03056419715169168,0.030557038249395933,0.030347043782059654,0.030511241583647247,0.03155202412376431,0.030852685682495436,0.030679145767273604,0.03048595695000774,0.030939100233608834,0.03126439872302454,0.031607873716140676,0.031010181532997384
SectionCumProbs: 0_3 0.014135125651682822,0.013972349476083149,0.014157973212200565,0.013733567082494545,0.013904162201026912,0.014425543532041542,0.01445316369408963,0.013960265655187125,0.014729517631640739,0.014671434055568982,0.013896343258094171,0.014587405805220442,0.014167670732331408,0.014219407763814898,0.014310239509962056,0.014003523703100696,0.013842372242915612,0.014074655774845884,0.014211842682665682,0.014216970690692993,0.013854049884958041,0.01346452436430909,0.013844758543680821,0.013732754724787213,0.014356594671634694,0.014227379023817717,0.014240884470701527,0.013638013507173715,0.014512567351435692,0.014488907433210695,0.014222809511714184,0.014391576825405171
SectionCumProbs: 1_3 0.009083428476499036,0.0099683906538858,0.0098805037044276,0.00950615911843377,0.009905889882780636,0.009731029886284957,0.009736259439025667,0.009754385170369731,0.009809676266822635,0.0096420259449792,0.00996661362140108,0.009622326270577264,0.009803837445801426,0.009958946995538471,0.009767281348973063,0.010142946016241277,0.009043419859414694,0.010067498294176021,0.00960440362866002,0.009965293540126733,0.00954941716634733,0.009626743465610682,0.009598209401141849,0.009937368743938399,0.009999615653260036,0.009773323259421087,0.009653602042308187,0.009765402771774939,0.009365925869211611,0.009917618297179727,0.010269166095012525,0.009308959284987393
SectionCumProbs: 2_3 0.006581722144520926,0.006559433079926967,0.006807202180652562,0.006955660551661096,0.0074258125747592805,0.006888539496095692,0.006962971771026778,0.006609139217142207,0.007637533302223568,0.007048624736789907,0.007093609044831494,0.006783136083573884,0.00716169477517433,0.006987647136385927,0.007158140710204886,0.006939718031655394,0.007077971158966019,0.006912047097250591,0.006807252953009273,0.007304314325161663,0.007160730100396899,0.007465770419486956,0.006904075837247735,0.006841118114932214,0.0071958137988807885,0.006851983399267313,0.006784659254275069,0.007082540671069562,0.007060607012972536,0.006857872992645222,0.007115898109425452,0.007309645422615801
