HitRate: 2408960/3000000 0.802987
CumReqs: 341087,366109,406187,406196,398314,378655,356670,346782
CumProbs: 0.2194438754860279,0.2217908409988658,0.23034871389236683,0.24738588082418814,0.2296516154454828,0.24478440071056143,0.22641370438345873,0.22536617890960958
SectionCumProbs: 0_3 0.16592358610783564,0.1606547583107969,0.170696384881543,0.17641993002437217,0.17959255130231358,0.18731465718096513,0.16969306001373305,0.16293354511105176
SectionCumProbs: 1_3 0.031202450042481223,0.03634560944980055,0.03829390282973435,0.030776621981683187,0.030121412998039918,0.04030373038670307,0.027944894266660966,0.03288409532192895
SectionCumProbs: 2_3 0.022317839335707714,0.024790473238265807,0.02135842618108739,0.040189328818130796,0.019937651145127522,0.01716601314289099,0.028775750103062044,0.029548538476626734
