HitRate: 299819/3000000 0.099940
CumReqs: 3000000
CumProbs: 0.09999999999999107
SectionCumProbs: 0_3 0.033333333333331744
SectionCumProbs: 1_3 0.033333333333331744
SectionCumProbs: 2_3 0.033333333333331744
