HitRate: 395872/3000000 0.131957
CumReqs: 186160,187751,187491,188406,186920,187371,187595,187949,187911,187776,186756,188194,187363,186727,187848,187782
CumProbs: 0.008461953759433477,0.008190743279768332,0.008213832114473898,0.0085741047360112,0.008139953919425215,0.008346931434539741,0.008280924275322269,0.008151396780625349,0.007947862626686649,0.008533444950894175,0.008431826302147935,0.00815464744551153,0.008128458978146794,0.008213647230195981,0.00799306553063258,0.008171531806890953
SectionCumProbs: 0_3 0.002722032995574901,0.0027393305255753713,0.002842806697113716,0.0028818797758457114,0.0026140909573237688,0.0028201249550200646,0.0028561400651555273,0.0027574517888140212,0.002710441706151663,0.0027406446795507186,0.0028559569168802325,0.0026840952625494805,0.0027287200776264673,0.002855605376351821,0.00269203139847854,0.0027421176777648283
SectionCumProbs: 1_3 0.002914357780664441,0.0028231811876139857,0.0026346235281869334,0.0027521569808552273,0.0027340452656309275,0.0027672367675221363,0.0025274817871387533,0.0027417201331672676,0.002660384938909733,0.00293736675924997,0.0028940587021522458,0.0028554847241704638,0.0026989728049123906,0.0026620124413560846,0.0027068811647996986,0.0026892841743491
SectionCumProbs: 2_3 0.002825562983194138,0.0026282315665789716,0.0027364018891732444,0.002940067979310262,0.0027918176964705187,0.00275956971199754,0.002897302423027985,0.0026522248586440555,0.0025770359816252495,0.002855433512093486,0.0026818106831154567,0.0026150674587915802,0.0027007660956079433,0.0026960294124880823,0.002594152967354338,0.0027401299547770205
