HitRate: 30345/3000000 0.010115
CumReqs: 93195,93436,93959,93860,94051,93595,93582,93627,93550,94016,93473,94247,94001,93872,93463,94022,94180,94101,93696,93601,93991,93836,93741,93514,93183,94508,93563,93365,93712,93824,93703,93533
CumProbs: 0.00041073857236968047,0.00041306288118664715,0.000441950719340376,0.00043099326348896167,0.0003994490724015564,0.0003954645430010424,0.00040509382238561873,0.0004220280723378045,0.0004047617782689092,0.00039413636653420426,0.000423024204687933,0.00041107061648639013,0.00042368829292135175,0.0004236882929213522,0.00040841426355271384,0.0004140590135367759,0.0004137269694200664,0.0004107385723696806,0.00041870763117070895,0.0004087463076694234,0.00044261480757379465,0.00038948774890027116,0.0004203678517542565,0.00042734077820515674,0.00041239879295322816,0.00042435238115477085,0.00040177338121852356,0.00040310155768536154,0.0004240203370380615,0.0004226921605712235,0.00042734077820515696,0.00041372696942006614
SectionCumProbs: 0_3 0.0001401226172514184,0.0001358060437341946,0.00015174416133625167,0.0001314894702169708,0.00013381377903393747,0.0001281690290498756,0.00014477123488535167,0.00014443919076864218,0.0001371342202010327,0.0001391264849012898,0.0001510800731028326,0.0001391264849012898,0.00014543532311877075,0.00013547399961748508,0.0001318215143336803,0.00013746626431774221,0.00013846239666787078,0.00014510327900206122,0.0001431110143018041,0.00014510327900206122,0.00014643145546889929,0.00013215355845038983,0.00014576736723548027,0.00013680217608432317,0.0001328176466838089,0.00013514195550077556,0.00013148947021697082,0.00013447786726735652,0.0001328176466838089,0.00014111874960154696,0.00014477123488535167,0.00013647013196761362
SectionCumProbs: 1_3 0.00012617676434961844,0.00013979057313470887,0.00014510327900206122,0.00015274029368638023,0.00013912648490128983,0.00012982924963342318,0.0001285010731665851,0.00013746626431774221,0.0001344778672673565,0.00012352041141594229,0.00013215355845038983,0.0001407867054848374,0.00014145079371825645,0.00014742758781902788,0.00014244692606838505,0.00013049333786684222,0.00014377510253522314,0.0001344778672673565,0.00013281764668380888,0.00012750494081645652,0.00014875576428586597,0.00013082538198355175,0.00013945852901799932,0.00014377510253522314,0.0001387944407845803,0.00015141211721954214,0.00013381377903393747,0.00013248560256709938,0.00014443919076864218,0.00013547399961748508,0.000134145823150647,0.00013979057313470884
SectionCumProbs: 2_3 0.00014443919076864218,0.00013746626431774221,0.00014510327900206122,0.00014676349958560883,0.00012650880846632796,0.00013746626431774221,0.0001318215143336803,0.0001401226172514184,0.00013314969080051843,0.0001314894702169708,0.00013979057313470887,0.0001311574261002613,0.00013680217608432314,0.0001407867054848374,0.00013414582315064697,0.0001460994113521898,0.00013148947021697082,0.0001311574261002613,0.00014277897018509457,0.00013613808785090413,0.00014742758781902788,0.00012650880846632798,0.00013514195550077556,0.00014676349958560883,0.00014078670548483744,0.00013779830843445174,0.00013647013196761362,0.0001361380878509041,0.00014676349958560883,0.0001460994113521898,0.00014842372016915645,0.00013746626431774221
