HitRate: 350121/30000000 0.011671
CumReqs: 30000000
CumProbs: 0.00833489583333266
SectionCumProbs: 0_3 0.0027786458333332663
SectionCumProbs: 1_3 0.0027822916666666066
SectionCumProbs: 2_3 0.002773958333333269
