HitRate: 2954321/3000000 0.984774
CumReqs: 456573,102657,175503,148923,291317,93380,148825,153981,138040,162498,97744,133305,229682,242174,114644,310754
CumProbs: 0.15140543566791856,0.03341935210076765,0.05754639219008353,0.04884070532124829,0.09624308544585311,0.030101019004108307,0.04865593635590552,0.05031591902157327,0.04501801170965156,0.05329931756268188,0.03165523286276008,0.04354573603174371,0.07559042008823857,0.0798551228501429,0.03732496323391393,0.1026930239922175
SectionCumProbs: 0_3 0.14172726337901936,0.023922684307859036,0.04637374583168072,0.03754760004374388,0.08557741117786954,0.019780725593602937,0.03883086294615095,0.04070989150536106,0.03543287679729441,0.04227781613529267,0.019709560161721804,0.03122791382453803,0.06521006044165009,0.06847910005108894,0.02627767249864116,0.09093766985442099
SectionCumProbs: 1_3 0.0060755039116504005,0.005797371122830557,0.00725952694574615,0.007367907328244022,0.0065703974654659925,0.006204124004132818,0.0061274089743526975,0.0059099953154864784,0.005301171781274022,0.006905332021016656,0.007978036650197421,0.008370752313284591,0.006767571414347669,0.007520031600063329,0.006666699311360189,0.007648978139480982
SectionCumProbs: 2_3 0.003602668377248606,0.0036992966700780377,0.003913119412656673,0.0039251979492603535,0.004095276802517559,0.00411616940637257,0.0036976644354018637,0.003696032200725691,0.004283963131083134,0.004116169406372573,0.003967636050840846,0.003947069893921068,0.003612788232240878,0.0038559911989906256,0.0043805914239125636,0.0041063759983155325
