HitRate: 1361471/3000000 0.453824
CumReqs: 3000000
CumProbs: 0.4489381345029629
SectionCumProbs: 0_3 0.35280197841606753
SectionCumProbs: 1_3 0.06964151207513715
SectionCumProbs: 2_3 0.026494644011758512
