HitRate: 2466797/3000000 0.822266
CumReqs: 138214,132123,82719,74801,104486,94584,87215,64325,84590,76346,70167,55006,65203,105776,106758,97777,161226,161905,162492,59084,88694,94823,116145,95015,93108,71873,71319,75350,76372,60511,59486,112507
CumProbs: 0.12025311663269676,0.11561837344151904,0.06673101798094681,0.05776375451729438,0.0868337803576831,0.07612659518886138,0.07056806386055867,0.04842710748633826,0.06653579119359289,0.05938647430627827,0.053822017038393184,0.039170131420878995,0.04839714856956052,0.0896769144817783,0.09121732955433967,0.08181483875024567,0.1444724317060154,0.1461550693285548,0.14663770418565555,0.04280898754334575,0.07250683376060457,0.0772788612187748,0.09851183196142352,0.07912446217983055,0.07542766353700235,0.055392061808866765,0.05503815152825042,0.057761120766368856,0.05981017898642069,0.04418709771512234,0.042255899848987345,0.09653586032955463
SectionCumProbs: 0_3 0.10676765345632071,0.10070410038805035,0.05207847392570123,0.04295779447063747,0.07464873170078085,0.06439027184589392,0.05716424696287367,0.037376217821736564,0.0557048197312718,0.04746875136831592,0.04202478820527323,0.025923351922127906,0.0362986844743346,0.0777078334007684,0.07899474994674886,0.06887357435885445,0.13063635043767993,0.13383043187260016,0.1330301008101088,0.027060144665353957,0.05893873664894038,0.061762776078825535,0.08596991005411372,0.06763176079747348,0.06264343654454511,0.04273425486083425,0.040568323943462575,0.044434670302120845,0.045050309580960346,0.029257022156100446,0.0318868224552287,0.08129039309720218
SectionCumProbs: 1_3 0.008602818179334079,0.009960516781437851,0.008654176322381645,0.009606277281955875,0.006539274329191868,0.007490058413303339,0.008594258488826145,0.006069479007852858,0.006379932398198117,0.0070173001221731195,0.007038699348442945,0.007808742275290841,0.007105859997043619,0.007524297175335051,0.007700100049613284,0.008021746881391992,0.007651375657491227,0.0073159016333535585,0.009313272491492164,0.010898790548653116,0.008601501303871321,0.011550643902718458,0.008403311546726197,0.007349811176519588,0.008405616078786022,0.007851869946696174,0.00967837621354189,0.008508332364881174,0.008682818363696642,0.008618949903752868,0.006917217587003493,0.010617966856219912
SectionCumProbs: 2_3 0.004882644997041968,0.004953756272030917,0.005998367732863909,0.005199682764701023,0.005645774327710385,0.004246264929664034,0.004809558408858884,0.00498141065674884,0.004451039064122945,0.004900422815789206,0.004758529484677003,0.005438037223460271,0.004992604098182284,0.004444783905674845,0.004522479557977583,0.0049195175099992,0.006184705610844204,0.005008735822601074,0.004294330884054715,0.0048500523293387035,0.004966595807792807,0.003965441237230834,0.004138610360583548,0.00414289020583751,0.004378610913671242,0.004805937001336301,0.004791451371245959,0.004818118099366813,0.006077051041763719,0.006311125655268999,0.003451859806755111,0.0046275003761325545
