HitRate: 505061/3000000 0.168354
CumReqs: 374648,375704,374677,374593,375151,375263,375506,374458
CumProbs: 0.06711936573190712,0.06734215112382436,0.06706861662400612,0.06736194008413803,0.06746726842129076,0.06748099302279821,0.06724512138293175,0.06685381065157
SectionCumProbs: 0_3 0.02248536574467159,0.022618143284839944,0.02258431054623933,0.022608567981462498,0.02266697733206545,0.02259867350130571,0.02259580091029236,0.02237205798803753
SectionCumProbs: 1_3 0.02249557940160763,0.022397911307156914,0.022245344806674842,0.022441319349134948,0.022513453301245732,0.022497813639062374,0.02245472477386347,0.022292902146783245
SectionCumProbs: 2_3 0.022138420585625825,0.022326096531825337,0.022238961271089853,0.022312052753538335,0.02228683778797743,0.0223845058824283,0.022194595698773942,0.022188850516747436
