HitRate: 2809689/3000000 0.936563
CumReqs: 94655,93228,94294,93656,93731,93940,93644,93627,93332,93774,93601,93753,94079,93783,93418,92938,93684,93937,93867,93484,93960,94010,94474,93984,93434,93691,93169,94073,93333,93847,93806,93794
CumProbs: 0.02696354166666542,0.026953124999998773,0.027015624999998728,0.0269427083333321,0.026947916666665434,0.02706770833333207,0.02705208333333209,0.027010416666665427,0.02708333333333206,0.02699479166666542,0.026968749999998747,0.027015624999998746,0.02694791666666543,0.026968749999998782,0.02698958333333208,0.02699999999999875,0.027083333333332085,0.02697916666666541,0.027005208333332087,0.02704166666666542,0.02698958333333211,0.02698958333333208,0.027015624999998777,0.02699479166666542,0.02696874999999875,0.0269739583333321,0.026973958333332076,0.02692187499999877,0.026937499999998785,0.026968749999998758,0.027010416666665423,0.026999999999998754
SectionCumProbs: 0_3 0.008031250000000023,0.008109375000000023,0.007953125000000012,0.008005208333333342,0.007901041666666683,0.00822395833333335,0.008005208333333357,0.00809375000000002,0.007937500000000028,0.008062500000000014,0.007979166666666683,0.00822395833333335,0.008140625000000009,0.008036458333333345,0.008088541666666685,0.008083333333333347,0.00826562500000002,0.008156250000000023,0.00802083333333334,0.007942708333333352,0.008098958333333352,0.008114583333333354,0.008255208333333349,0.007994791666666683,0.007953125000000009,0.00798437500000002,0.008187500000000009,0.008088541666666673,0.008015625000000004,0.008104166666666676,0.008083333333333343,0.007807291666666689
SectionCumProbs: 1_3 0.008812500000000011,0.008562500000000011,0.008703125000000013,0.008572916666666677,0.008776041666666675,0.008781250000000025,0.008817708333333335,0.00868750000000001,0.009020833333333337,0.008843749999999997,0.008625000000000015,0.008614583333333346,0.008588541666666689,0.00870833333333335,0.008609375000000004,0.008510416666666678,0.00861458333333335,0.008635416666666684,0.008671875000000002,0.008864583333333356,0.008812499999999997,0.008677083333333342,0.008677083333333337,0.008760416666666673,0.008692708333333339,0.008557291666666668,0.008760416666666682,0.00869791666666668,0.008822916666666675,0.008640625,0.008781249999999999,0.008942708333333339
SectionCumProbs: 2_3 0.010119791666666678,0.010281250000000018,0.010359375000000025,0.010364583333333356,0.01027083333333335,0.010062500000000012,0.010229166666666675,0.010229166666666683,0.010125000000000018,0.010088541666666683,0.010364583333333356,0.010177083333333331,0.010218750000000021,0.010223958333333344,0.010291666666666692,0.010406250000000016,0.01020312500000001,0.010187500000000018,0.010312500000000016,0.010234375000000018,0.010078125000000012,0.01019791666666668,0.010083333333333349,0.010239583333333347,0.01032291666666668,0.010432291666666692,0.010026041666666685,0.0101354166666667,0.010098958333333343,0.01022395833333334,0.010145833333333347,0.010250000000000018
