HitRate: 1165055/30000000 0.038835
CumReqs: 1875711,1874559,1874872,1873649,1877174,1873837,1875079,1876597,1876409,1875708,1874012,1873976,1874043,1874847,1874392,1875135
CumProbs: 0.005201041666666591,0.005272916666666578,0.005166666666666582,0.005181249999999912,0.005257291666666583,0.005224999999999919,0.005241666666666574,0.005218749999999915,0.005202083333333247,0.005305208333333238,0.005295833333333246,0.005320833333333241,0.00520937499999992,0.005176041666666581,0.005186458333333253,0.005207291666666585
SectionCumProbs: 0_3 0.0016822916666666891,0.0017625000000000242,0.0017187500000000213,0.0017302083333333564,0.001732291666666689,0.001728125000000022,0.001720833333333356,0.0017572916666666885,0.0017229166666666881,0.0017718750000000208,0.0017760416666666868,0.001790625000000024,0.0017468750000000231,0.00175729166666669,0.0016979166666666878,0.001715625000000021
SectionCumProbs: 1_3 0.0017260416666666858,0.001725000000000022,0.0017687500000000216,0.0017593750000000205,0.001752083333333352,0.0017250000000000217,0.0017416666666666874,0.001721875000000021,0.0017406250000000247,0.0017385416666666886,0.0017447916666666883,0.0017489583333333567,0.0017364583333333563,0.0016906250000000202,0.0017687500000000223,0.0017510416666666885
SectionCumProbs: 2_3 0.0017927083333333556,0.0017854166666666908,0.0016791666666666882,0.001691666666666686,0.0017729166666666867,0.0017718750000000239,0.0017791666666666889,0.0017395833333333586,0.0017385416666666896,0.001794791666666689,0.0017750000000000237,0.0017812500000000237,0.0017260416666666858,0.0017281250000000252,0.0017197916666666882,0.0017406250000000234
