HitRate: 1482899/3000000 0.494300
CumReqs: 77054,89178,82862,95173,98910,104889,92110,88302,85487,86524,88348,94638,100257,87781,94002,86107,89788,81696,90182,106557,128621,141610,120085,98975,82137,81200,76021,77973,99657,102093,93664,78119
CumProbs: 0.016114964406412604,0.016600737898875683,0.011646974131154219,0.02094985108906642,0.029454695247499465,0.033359095553997034,0.026150309643348874,0.01966339572559063,0.02096276531279242,0.022521081642397876,0.030470614180612407,0.030703070207680625,0.03617605199597605,0.023755217843086256,0.02642515081495374,0.02414098888515813,0.028621893384142536,0.020000490078233714,0.026813570928559176,0.028189432456292008,0.032014691750725056,0.029097732858354815,0.02622415251234633,0.024255230095042088,0.017323603293590645,0.01730638432862263,0.018478267348272792,0.023027385439245884,0.03025438371668709,0.03114414061801515,0.021252838645715182,0.01852297043040128
SectionCumProbs: 0_3 0.009866798060614728,0.010684698896595478,0.0060647181421001695,0.012154271329827283,0.02351878820871771,0.02523704223216066,0.020389903593664226,0.014949372931654617,0.014721883913711794,0.01656398203134779,0.021319727701937075,0.023176726846949238,0.028458644350888063,0.01560236906467245,0.0164467606159886,0.012368846124044099,0.019626639858062747,0.013285424874649256,0.01851005620667527,0.019198483671454204,0.024086682918720532,0.022821420127513058,0.019133581418882443,0.01464208063376388,0.011762208742863238,0.010781390007569728,0.012993033604134677,0.01647556926891586,0.022320745607673834,0.025115847209501177,0.015777207785886142,0.01041846720747462
SectionCumProbs: 1_3 0.004185533022994608,0.0036332016082513295,0.003783205283838081,0.007051828422285844,0.003280543960348699,0.004664683836623811,0.003261007057788833,0.002643773390473808,0.004057053053617872,0.002881858694550794,0.0067091047926339945,0.0043583849405581495,0.004269972178126219,0.0052782750305802205,0.005344501818918741,0.0071365987113591565,0.004266329704767601,0.0034507468063787,0.003701415200240007,0.005704775547480307,0.006241212533022333,0.0030729229789074317,0.00385903495648569,0.006250484283389728,0.0035110131837667556,0.005026613234893836,0.003139812035129338,0.003952414728043004,0.005222313394434168,0.0039024135028474195,0.0033957785720577266,0.005650800714984408
SectionCumProbs: 2_3 0.002062633322803275,0.0022828373940288606,0.001799050705215957,0.0017437513369532903,0.0026553630784330487,0.0034573694852125534,0.0024993989918958284,0.0020702494034622043,0.00218382834546277,0.0030752409164992787,0.002441781686041314,0.00316795842017321,0.0034474354669617735,0.002874573747833557,0.004633888380046397,0.004635544049754863,0.004728923821312179,0.00326431839720576,0.004602099521643909,0.003286173237357473,0.001686796298982161,0.00320338975193432,0.0032315361369781915,0.0033626651778884643,0.0020503813669606485,0.0014983810861590654,0.0023454217090087648,0.0025994014422869964,0.002711324714579099,0.002125879905666563,0.002079852287771291,0.002453702507942247
