HitRate: 2782786/3000000 0.927595
CumReqs: 3000000
CumProbs: 0.9506445623686834
SectionCumProbs: 0_3 0.8272255386949501
SectionCumProbs: 1_3 0.07641779195603281
SectionCumProbs: 2_3 0.04700123171727418
