HitRate: 2950329/3000000 0.983443
CumReqs: 3000000
CumProbs: 0.9172690598435276
SectionCumProbs: 0_3 0.47929594374637213
SectionCumProbs: 1_3 0.22223118411083573
SectionCumProbs: 2_3 0.21574193198631736
