HitRate: 2769951/3000000 0.923317
CumReqs: 3000000
CumProbs: 0.7674697653527434
SectionCumProbs: 0_3 0.359765426617592
SectionCumProbs: 1_3 0.21961379289781513
SectionCumProbs: 2_3 0.18809054583663531
