HitRate: 2484264/3000000 0.828088
CumReqs: 372062,376933,376328,377927,373632,373265,374522,375331
CumProbs: 0.07104167673554986,0.07232535023702302,0.0717587753597566,0.07238736485616871,0.07105681645477761,0.07158466858863381,0.07152469200861504,0.0719110459973775
SectionCumProbs: 0_3 0.024789543345307266,0.025006740086540944,0.024917648661852594,0.0251767707794102,0.0249866508437191,0.024926674263700144,0.02472287035101434,0.025049830056651633
SectionCumProbs: 1_3 0.023545466032584107,0.02413300359801254,0.02395452960018917,0.023936769544940825,0.023355637245339712,0.02391697145056555,0.02392628820085979,0.023938516435620907
SectionCumProbs: 2_3 0.022706667357658975,0.02318560655247041,0.022886597097715764,0.023273824531818692,0.02271452836571965,0.022741022874368834,0.0228755334567414,0.022922699505105844
