HitRate: 1882621/3000000 0.627540
CumReqs: 3000000
CumProbs: 0.6261080168934171
SectionCumProbs: 0_3 0.21980721693292016
SectionCumProbs: 1_3 0.21060766143809995
SectionCumProbs: 2_3 0.1956931385223986
