HitRate: 2908814/3000000 0.969605
CumReqs: 188227,188150,187130,186865,186186,186039,186945,188152,187594,187380,187687,186245,188076,187775,189289,188260
CumProbs: 0.059324323667395686,0.06002967886266305,0.05995236892240814,0.059621331835434555,0.05966147655086089,0.05940916074179313,0.05954966724578618,0.059547942277545285,0.0594187264747662,0.0598062170678086,0.05958087348941868,0.05947643450319151,0.059553273997562606,0.0595942027894627,0.06011827950413236,0.05985435936326227
SectionCumProbs: 0_3 0.022432898343387568,0.02242850751513777,0.02269838663720417,0.022192030050828437,0.02226024470399471,0.022221197695630676,0.02248135426942966,0.022283139737011393,0.022212416039131103,0.02242458713277195,0.022354804326659546,0.02220065489203346,0.02216490100485681,0.022418784966870622,0.022543139495515816,0.022271849035797806
SectionCumProbs: 1_3 0.020110463829846815,0.020609293282080016,0.020384733780162975,0.02047490257457801,0.020455614293337965,0.020268533646838605,0.020387870086055724,0.020398219895501547,0.020471452638095952,0.020567109967823308,0.020348195816513117,0.020242815938518573,0.020451850726266717,0.020454673401570173,0.020529317481816207,0.020628111117436104
SectionCumProbs: 2_3 0.016780961494161598,0.016991878065445366,0.016869248505040978,0.016954399210027653,0.01694561755352803,0.016919429399324094,0.016680442890300663,0.01686658264503212,0.016734857797538902,0.01681451996721331,0.01687787334624583,0.01703296367263962,0.016936522266439272,0.016720744421021706,0.017045822526799693,0.016954399210027647
