HitRate: 17132783/30000000 0.571093
CumReqs: 1237159,2440397,1588518,1502861,2226865,1648006,1585099,2628975,1520885,1547255,1415482,1351530,2371300,1288657,3800410,1846601
CumProbs: 0.015277517498539856,0.05486895521648017,0.024942233559289775,0.02332793211336937,0.04739587179208982,0.027308205153768843,0.026332380155961413,0.061287841083908466,0.024152143529478875,0.02363795689669188,0.020133783824490277,0.017614132705002217,0.052571992792923405,0.014924741017345124,0.10069097806554662,0.03558184161119056
SectionCumProbs: 0_3 0.009601971363093398,0.04892673578557693,0.019907129850268435,0.017876574148838014,0.04019865844305713,0.02124396178084846,0.02096302681221217,0.054988946536852566,0.019215905204391107,0.01954815553914055,0.015241263525597574,0.012005263223836564,0.0477627100164662,0.009481013714398133,0.09305311900126707,0.03053790766059776
SectionCumProbs: 1_3 0.0036533874939254606,0.003005747587578002,0.0029732922845947542,0.0033367316990077877,0.003948650779073888,0.0037054692583636715,0.0038926037363451135,0.004545908325964805,0.0034916108040038245,0.0019512834572854895,0.0030480994254544996,0.00400819659676492,0.002974758437912272,0.0034727840625402347,0.005294879419552565,0.0036185663526343975
SectionCumProbs: 2_3 0.0020221586415209818,0.0029364718433252572,0.0020618114244265935,0.002114626265523564,0.003248562569958838,0.002358774114556689,0.0014767496074041273,0.0017529862210911224,0.0014446275210839507,0.002138517900265854,0.0018444208734381803,0.0016006728844007417,0.0018345243385449312,0.001970943240406759,0.002342979644727059,0.0014253675979583678
