HitRate: 2962287/3000000 0.987429
CumReqs: 3000000
CumProbs: 0.945859630360096
SectionCumProbs: 0_3 0.3907554810780611
SectionCumProbs: 1_3 0.3033048252560481
SectionCumProbs: 2_3 0.25179932402592936
