HitRate: 30433/3000000 0.010144
CumReqs: 3000000
CumProbs: 0.011367411821495695
SectionCumProbs: 0_3 0.0038210962597999285
SectionCumProbs: 1_3 0.00377981590292458
SectionCumProbs: 2_3 0.0037664996587712368
