HitRate: 132268/3000000 0.044089
CumReqs: 187344,186942,187407,186756,187879,187702,187846,186690,187092,187849,187088,188142,187907,188061,187933,187362
CumProbs: 0.009007650686406875,0.008539106761476616,0.007868085235956241,0.007414809544832264,0.008671315786026462,0.007773352785294541,0.008876742931783702,0.007660055550345657,0.007888471798140763,0.008096935240393571,0.007542941256945203,0.008529043607377022,0.007300644796598934,0.008826600663942618,0.008256817938717301,0.008761363664952143
SectionCumProbs: 0_3 0.0027689289013004986,0.002532618282616916,0.002206259785007653,0.0027493231010719777,0.003146817688005961,0.002685213869351285,0.003112811167255607,0.00226681221226211,0.0023087998552293837,0.0028926362956627548,0.0028288740692558414,0.002672201170084568,0.0028576755102995084,0.003249791514869915,0.002603754371941637,0.0029520609556474295
SectionCumProbs: 1_3 0.0031351930099943605,0.003069869259675441,0.002885869692044062,0.0024004960093955167,0.002744118021365291,0.002188562514004918,0.0031513287570850896,0.0028727702414489,0.0028601045474959627,0.0025543928660565567,0.0018765179855890427,0.003251266287453476,0.0023142651889214044,0.002706554696148701,0.0033630019984903538,0.0028103960362971026
SectionCumProbs: 2_3 0.003103528775112016,0.0029366192191842585,0.002775955758904525,0.0022649904343647696,0.002780380076655209,0.002899576401938337,0.0026126030074430035,0.0025204730966346474,0.002719567395415418,0.002649906078674259,0.00283754920210032,0.002605576149838977,0.002128704097378019,0.0028702544529240017,0.0022900615682853102,0.002998906673007611
