HitRate: 1978906/3000000 0.659635
CumReqs: 3000000
CumProbs: 0.3047255119265712
SectionCumProbs: 0_3 0.13864551629828128
SectionCumProbs: 1_3 0.10494336436403284
SectionCumProbs: 2_3 0.06113663126425721
