HitRate: 16806876/30000000 0.560229
CumReqs: 30000000
CumProbs: 0.4396385416728524
SectionCumProbs: 0_3 0.14101692708325836
SectionCumProbs: 1_3 0.1460015624999259
SectionCumProbs: 2_3 0.15262005208324717
