HitRate: 3963965/30000000 0.132132
CumReqs: 30000000
CumProbs: 0.13213673790871955
SectionCumProbs: 0_3 0.04429949747710331
SectionCumProbs: 1_3 0.04407237835948213
SectionCumProbs: 2_3 0.04376486207213436
