HitRate: 400302/30000000 0.013343
CumReqs: 30000000
CumProbs: 0.013321546547877547
SectionCumProbs: 0_3 0.0044465944851761596
SectionCumProbs: 1_3 0.004437454678430124
SectionCumProbs: 2_3 0.004437497384271443
