HitRate: 650845/3000000 0.216948
CumReqs: 375127,374773,374336,374496,373928,375496,376476,375368
CumProbs: 0.08206777249348084,0.08157759071234999,0.0809283003481222,0.08077567012187474,0.08171982640461682,0.08164939076487172,0.08181786623263114,0.0806259180080757
SectionCumProbs: 0_3 0.02803950538113462,0.02730765242085141,0.02770519300467584,0.027809568846222116,0.02758231947540476,0.02774386178205552,0.02754754257263833,0.027029707998202607
SectionCumProbs: 1_3 0.02725096159073534,0.027098182077593843,0.02718926097019378,0.026902925235377077,0.027387007084576222,0.02790699416771866,0.027091446808414764,0.02776999046032443
SectionCumProbs: 2_3 0.02677730552161081,0.02717175621390467,0.026033846373252473,0.02606317604027562,0.026750499844635737,0.025998534815097635,0.027178876851578018,0.025826219549548588
