HitRate: 573801/3000000 0.191267
CumReqs: 93480,93658,93794,93745,93799,93084,93736,93836,94014,94308,93393,93663,93672,94215,93533,93552,93702,93848,93675,94231,93616,93593,93649,94033,93725,93514,94008,93840,93725,93760,94159,93440
CumProbs: 0.013333333333333341,0.01276041666666666,0.013020833333333336,0.012604166666666663,0.012812499999999992,0.01369791666666667,0.013229166666666667,0.013802083333333343,0.013333333333333343,0.013385416666666664,0.013437500000000003,0.013489583333333333,0.013906249999999995,0.013645833333333338,0.01468750000000001,0.013906250000000009,0.012864583333333344,0.01369791666666667,0.01338541666666667,0.013437499999999996,0.013697916666666672,0.012447916666666666,0.012656250000000008,0.013229166666666662,0.01348958333333334,0.013541666666666672,0.01312500000000001,0.013333333333333332,0.014375000000000008,0.012552083333333335,0.013125000000000001,0.012760416666666668
SectionCumProbs: 0_3 0.0042708333333333305,0.004010416666666664,0.004479166666666665,0.004166666666666664,0.004270833333333331,0.004427083333333333,0.004218749999999997,0.0043749999999999995,0.004374999999999998,0.004583333333333332,0.004427083333333331,0.004322916666666665,0.004531249999999998,0.0047395833333333335,0.004999999999999998,0.004322916666666662,0.0042708333333333305,0.004374999999999998,0.004479166666666667,0.004322916666666664,0.004427083333333332,0.004114583333333331,0.004166666666666666,0.003906249999999996,0.0045833333333333325,0.0044270833333333315,0.00380208333333333,0.004270833333333333,0.004895833333333333,0.004322916666666664,0.0042708333333333305,0.00395833333333333
SectionCumProbs: 1_3 0.004062499999999998,0.004635416666666666,0.004374999999999998,0.004635416666666665,0.004322916666666666,0.004531249999999997,0.004479166666666663,0.004999999999999998,0.004687499999999998,0.004270833333333331,0.004322916666666665,0.004635416666666666,0.004583333333333334,0.00453125,0.004635416666666666,0.004635416666666666,0.0042708333333333305,0.004635416666666664,0.0045833333333333325,0.004635416666666664,0.004427083333333331,0.004270833333333331,0.004531249999999997,0.004635416666666664,0.004218749999999998,0.004114583333333332,0.004947916666666668,0.004479166666666665,0.004947916666666665,0.00427083333333333,0.004531249999999999,0.004322916666666665
SectionCumProbs: 2_3 0.004999999999999999,0.004114583333333331,0.004166666666666664,0.00380208333333333,0.004218749999999998,0.0047395833333333335,0.004531249999999998,0.004427083333333331,0.004270833333333332,0.004531249999999999,0.004687499999999998,0.004531249999999999,0.004791666666666666,0.004374999999999998,0.00505208333333333,0.004947916666666667,0.004322916666666664,0.004687499999999997,0.004322916666666665,0.004479166666666663,0.004843749999999999,0.004062499999999997,0.00395833333333333,0.004687499999999999,0.004687499999999999,0.004999999999999999,0.004374999999999998,0.004583333333333332,0.004531249999999998,0.00395833333333333,0.004322916666666665,0.004479166666666666
