HitRate: 17453749/30000000 0.581792
CumReqs: 30000000
CumProbs: 0.4178847222211647
SectionCumProbs: 0_3 0.13204340277801016
SectionCumProbs: 1_3 0.1383472222224748
SectionCumProbs: 2_3 0.14749409722250464
