HitRate: 1015444/3000000 0.338481
CumReqs: 94201,93680,94165,93836,93863,93736,93907,93814,93505,93315,93517,93760,94172,93570,93653,93556,93316,93611,93307,93748,93665,93834,93980,94360,93962,93328,93443,93978,93524,94073,93613,94008
CumProbs: 0.02448437499999898,0.02505208333333225,0.024249999999998995,0.02426041666666569,0.024531249999998984,0.024343749999999012,0.024458333333332322,0.024479166666665643,0.024421874999998983,0.024401041666665662,0.02466666666666563,0.024583333333332322,0.024640624999998955,0.024635416666665653,0.02447395833333232,0.024411458333332338,0.0248020833333323,0.024557291666665645,0.024671874999998965,0.024546874999998983,0.024442708333332317,0.024781249999998953,0.02464062499999899,0.024515624999999014,0.024526041666665676,0.024572916666665626,0.02409895833333238,0.02458333333333228,0.024437499999998988,0.024515624999999003,0.024421874999998993,0.024744791666665617
SectionCumProbs: 0_3 0.00799479166666668,0.008218750000000026,0.007843750000000019,0.00795312500000003,0.007880208333333364,0.007838541666666693,0.007770833333333359,0.008052083333333356,0.007828125000000016,0.007973958333333357,0.00803125000000002,0.007890625000000009,0.007875000000000017,0.00799479166666668,0.008109375000000025,0.007750000000000017,0.008223958333333342,0.007932291666666693,0.008052083333333354,0.007812500000000017,0.00789062500000002,0.007989583333333355,0.008026041666666693,0.007937500000000014,0.007859375000000028,0.007968750000000005,0.00783333333333336,0.007921875000000004,0.007833333333333364,0.007864583333333355,0.007755208333333342,0.007973958333333345
SectionCumProbs: 1_3 0.008203125000000002,0.00839062500000001,0.008062500000000026,0.007989583333333366,0.008260416666666687,0.008187500000000021,0.008171875000000014,0.00817708333333335,0.008041666666666681,0.008000000000000021,0.007994791666666688,0.00801562500000001,0.008328125000000023,0.008140625000000021,0.007963541666666688,0.008151041666666678,0.00818750000000002,0.008197916666666676,0.00807812500000002,0.008192708333333356,0.00818229166666668,0.008286458333333349,0.008208333333333354,0.008223958333333335,0.008265625000000006,0.008171875000000009,0.008046875000000016,0.008187500000000016,0.00804687500000001,0.008260416666666682,0.008223958333333354,0.008385416666666683
SectionCumProbs: 2_3 0.008286458333333354,0.008442708333333354,0.008343749999999995,0.008317708333333363,0.008390625000000021,0.008317708333333352,0.008515625000000016,0.008250000000000014,0.008552083333333365,0.008427083333333342,0.008640625000000032,0.00867708333333335,0.008437500000000016,0.008500000000000004,0.008401041666666678,0.008510416666666678,0.008390625000000006,0.008427083333333332,0.008541666666666671,0.008541666666666678,0.008369791666666692,0.008505208333333346,0.008406250000000016,0.00835416666666668,0.008401041666666692,0.00843229166666668,0.008218750000000007,0.00847395833333335,0.008557291666666682,0.008390625000000014,0.00844270833333334,0.008385416666666685
