HitRate: 2851781/3000000 0.950594
CumReqs: 3000000
CumProbs: 0.8488845486106444
SectionCumProbs: 0_3 0.2428472222221659
SectionCumProbs: 1_3 0.2701302083332824
SectionCumProbs: 2_3 0.33590711805553986
