HitRate: 2727026/3000000 0.909009
CumReqs: 3000000
CumProbs: 0.7098011155921347
SectionCumProbs: 0_3 0.4767259289029046
SectionCumProbs: 1_3 0.1429435882437811
SectionCumProbs: 2_3 0.09013159844545317
