HitRate: 10595457/30000000 0.353182
CumReqs: 3749236,3750776,3749626,3749881,3749818,3752495,3751261,3746907
CumProbs: 0.09240694444443673,0.09288611111110331,0.09292777777776981,0.09258055555554738,0.09256944444443681,0.09235694444443676,0.09251944444443648,0.09264861111110259
SectionCumProbs: 0_3 0.029588888888889702,0.029508333333334136,0.029795833333334368,0.02953055555555643,0.029677777777778715,0.029684722222223164,0.02972500000000096,0.029572222222223263
SectionCumProbs: 1_3 0.03057777777777883,0.03080138888888999,0.030895833333334302,0.030754166666667714,0.03071527777777876,0.03080416666666773,0.03057916666666765,0.030955555555556635
SectionCumProbs: 2_3 0.03224027777777898,0.032576388888890084,0.032236111111112194,0.032295833333334564,0.03217638888889008,0.03186805555555672,0.032215277777778974,0.03212083333333436
