HitRate: 2159851/3000000 0.719950
CumReqs: 3000000
CumProbs: 0.14504335415992545
SectionCumProbs: 0_3 0.05548735054223813
SectionCumProbs: 1_3 0.04629311560832726
SectionCumProbs: 2_3 0.0432628880093595
