HitRate: 907204/3000000 0.302401
CumReqs: 374390,375532,374735,374361,375450,375316,376011,374205
CumProbs: 0.11953528103566091,0.11948680121553927,0.11957701050108237,0.11993539296881571,0.11990256169822713,0.11966599244940533,0.1196291723328585,0.11919592229481127
SectionCumProbs: 0_3 0.04046438758327508,0.04036834844594586,0.04047819512698044,0.04063069177634966,0.04055459686881745,0.040506423883000464,0.0404315563126864,0.04024837623286056
SectionCumProbs: 1_3 0.03979579563362506,0.039854400985797414,0.03980684166858964,0.03993479157359385,0.039974986867491895,0.039786897438792775,0.039965781838354926,0.03968748312411338
SectionCumProbs: 2_3 0.03927509781877639,0.03926405178381201,0.039291973705527505,0.0393699096188873,0.03937297796193295,0.03937267112762836,0.039231834181832376,0.03926006293785261
