HitRate: 1646125/3000000 0.548708
CumReqs: 384131,402723,425642,378266,382778,385639,320901,319920
CumProbs: 0.040553447181116,0.037519118467274626,0.03468778827453923,0.03752111517403963,0.033587602847037636,0.03563722234128508,0.034966328868253294,0.030133300143629773
SectionCumProbs: 0_3 0.029692693517491826,0.025153846256241376,0.025242034138361125,0.024357825825937776,0.023383765709090468,0.023099567779542276,0.02036541064936898,0.019670223910696637
SectionCumProbs: 1_3 0.006737554193949446,0.008816125936289075,0.00653854908637354,0.00855389178115562,0.007086977877820179,0.008117278568547605,0.008915961274537865,0.00710594659208745
SectionCumProbs: 2_3 0.004123199469674682,0.0035491462747441888,0.0029072050498045233,0.0046093975669462516,0.0031168592601269647,0.0044203759931952255,0.0056849569443464575,0.0033571296408456985
