HitRate: 2303833/3000000 0.767944
CumReqs: 3000000
CumProbs: 0.5724843741200691
SectionCumProbs: 0_3 0.42951429236900734
SectionCumProbs: 1_3 0.08429912617929994
SectionCumProbs: 2_3 0.05867095557182042
