HitRate: 2771078/3000000 0.923693
CumReqs: 3000000
CumProbs: 0.9378798269563922
SectionCumProbs: 0_3 0.8131216605151369
SectionCumProbs: 1_3 0.07783611626554714
SectionCumProbs: 2_3 0.046922050175957145
