HitRate: 2257454/3000000 0.752485
CumReqs: 3000000
CumProbs: 0.2355480185636451
SectionCumProbs: 0_3 0.10555800030768227
SectionCumProbs: 1_3 0.07049049750326371
SectionCumProbs: 2_3 0.059499520752693894
