HitRate: 2428718/3000000 0.809573
CumReqs: 3000000
CumProbs: 0.8100233790269166
SectionCumProbs: 0_3 0.5642018840701389
SectionCumProbs: 1_3 0.1353031659234887
SectionCumProbs: 2_3 0.11051832903886664
