HitRate: 28102834/30000000 0.936761
CumReqs: 30000000
CumProbs: 0.8633313802326956
SectionCumProbs: 0_3 0.25735442708771933
SectionCumProbs: 1_3 0.27883984375499715
SectionCumProbs: 2_3 0.32713710938147217
