HitRate: 13308/3000000 0.004436
CumReqs: 374925,375765,374097,374357,374565,375222,375503,375566
CumProbs: 0.0017188094484064166,0.0016912295626545662,0.0015370266163360602,0.001606250601986382,0.0015242677945664163,0.0018110687490068302,0.0017468441384172668,0.0016960622918799652
SectionCumProbs: 0_3 0.0005068984414903052,0.0005770112049292061,0.0005212369269076196,0.0006008554465384347,0.0005844998521556339,0.000551552581789941,0.0005703592586678081,0.0005668423371840939
SectionCumProbs: 1_3 0.0006018067165152734,0.000591054588346406,0.0004828181182809854,0.0004752044866780386,0.00043799038856951784,0.0006470545326033742,0.0005553715488502426,0.0005514831460252083
SectionCumProbs: 2_3 0.0006101042904008379,0.0005231637693789536,0.0005329715711474553,0.0005301906687699084,0.0005017775538412644,0.000612461634613515,0.0006211133308992164,0.0005777368086706634
