HitRate: 1779478/3000000 0.593159
CumReqs: 3000000
CumProbs: 0.10779354827586578
SectionCumProbs: 0_3 0.035975502400722094
SectionCumProbs: 1_3 0.036016285313278586
SectionCumProbs: 2_3 0.035801760561863696
