HitRate: 1893259/3000000 0.631086
CumReqs: 315354,379793,355566,330488,436700,355750,325767,500582
CumProbs: 0.0375632118940673,0.031293178547647786,0.049659703888060555,0.028689718331732544,0.02643418597877374,0.027192695381157636,0.024378945431980433,0.04488202779290428
SectionCumProbs: 0_3 0.02170183381978803,0.01771066132288572,0.01610932666627119,0.017018471503574925,0.015444797778593904,0.007600424178720278,0.011184681042797127,0.024594900657263725
SectionCumProbs: 1_3 0.013004303774350787,0.01050248915058278,0.022336035661939424,0.006447329920263199,0.007124856113165871,0.012468748146217684,0.009938606062343074,0.015055211886068953
SectionCumProbs: 2_3 0.002857074299928481,0.0030800280741792863,0.011214341559849924,0.005223916907894429,0.0038645320870139594,0.007123523056219677,0.0032556583268402352,0.005231915249571589
