HitRate: 117292/30000000 0.003910
CumReqs: 3749092,3748973,3753153,3751245,3748429,3747463,3751373,3750272
CumProbs: 0.0010749999999999954,0.0010041666666666628,0.0010562499999999956,0.0010458333333333292,0.0010249999999999955,0.001033333333333329,0.0010374999999999957,0.001014583333333329
SectionCumProbs: 0_3 0.0003666666666666659,0.00032708333333333276,0.0003458333333333327,0.00035416666666666615,0.00034583333333333276,0.00035416666666666615,0.0003645833333333327,0.00035833333333333274
SectionCumProbs: 1_3 0.000354166666666666,0.0003416666666666662,0.0003687499999999994,0.0003416666666666661,0.0003270833333333328,0.0003374999999999994,0.00032916666666666603,0.0003291666666666662
SectionCumProbs: 2_3 0.000354166666666666,0.00033541666666666605,0.00034166666666666595,0.0003499999999999994,0.0003520833333333326,0.00034166666666666606,0.00034374999999999955,0.00032708333333333276
