HitRate: 363562/3000000 0.121187
CumReqs: 374947,374836,375670,375123,374845,374900,374411,375268
CumProbs: 0.009805555555555555,0.009555555555555543,0.009861111111111109,0.010499999999999997,0.009749999999999986,0.010027777777777774,0.009930555555555552,0.009888888888888886
SectionCumProbs: 0_3 0.0032499999999999985,0.003013888888888887,0.003333333333333332,0.0033472222222222224,0.0035138888888888897,0.0034999999999999996,0.0036388888888888877,0.003291666666666667
SectionCumProbs: 1_3 0.003194444444444442,0.0034583333333333324,0.0032361111111111097,0.0034861111111111082,0.003333333333333331,0.0031249999999999993,0.0031527777777777756,0.003305555555555555
SectionCumProbs: 2_3 0.0033611111111111103,0.003083333333333332,0.0032916666666666663,0.0036666666666666666,0.002902777777777776,0.003402777777777777,0.0031388888888888877,0.0032916666666666663
