HitRate: 2597224/3000000 0.865741
CumReqs: 340146,360108,398122,397136,400962,388742,366560,348224
CumProbs: 0.24927303078440347,0.2853889545789657,0.2833732254192184,0.29713421760317976,0.29421776004001826,0.28590404177971634,0.2758489316170022,0.26539420596774416
SectionCumProbs: 0_3 0.18231243017456383,0.19429403021045544,0.20447147664788637,0.1975446447724944,0.19802688014797734,0.1971514035207026,0.1858547885580686,0.17717160984487346
SectionCumProbs: 1_3 0.040021123233325226,0.04898354246135158,0.046126169151106185,0.05720606013207665,0.05798028449190218,0.055051568784978265,0.05224004093239247,0.04968029535261736
SectionCumProbs: 2_3 0.026939477376493264,0.04211138190712509,0.03277557962019908,0.04238351269857779,0.03821059540010738,0.033701069474010956,0.03775410212651678,0.03854230077022806
