HitRate: 28102889/30000000 0.936763
CumReqs: 30000000
CumProbs: 0.8632699869007389
SectionCumProbs: 0_3 0.2573356119856402
SectionCumProbs: 1_3 0.2788186849029701
SectionCumProbs: 2_3 0.32711569011284325
