HitRate: 2940038/3000000 0.980013
CumReqs: 3000000
CumProbs: 0.9801157280071703
SectionCumProbs: 0_3 0.3930854506657774
SectionCumProbs: 1_3 0.3467734274781882
SectionCumProbs: 2_3 0.24025684986320614
