HitRate: 347535/3000000 0.115845
CumReqs: 94737,93288,94210,93559,93799,94120,93598,93482,93078,93907,93555,93796,93912,93813,93577,92832,93781,93852,93819,93481,93856,93828,94341,94054,93597,93759,93210,94116,93362,93812,93949,93920
CumProbs: 0.002624999999999999,0.002583333333333337,0.002552083333333334,0.0025833333333333372,0.002484375000000003,0.002552083333333336,0.0025937500000000006,0.0026458333333333355,0.002692708333333335,0.002572916666666669,0.002729166666666667,0.00265104166666667,0.0026562499999999998,0.002619791666666669,0.0024635416666666677,0.0026354166666666665,0.002598958333333334,0.002760416666666667,0.002609375,0.002661458333333336,0.0026979166666666666,0.0026562500000000015,0.002598958333333336,0.002770833333333333,0.002562500000000002,0.0025624999999999997,0.002614583333333335,0.0026458333333333355,0.002630208333333334,0.002640625,0.0026249999999999993,0.002557291666666667
SectionCumProbs: 0_3 0.0008177083333333337,0.0008020833333333331,0.0008437500000000001,0.0008489583333333337,0.0008281250000000003,0.0008802083333333335,0.0009114583333333338,0.0008645833333333337,0.0008697916666666669,0.000859375,0.0008333333333333336,0.0009218750000000004,0.0008437500000000002,0.0008177083333333334,0.0008229166666666669,0.0008333333333333334,0.0008802083333333335,0.0009531250000000008,0.0009114583333333339,0.0008437500000000005,0.0008645833333333337,0.000854166666666667,0.0008437499999999998,0.0009114583333333338,0.0008333333333333334,0.0008854166666666665,0.0008593749999999999,0.0008906250000000004,0.0009114583333333337,0.0008750000000000007,0.0008697916666666673,0.0008072916666666668
SectionCumProbs: 1_3 0.0008958333333333333,0.0008750000000000003,0.0008437500000000007,0.0008645833333333335,0.0007760416666666667,0.0008177083333333334,0.0008437500000000004,0.0008906250000000001,0.000911458333333334,0.000848958333333334,0.000979166666666667,0.0008906250000000005,0.0008802083333333334,0.000901041666666667,0.0008125000000000002,0.000901041666666667,0.000802083333333334,0.0009375000000000006,0.0007916666666666668,0.0009166666666666672,0.0009270833333333338,0.0009479166666666671,0.0008802083333333341,0.0009270833333333338,0.0008072916666666667,0.0008593750000000003,0.0008281250000000002,0.000880208333333334,0.0008177083333333335,0.0008697916666666667,0.0008906250000000004,0.0008333333333333336
SectionCumProbs: 2_3 0.0009114583333333335,0.0009062500000000007,0.0008645833333333331,0.0008697916666666668,0.0008802083333333333,0.0008541666666666671,0.0008385416666666669,0.0008906250000000001,0.0009114583333333337,0.0008645833333333333,0.0009166666666666671,0.0008385416666666671,0.0009322916666666671,0.0009010416666666673,0.0008281249999999999,0.0009010416666666673,0.0009166666666666674,0.0008697916666666672,0.0009062500000000002,0.0009010416666666667,0.0009062500000000003,0.0008541666666666672,0.0008750000000000008,0.000932291666666667,0.0009218750000000002,0.0008177083333333332,0.000927083333333334,0.0008750000000000002,0.0009010416666666669,0.0008958333333333334,0.0008645833333333335,0.0009166666666666672
