HitRate: 14996463/30000000 0.499882
CumReqs: 30000000
CumProbs: 0.5000000000016115
SectionCumProbs: 0_3 0.16666666666664953
SectionCumProbs: 1_3 0.16666666666664953
SectionCumProbs: 2_3 0.16666666666664953
