HitRate: 2405593/3000000 0.801864
CumReqs: 186194,188545,186344,188456,189166,187417,188644,189422,187686,187823,187434,186562,185754,186189,186150,188214
CumProbs: 0.031450829789058304,0.03143554271441285,0.031225843929602367,0.03153324706105991,0.03164324753296524,0.030987232634049348,0.031640921238997456,0.03174261351816071,0.03136110130744367,0.03159838329215793,0.03129330645466818,0.031124151650439098,0.030772881261303307,0.030866597675434145,0.03102146238814681,0.03127203748124841
SectionCumProbs: 0_3 0.010382249978232533,0.01048261294655705,0.01068466819404482,0.010496570710363773,0.010657749649560427,0.010083819694936455,0.010753792357659057,0.010759441928723681,0.010423458614233327,0.010533126758428994,0.010422461631104283,0.010526480204235316,0.010256297776262361,0.010256630103972049,0.010481615963428,0.010576329360687892
SectionCumProbs: 1_3 0.010539108657203302,0.010342038325360788,0.010205119308971054,0.010570347461913583,0.010447053881620883,0.010560709958332753,0.010383246961361583,0.010411827144394398,0.010576329360687893,0.010795000993659851,0.010478292686331164,0.010218744745068087,0.010298835723101892,0.010442733621394995,0.010308805554392408,0.010503549592267134
SectionCumProbs: 2_3 0.010529471153622471,0.010610891442495012,0.010336056426586485,0.010466328888782545,0.010538444001783933,0.010342702980780159,0.010503881919976815,0.01057134444504264,0.010361313332522456,0.010270255540069082,0.010392552137232731,0.010378926701135695,0.010217747761939042,0.010167233950067097,0.010231040870326396,0.010192158528293388
