HitRate: 2939922/3000000 0.979974
CumReqs: 3000000
CumProbs: 0.9799212123371724
SectionCumProbs: 0_3 0.3881791731235292
SectionCumProbs: 1_3 0.3496663978710941
SectionCumProbs: 2_3 0.2420756413425666
