HitRate: 122419/30000000 0.004081
CumReqs: 938386,938988,938832,937551,937237,938601,938543,937587,936429,937996,935364,938285,938070,936586,937767,936998,938513,936947,938190,935416,937193,936923,937598,936326,936725,937797,938374,937954,938564,937344,936175,936741
CumProbs: 0.0002454861111111103,0.00024201388888888802,0.00023472222222222137,0.00024861111111111026,0.00023472222222222137,0.00024236111111111024,0.00024652777777777694,0.00023854166666666577,0.0002354166666666658,0.00024652777777777694,0.0002295138888888881,0.00025347222222222134,0.00024444444444444356,0.00024687499999999916,0.0002531249999999991,0.00025347222222222134,0.000257638888888888,0.0002510416666666658,0.00023819444444444357,0.00024791666666666576,0.00022986111111111034,0.0002395833333333325,0.00023194444444444358,0.00024340277777777687,0.0002479166666666658,0.00023680555555555472,0.0002468749999999991,0.0002454861111111103,0.0002458333333333325,0.0002347222222222214,0.00024236111111111027,0.00025312499999999906
SectionCumProbs: 0_3 8.402777777777776e-05,7.673611111111105e-05,7.951388888888886e-05,8.124999999999997e-05,7.361111111111103e-05,8.229166666666662e-05,8.22916666666666e-05,7.638888888888883e-05,7.847222222222217e-05,7.881944444444439e-05,7.881944444444443e-05,8.368055555555548e-05,7.743055555555552e-05,8.159722222222216e-05,7.881944444444444e-05,8.576388888888886e-05,8.124999999999996e-05,7.8125e-05,7.708333333333326e-05,7.916666666666663e-05,7.743055555555552e-05,7.986111111111106e-05,7.222222222222219e-05,8.194444444444441e-05,8.124999999999994e-05,7.847222222222218e-05,7.534722222222217e-05,8.576388888888886e-05,7.29166666666666e-05,7.604166666666661e-05,8.645833333333333e-05,8.784722222222218e-05
SectionCumProbs: 1_3 7.777777777777771e-05,7.569444444444439e-05,8.159722222222212e-05,8.263888888888877e-05,8.124999999999996e-05,8.437499999999994e-05,8.090277777777775e-05,8.541666666666657e-05,7.465277777777772e-05,9.131944444444442e-05,7.395833333333329e-05,8.263888888888888e-05,8.368055555555552e-05,8.159722222222215e-05,8.784722222222218e-05,8.611111111111106e-05,8.749999999999997e-05,8.923611111111105e-05,8.402777777777778e-05,8.645833333333327e-05,7.361111111111109e-05,8.437499999999995e-05,8.576388888888882e-05,8.263888888888885e-05,7.986111111111105e-05,7.986111111111106e-05,8.749999999999992e-05,8.298611111111106e-05,8.437499999999995e-05,7.743055555555553e-05,7.743055555555551e-05,8.229166666666664e-05
SectionCumProbs: 2_3 8.368055555555552e-05,8.958333333333324e-05,7.361111111111111e-05,8.472222222222217e-05,7.986111111111109e-05,7.569444444444442e-05,8.333333333333334e-05,7.673611111111104e-05,8.229166666666664e-05,7.638888888888886e-05,7.673611111111107e-05,8.715277777777772e-05,8.333333333333325e-05,8.36805555555555e-05,8.645833333333327e-05,8.159722222222216e-05,8.888888888888881e-05,8.36805555555555e-05,7.708333333333326e-05,8.229166666666666e-05,7.881944444444444e-05,7.534722222222219e-05,7.395833333333325e-05,7.881944444444436e-05,8.680555555555549e-05,7.847222222222217e-05,8.402777777777773e-05,7.673611111111107e-05,8.854166666666663e-05,8.124999999999996e-05,7.847222222222221e-05,8.298611111111111e-05
