HitRate: 27861999/30000000 0.928733
CumReqs: 30000000
CumProbs: 0.9327897906980461
SectionCumProbs: 0_3 0.8214679048880292
SectionCumProbs: 1_3 0.06914612966152331
SectionCumProbs: 2_3 0.042175756148597456
