HitRate: 100682/3000000 0.033561
CumReqs: 187394,187092,187203,186666,186627,187766,187903,187599,188499,187705,188596,187380,187220,187165,187572,187613
CumProbs: 0.0063557270587734195,0.006450891601928707,0.006487493349296134,0.006427932324034604,0.006414622597719181,0.006357390774562847,0.0065587003850836574,0.006483500431401505,0.006397319953509128,0.00645987566719163,0.0064642013282441395,0.0064172845429822665,0.006482834945085739,0.006405638532456266,0.006426268608245182,0.006415953570350725
SectionCumProbs: 0_3 0.002161499553625053,0.0021548446904673417,0.0022004305030976744,0.0021342146146784316,0.0021468588546780854,0.0020996093262583273,0.0021614995536250532,0.002137209303099402,0.002185457060992818,0.0022074181094132706,0.0021471915978359723,0.0021651597283617948,0.002134214614678431,0.002131219926257461,0.0021182429430999213,0.0021461933683623144
SectionCumProbs: 1_3 0.0020783137641536458,0.0021501862862569423,0.002141867707309802,0.0021911136946768757,0.0021491880567832853,0.002128557980994377,0.002175142023098366,0.0021538464609936847,0.0021465261115201995,0.002150519029414827,0.0021864552904664763,0.0021362110736257447,0.0022024269620449866,0.0021471915978359714,0.00212523054941552,0.0021491880567832858
SectionCumProbs: 2_3 0.0021159137409947223,0.002145860625204428,0.0021451951388886574,0.0021026040146792974,0.0021185756862578077,0.002129223467310147,0.002222058808360237,0.0021924446673084177,0.0020653367809961064,0.002101938528363526,0.002130554439941689,0.0021159137409947227,0.0021461933683623144,0.0021272270083628345,0.0021827951157297335,0.0021205721452051216
