HitRate: 2906996/3000000 0.968999
CumReqs: 3000000
CumProbs: 0.9317306885803482
SectionCumProbs: 0_3 0.3336936209345039
SectionCumProbs: 1_3 0.3159395432448124
SectionCumProbs: 2_3 0.28209752440127894
