HitRate: 2469591/3000000 0.823197
CumReqs: 93719,92822,95024,92664,94530,93915,93580,93761,94663,94069,93608,94781,94456,94128,93182,93013,92721,94188,93464,93394,93548,95068,93389,93132,94315,92413,92913,93359,93745,93996,94277,94163
CumProbs: 0.016586104716889084,0.016480298273402597,0.016865106231558666,0.016363785225515744,0.016806849707615243,0.016592402719477536,0.016627356633843585,0.01653509089592237,0.016613186128019472,0.01649478367935614,0.01658484511637136,0.01674449948198931,0.016921158454596134,0.016746703782895268,0.016579176914041746,0.016353393521244767,0.016511158486086124,0.016463293666413716,0.016635229137079162,0.016550835902393576,0.016342057116585467,0.01688620454023005,0.01667144265196292,0.016459829764990035,0.016486911176120545,0.016330090911667358,0.016640582439279402,0.01648470687521452,0.01667459165325718,0.01661255632776068,0.016804645406709288,0.016657587046268307
SectionCumProbs: 0_3 0.005755114765352165,0.005605537203875791,0.005636397416559335,0.005488079455600654,0.005691504939208528,0.00566788742950173,0.00557782599248648,0.005728033354221707,0.005671036430795973,0.005576881292098212,0.005627580212935464,0.0056228567109941055,0.00572677375370401,0.0057680256706585525,0.005647733821218601,0.005579400493133598,0.00572803335422171,0.005602073302452126,0.005752910464446204,0.005686781437267166,0.005547280679932361,0.0057947921816595945,0.00564710402095975,0.005675445032607898,0.0053016585789816785,0.005692449639596802,0.005665683128595758,0.005543501878379272,0.005616558708405631,0.005693394339985072,0.005581604794039569,0.00567481523234906
SectionCumProbs: 1_3 0.00544430833761072,0.005415022625574296,0.0056971731415381595,0.005430452731916071,0.0058221884929194655,0.005593885899087104,0.00557373229080397,0.00539644351793828,0.005535314475014242,0.0054638321456350085,0.005635452716171065,0.005674500332219637,0.005639231517724153,0.005454700041881716,0.005525867471131526,0.005358025702148563,0.005423524929068742,0.005588847497016318,0.005350782999171809,0.005384162412890746,0.005437065634633977,0.0055233482700961425,0.005657810625360163,0.00550256486155416,0.005539093276567337,0.005298824477816861,0.005400852119750217,0.005473594049647156,0.005518309868025353,0.005465721546411554,0.005605222303746366,0.005496896659224525
SectionCumProbs: 2_3 0.005386681613926139,0.005459738443952499,0.005531535673461162,0.005445253037998999,0.005293156275487229,0.00533062939088868,0.005475798350553125,0.005410614023762363,0.005406835222209281,0.005454070241622869,0.0053218121872648004,0.005447142438775544,0.0055551531831679575,0.005523978070354986,0.00540557562169158,0.005415967325962572,0.00535960020279568,0.005272372866945248,0.005531535673461163,0.005479892052235628,0.005357710802019138,0.005568064088474343,0.00536652800564301,0.005281819870827967,0.005646159320571483,0.005338816794253704,0.005574047190933396,0.005467610947188093,0.005539723076826181,0.005453440441364018,0.005617818308923325,0.00548587515469469
