HitRate: 1009962/3000000 0.336654
CumReqs: 374574,375944,376226,375976,376217,374496,372955,373612
CumProbs: 0.01643652784151924,0.015989770339647606,0.016538587403479615,0.016411506787619316,0.016303191962183945,0.01645957354905864,0.016453318285583687,0.016276195561923487
SectionCumProbs: 0_3 0.0055385419705133564,0.005199440845290223,0.005589242527100112,0.005629737127490845,0.005474343213796354,0.005699203474502562,0.0055915470978540605,0.0052613350312532715
SectionCumProbs: 1_3 0.005385781851966239,0.005334422846592637,0.005343641129608414,0.00539203711544123,0.005403559969210936,0.005359443900492594,0.005469734072288472,0.005538541970513351
SectionCumProbs: 2_3 0.0055122040190397304,0.005455906647764809,0.005605703746771135,0.005389732544687274,0.005425288779176694,0.005400926174063575,0.005392037115441229,0.005476318560156884
