HitRate: 2743177/3000000 0.914392
CumReqs: 93298,96304,93387,89532,92785,90433,95791,91662,92103,96379,95599,91729,96925,98168,100784,100317,89865,93798,93141,94414,96254,93279,93793,95490,89199,91188,94242,86544,89161,97090,95845,91501
CumProbs: 0.019279631965257893,0.020453172159913678,0.01999388216077258,0.017958721160641473,0.018403545333037948,0.018688944039853318,0.020031252213196123,0.018613299820834685,0.01912834352722063,0.01964398997638752,0.019984539647666683,0.019438756059448503,0.020303390578828927,0.020191883164339296,0.019777196130994077,0.021294902453615178,0.019016836112730962,0.01895143852098977,0.01932755001634941,0.019962238164768702,0.01997338890621773,0.01955568815896737,0.01882968447922268,0.02006018386668533,0.01845809355472074,0.01947009868406179,0.01867417684171822,0.018229051297931197,0.01738069083363844,0.020135526714313456,0.020309719378029698,0.01899694560095714
SectionCumProbs: 0_3 0.008580344859282154,0.00846823470201149,0.008503495154701465,0.006912555584185839,0.0076590525184853635,0.007909793515391787,0.008388974026306706,0.008417302937014886,0.008281987182674767,0.008009547445651433,0.00885579831021062,0.008392891854383376,0.008432070135149997,0.008737660725129694,0.008137328915228751,0.009562815592352997,0.007925464827698441,0.007621682466061815,0.007805217642883944,0.008760866322199159,0.008904319104083125,0.00878919523290733,0.008112616461206722,0.008333220319061892,0.007749162564248606,0.008203329249750986,0.007809738213741631,0.008338946375481621,0.007418256777465848,0.008301274951667558,0.008279877582941178,0.008250945929451964
SectionCumProbs: 1_3 0.0060292360385936165,0.006512937120366223,0.006242606983076486,0.006212771215415747,0.005165204261994208,0.0055874255801022545,0.005982523473064181,0.005953591819574974,0.006005126327352615,0.006192277960860901,0.006047619693414882,0.005784522469497452,0.006151291451751192,0.006236278183875729,0.006067510205188708,0.007023460255894447,0.006147674995065044,0.0065430742594174765,0.005709782364650347,0.006557238714771566,0.005788440297574102,0.005300520016334323,0.005255314307757447,0.007015624599741116,0.005456027653838793,0.005634439517022202,0.005682960310894729,0.004616708331261403,0.0056938096809531795,0.006466827297617816,0.0060834828888858775,0.005685069910628308
SectionCumProbs: 2_3 0.00467005106738212,0.005472000337535953,0.005247780022994638,0.004833394361039908,0.005579288552558416,0.005191724944359308,0.00565975471382526,0.004242405064244851,0.004841230017193234,0.005442164569875218,0.005081121644041212,0.005261341735567703,0.005720028991927766,0.0052179442553338925,0.005572357010576627,0.004708626605367732,0.0049436962899675,0.004786681795510473,0.005812550008815112,0.004644133127798043,0.005280629504560506,0.005465972909725705,0.005461753710258532,0.004711338947882338,0.0052529033366333485,0.005632329917288623,0.005181478317081884,0.005273396591188201,0.0042686243752194375,0.005367424465028112,0.00594635890620268,0.005060929760876872
