HitRate: 1622888/3000000 0.540963
CumReqs: 188554,187917,186671,186835,186933,187201,187788,187967,187974,188087,188003,186801,187170,186790,187912,187397
CumProbs: 0.05962514455620475,0.05928520275424122,0.059355457393313715,0.05891515182124679,0.05937585390143171,0.05891677059173233,0.0598815578011146,0.05913141955811494,0.05893004450971372,0.05955909872039475,0.059054689837100424,0.058770109985742405,0.05833498447922891,0.058876948837787976,0.058918713116314886,0.059583056523580584
SectionCumProbs: 0_3 0.020028723463495567,0.020042321135574102,0.01986522764445598,0.019884652890282482,0.01974479112033178,0.019591979186496723,0.02021455831523561,0.019775871513654137,0.01994422364415035,0.020042968643768318,0.01960622436676946,0.01966611887473448,0.01940517307246536,0.019605576858575266,0.019878177808340308,0.020033256020855084
SectionCumProbs: 1_3 0.01988076784111717,0.019547301121095827,0.020111604512355222,0.01990148810333206,0.019799181808645913,0.019675831497647723,0.020120993381171355,0.020085380430489463,0.019662233825569194,0.01975256121866234,0.01976097882518715,0.019305133056458968,0.019694932989377092,0.0195952167274678,0.019497119236044025,0.019654463727238582
SectionCumProbs: 2_3 0.019715653251592014,0.019695580497571294,0.019378625236502498,0.01912901082763216,0.01983188097245384,0.019648959907587707,0.019546006104707376,0.019270167613971267,0.019323587039994112,0.019763568857963994,0.019687486645143644,0.01979885805454882,0.01923487841738647,0.01967615525174482,0.01954341607193052,0.019895336775487018
