HitRate: 1746146/3000000 0.582049
CumReqs: 93533,93361,93375,94395,94417,93194,94109,93846,94005,93872,93545,93866,93927,93946,93400,93920,93427,93810,93618,93724,93819,93724,93964,93417,94201,94282,93493,93164,93789,93287,93992,93578
CumProbs: 0.013079861111111365,0.012906250000000237,0.012986111111111387,0.012940972222222489,0.012982638888889156,0.01311805555555581,0.013017361111111373,0.012909722222222478,0.013267361111111377,0.013187500000000253,0.013284722222222467,0.013138888888889144,0.013076388888889135,0.013430555555555808,0.013107638888889168,0.013062500000000256,0.0128194444444447,0.01288541666666692,0.012944444444444708,0.013114583333333592,0.013118055555555811,0.013003472222222484,0.013263888888889158,0.013072916666666934,0.01301736111111137,0.013104166666666937,0.012934027777778013,0.01334375000000026,0.013194444444444692,0.013288194444444705,0.013093750000000265,0.013090277777778013
SectionCumProbs: 0_3 0.004309027777777792,0.004038194444444461,0.003958333333333347,0.00414583333333335,0.0042326388888889,0.004142361111111125,0.004166666666666681,0.004059027777777795,0.0043159722222222315,0.004187500000000017,0.004135416666666684,0.004052083333333349,0.004222222222222236,0.004145833333333347,0.004152777777777793,0.0042361111111111245,0.00393402777777779,0.004107638888888903,0.004118055555555571,0.00413194444444446,0.004184027777777791,0.004121527777777795,0.004270833333333345,0.004145833333333348,0.004045138888888901,0.004354166666666686,0.004079861111111128,0.004336805555555569,0.004347222222222236,0.0041076388888889055,0.004197916666666679,0.0041736111111111245
SectionCumProbs: 1_3 0.004260416666666681,0.004336805555555571,0.0044375000000000135,0.004312500000000019,0.00429166666666668,0.004267361111111131,0.004291666666666679,0.004319444444444453,0.004350694444444459,0.004347222222222237,0.004430555555555573,0.004302083333333347,0.004357638888888905,0.004534722222222243,0.004204861111111128,0.004333333333333346,0.004312500000000018,0.004100694444444462,0.004333333333333348,0.00430902777777779,0.004329861111111126,0.0042673611111111245,0.0043472222222222376,0.004326388888888906,0.004447916666666682,0.004163194444444455,0.004277777777777793,0.0043229166666666815,0.0042743055555555754,0.004364583333333352,0.004322916666666678,0.004312500000000016
SectionCumProbs: 2_3 0.004510416666666681,0.0045312500000000136,0.004590277777777793,0.004482638888888905,0.004458333333333345,0.004708333333333351,0.004559027777777789,0.0045312500000000136,0.0046006944444444585,0.004652777777777788,0.004718750000000012,0.004784722222222235,0.00449652777777779,0.004750000000000013,0.004750000000000011,0.004493055555555566,0.004572916666666677,0.004677083333333344,0.004493055555555572,0.004673611111111125,0.004604166666666682,0.004614583333333347,0.00464583333333335,0.004600694444444456,0.0045243055555555705,0.004586805555555571,0.004576388888888904,0.004684027777777791,0.004572916666666679,0.004815972222222237,0.00457291666666668,0.004604166666666684
