HitRate: 28102625/30000000 0.936754
CumReqs: 3751298,3749770,3751041,3749070,3749707,3751039,3747521,3750554
CumProbs: 0.10785624999998913,0.1079541666666558,0.10788333333332248,0.10786874999998915,0.10790624999998913,0.10796249999998912,0.10781666666665582,0.10793749999998914
SectionCumProbs: 0_3 0.0322479166666641,0.03235208333333075,0.032095833333330784,0.0320416666666641,0.03218333333333078,0.03228541666666411,0.03220833333333076,0.03209374999999744
SectionCumProbs: 1_3 0.03482499999999718,0.03487291666666383,0.034789583333330515,0.03480416666666384,0.03492499999999716,0.03476041666666384,0.034749999999997186,0.03474374999999718
SectionCumProbs: 2_3 0.040783333333329876,0.040729166666663215,0.04099791666666317,0.041022916666663196,0.040797916666663214,0.04091666666666321,0.04085833333332987,0.04109999999999651
