HitRate: 2809237/3000000 0.936412
CumReqs: 375818,374929,375204,375165,374901,374692,374704,374587
CumProbs: 0.10812500000000001,0.10791666666666674,0.10854166666666669,0.10833333333333349,0.10791666666666673,0.10916666666666673,0.10729166666666674,0.1081250000000001
SectionCumProbs: 0_3 0.03562500000000003,0.031666666666666676,0.030208333333333337,0.03250000000000001,0.031875000000000014,0.03062500000000002,0.032499999999999994,0.03312500000000002
SectionCumProbs: 1_3 0.03291666666666668,0.03458333333333335,0.03562500000000001,0.034166666666666685,0.03395833333333334,0.03666666666666669,0.032916666666666684,0.03291666666666667
SectionCumProbs: 2_3 0.03958333333333333,0.04166666666666668,0.042708333333333355,0.04166666666666669,0.04208333333333337,0.041875000000000016,0.041875000000000016,0.04208333333333336
