HitRate: 2205034/3000000 0.735011
CumReqs: 3000000
CumProbs: 0.18123695262969827
SectionCumProbs: 0_3 0.07543456556983855
SectionCumProbs: 1_3 0.05604891032062146
SectionCumProbs: 2_3 0.049753476739229155
