HitRate: 2911277/3000000 0.970426
CumReqs: 3000000
CumProbs: 0.9843050194375664
SectionCumProbs: 0_3 0.38842641176291476
SectionCumProbs: 1_3 0.34316098134727474
SectionCumProbs: 2_3 0.25271762632952516
