HitRate: 2707307/3000000 0.902436
CumReqs: 375360,373085,372552,377099,377934,373637,373000,377333
CumProbs: 0.11287263224215713,0.11218769481130794,0.11176888168579097,0.11340088898824201,0.11375416900357066,0.11233572645614905,0.11207359401539663,0.11350567543346655
SectionCumProbs: 0_3 0.03904243152455294,0.037394456763782086,0.03752419236263165,0.037999556903031625,0.038272666971378995,0.037818592375405594,0.0381675478707727,0.03809203509913462
SectionCumProbs: 1_3 0.03698495798895184,0.03789210921475367,0.03751787191037998,0.037710812031745956,0.03840705974557186,0.037819257686168936,0.037377158683935464,0.03810733724669124
SectionCumProbs: 2_3 0.03684524272865234,0.03690112883277214,0.03672681741277943,0.03769052005346434,0.03707444228661987,0.03669787639457451,0.036528887460688456,0.03730630308764073
