HitRate: 2951018/3000000 0.983673
CumReqs: 637707,220846,290895,283772,652144,261502,223753,429381
CumProbs: 0.21070880131568956,0.07168328341154594,0.09498657560756521,0.09230334833738982,0.21556238792366098,0.08521434445042553,0.07263768671133755,0.14060936504109875
SectionCumProbs: 0_3 0.18977929836496504,0.05088884999356025,0.07283153956150287,0.07040094845891934,0.18991403765434756,0.06412368274181246,0.049169272837153694,0.11861978091655746
SectionCumProbs: 1_3 0.012883784060474161,0.012658558091457594,0.01327115951744841,0.014145974168364672,0.01718355255988137,0.011872578903393915,0.015173361249905058,0.013555829290604246
SectionCumProbs: 2_3 0.008045718890250225,0.00813587532652812,0.008883876528613938,0.007756425710105775,0.00846479770943208,0.009218082805219165,0.008295052624278829,0.00843375483393713
