HitRate: 347119/3000000 0.115706
CumReqs: 3000000
CumProbs: 0.0870833333333334
SectionCumProbs: 0_3 0.027708333333333342
SectionCumProbs: 1_3 0.028125000000000008
SectionCumProbs: 2_3 0.031250000000000014
