HitRate: 2314635/3000000 0.771545
CumReqs: 157622,213943,219237,242150,200295,157924,157681,170606,139810,175422,201324,169421,226038,182059,209338,177130
CumProbs: 0.03170387484434905,0.03345404292932999,0.03743787013828566,0.03557685596925072,0.045025931983453046,0.030026656746310058,0.03639130625636085,0.02480836417391353,0.029484742557600644,0.04145580383464266,0.04370367399503464,0.035018520138459075,0.04827646971328107,0.026415790293103703,0.037917887368377666,0.03561222565988892
SectionCumProbs: 0_3 0.025306382050134437,0.02706949796829527,0.03050951618368593,0.026056724772962666,0.03584654986036866,0.022793239209954613,0.029518533244193058,0.017942222978740416,0.022978930085806024,0.02262775958589651,0.03157660711821314,0.028837350898595175,0.037642509062693605,0.01958407138614115,0.025670184582414733,0.02418118376670133
SectionCumProbs: 1_3 0.0040128808834085875,0.0038799287427054357,0.004590796364374805,0.006186537853621958,0.00428257477452616,0.004260152917067906,0.004150885837060085,0.0044619496341921795,0.004065303817747597,0.004254152701691753,0.00442942215083724,0.0038455064544948726,0.008286297434465807,0.004212466994867967,0.004326155286205582,0.0041455172233024725
SectionCumProbs: 2_3 0.0023846119108065084,0.002504616218329541,0.002337557590225101,0.003333593342666333,0.004896807348558541,0.0029732646192879406,0.0027218871751081048,0.0024041915609813217,0.002440508654047504,0.014573891547054291,0.007697644725984406,0.002335662785369475,0.002347663216121782,0.0026192519120949785,0.007921547499757667,0.0072855246698855505
