HitRate: 1829843/3000000 0.609948
CumReqs: 3000000
CumProbs: 0.3842196724253024
SectionCumProbs: 0_3 0.2962042399786042
SectionCumProbs: 1_3 0.05575099567088453
SectionCumProbs: 2_3 0.03226443677584442
