HitRate: 3000906/30000000 0.100030
CumReqs: 3748505,3749999,3747934,3751565,3750288,3753427,3747879,3750403
CumProbs: 0.012499999999999845,0.012499999999999845,0.012499999999999845,0.012499999999999845,0.012499999999999845,0.012499999999999845,0.012499999999999845,0.012499999999999845
SectionCumProbs: 0_3 0.00416666666666667,0.00416666666666667,0.00416666666666667,0.00416666666666667,0.00416666666666667,0.00416666666666667,0.00416666666666667,0.00416666666666667
SectionCumProbs: 1_3 0.00416666666666667,0.00416666666666667,0.00416666666666667,0.00416666666666667,0.00416666666666667,0.00416666666666667,0.00416666666666667,0.00416666666666667
SectionCumProbs: 2_3 0.00416666666666667,0.00416666666666667,0.00416666666666667,0.00416666666666667,0.00416666666666667,0.00416666666666667,0.00416666666666667,0.00416666666666667
