HitRate: 1500327/3000000 0.500109
CumReqs: 3000000
CumProbs: 0.49999999999967215
SectionCumProbs: 0_3 0.16666666666664195
SectionCumProbs: 1_3 0.16666666666664195
SectionCumProbs: 2_3 0.16666666666664195
