HitRate: 1367306/3000000 0.455769
CumReqs: 430879,429001,382799,265700,409010,398978,378889,304744
CumProbs: 0.24046141792061995,0.23900736425027588,0.2092127614122217,0.07014050964197886,0.17538926679768593,0.17250748772652727,0.17274310907535456,0.12084342444803116
SectionCumProbs: 0_3 0.18759891847468005,0.21077579412226383,0.15918771622924527,0.021326564857359103,0.044374798580406376,0.11621864728017312,0.06797625923280756,0.08979073024954866
SectionCumProbs: 1_3 0.020962301583995344,0.023289187379627315,0.035049592128447285,0.03112134766079991,0.09172935738692925,0.01264990033583541,0.0258310318315444,0.01795088078059653
SectionCumProbs: 2_3 0.031900197861944556,0.004942382748384727,0.01497545305452918,0.017692597123819855,0.0392851108303503,0.04363894011051875,0.07893581801100255,0.013101813417885959
