HitRate: 2285598/3000000 0.761866
CumReqs: 374594,349556,281396,360228,390838,449139,382447,411802
CumProbs: 0.28567573739872093,0.26190167490550725,0.19236930452163262,0.2690204675572207,0.3032547094994244,0.35933202538585235,0.291323253669635,0.3225277390388097
SectionCumProbs: 0_3 0.24281358326055394,0.21808587304836208,0.1454075840332124,0.22387916776631223,0.2573756325567042,0.31504729737289466,0.24667226964866387,0.28249691166879176
SectionCumProbs: 1_3 0.02754357064397218,0.027035485040762038,0.029140223070640354,0.02962033763999502,0.02916029640081898,0.027269783583175018,0.03000502162325453,0.024729684638110743
SectionCumProbs: 2_3 0.015318583494194188,0.016780316816383003,0.017821497417779986,0.015520962150913269,0.016718780541900933,0.017014944429782495,0.014645962397716506,0.015301142731907856
