HitRate: 2143828/3000000 0.714609
CumReqs: 3000000
CumProbs: 0.1400348711733406
SectionCumProbs: 0_3 0.052462909510368305
SectionCumProbs: 1_3 0.04613287458603771
SectionCumProbs: 2_3 0.04143908707693455
