HitRate: 3479924/30000000 0.115997
CumReqs: 30000000
CumProbs: 0.08400996093822184
SectionCumProbs: 0_3 0.027860416666657156
SectionCumProbs: 1_3 0.027983658854157774
SectionCumProbs: 2_3 0.028165885416656915
