HitRate: 2347964/3000000 0.782655
CumReqs: 3000000
CumProbs: 0.6073578595314972
SectionCumProbs: 0_3 0.46627437935280197
SectionCumProbs: 1_3 0.09238171443638112
SectionCumProbs: 2_3 0.048701765742451227
