HitRate: 2851958/3000000 0.950653
CumReqs: 3000000
CumProbs: 0.8494166666667473
SectionCumProbs: 0_3 0.24184722222220045
SectionCumProbs: 1_3 0.2710902777777627
SectionCumProbs: 2_3 0.3364791666666826
