HitRate: 1407358/3000000 0.469119
CumReqs: 185144,187793,200454,223951,218825,200548,172680,164164,158566,164957,169624,179655,192490,188945,203078,189126
CumProbs: 0.04176626446439203,0.046081652025014894,0.04108525482855441,0.04191915096145663,0.05176371192461496,0.04667491810601543,0.05096737269207856,0.03296498766272437,0.031545802135624926,0.028454171275419007,0.04082667723134512,0.04464186005700664,0.05418430400748738,0.041361779971071176,0.04630965232281119,0.033132830447545294
SectionCumProbs: 0_3 0.029291058665872532,0.0247137698885391,0.02928906449417169,0.02954232430017866,0.0380364986599166,0.031559096613630544,0.03627165670467112,0.018989167659321005,0.0218042733770101,0.014105108802008002,0.023842981579171273,0.029901607568280426,0.03859054603080063,0.03117721273291925,0.027116082064153817,0.021414745171445572
SectionCumProbs: 1_3 0.00840078065174849,0.014414205415638565,0.0060459962350038286,0.007970704288266824,0.006268014017697614,0.010652200501999496,0.010199523525908282,0.008277474368246409,0.005261289670722376,0.009676053454437167,0.01018323779035141,0.010239406959925128,0.01019752935420744,0.005289208074534165,0.01193777652514252,0.0059422993065600315
SectionCumProbs: 2_3 0.004074425146771038,0.006953676720837234,0.005750194099378884,0.004406122373011147,0.007459199247000768,0.004463620990385435,0.004496192461499192,0.005698345635156984,0.004480239087892456,0.004673009018973879,0.006800457861822514,0.004500845528801158,0.005396228622479369,0.004895359163617799,0.007255793733514848,0.005775785969539697
