HitRate: 2962879/3000000 0.987626
CumReqs: 3000000
CumProbs: 0.9894492898305804
SectionCumProbs: 0_3 0.8524041421995042
SectionCumProbs: 1_3 0.08669328827790801
SectionCumProbs: 2_3 0.05035185935315933
