HitRate: 1493634/3000000 0.497878
CumReqs: 293488,289527,245077,143268,204480,177405,178423,132770,146844,151054,132530,131712,153046,201954,195195,223227
CumProbs: 0.20220938473703204,0.19999786745357628,0.1430712067247186,0.058725996773857106,0.10377204145003827,0.08153291435460312,0.07937404431098256,0.03271925992642049,0.042299724734906154,0.0627051951163354,0.04386714635632785,0.03457990668110135,0.06828680216999926,0.09250786459796338,0.11067016270996005,0.12689151036600826
SectionCumProbs: 0_3 0.1731117884167409,0.178903318008988,0.12259509574300417,0.026763124407093785,0.043200725598920665,0.051346719727087375,0.065553144223115,0.008196308895350949,0.023146792167023703,0.04383948989489545,0.02118984761289751,0.025419286949782197,0.051593628617706735,0.08072254671359602,0.09295836502997061,0.10686789907857334
SectionCumProbs: 1_3 0.008189977898155579,0.014894503928050548,0.004525996573930886,0.027433210478666703,0.05344227979875425,0.023630613636901315,0.006103081296334987,0.017478550414896904,0.004576977761872537,0.010390499239114101,0.007158691776067963,0.0034034108080784856,0.013934858037384203,0.004702931285022492,0.005241732467386201,0.012035892089152435
SectionCumProbs: 2_3 0.020907618422135565,0.006200045516537731,0.01595011440778353,0.0045296618880966266,0.007129036052363345,0.006555580990614464,0.007717818791532592,0.007044400616172631,0.014575954806009914,0.008475205982325854,0.015518606967362377,0.005757208923240657,0.002758315514908332,0.0070823865993448415,0.012470065212603217,0.0079877191982825
