HitRate: 30226/3000000 0.010075
CumReqs: 3000000
CumProbs: 0.010712129953989475
SectionCumProbs: 0_3 0.003600024517609376
SectionCumProbs: 1_3 0.003553387760649503
SectionCumProbs: 2_3 0.00355871767573063
