HitRate: 504064/3000000 0.168021
CumReqs: 187042,187079,187097,186115,187984,187321,188274,187667,187995,187853,188351,187325,187436,187466,187583,187412
CumProbs: 0.03194842056649627,0.03212020225311492,0.031884663132809,0.03188565418100105,0.031797120542512956,0.03209179220494343,0.03198707144598556,0.0320514895784675,0.03221798567472867,0.03201151730138892,0.03201944568692515,0.03202374022909068,0.03194908126529096,0.031822557446108374,0.031967580831542185,0.03188433278341159
SectionCumProbs: 0_3 0.010759479871480883,0.01073899820884558,0.010679865666721088,0.010661035751072495,0.010564904076445508,0.01069340999201216,0.010656741208907026,0.010750560437752611,0.010801103895546173,0.010694731389601534,0.010703981172727162,0.010764104763043694,0.01068944579924405,0.010599921112563934,0.010666651690827336,0.01063097395591423
SectionCumProbs: 1_3 0.010564243377650818,0.010680196016118427,0.010540127871644734,0.010629982907722192,0.010506101883718358,0.010659384004085776,0.010794827256996658,0.010656410859509677,0.01059430517280908,0.010651785967946874,0.010642866534218594,0.010579109100531276,0.010618420678815155,0.010612804739060318,0.010707945365495282,0.010656080510112331
SectionCumProbs: 2_3 0.010624697317364703,0.01070100802815107,0.01066466959444327,0.01059463552220643,0.010726114582349181,0.010738998208845578,0.010535502980081931,0.010644518281205322,0.010822576606373514,0.010664999943840615,0.010672597979979515,0.010680526365515773,0.010641214787231878,0.010609831594484245,0.010592983775219712,0.010597278317385172
