HitRate: 19264480/30000000 0.642149
CumReqs: 30000000
CumProbs: 0.644072385873797
SectionCumProbs: 0_3 0.5668467050531203
SectionCumProbs: 1_3 0.048063166095476784
SectionCumProbs: 2_3 0.029162514725184774
