HitRate: 400366/30000000 0.013346
CumReqs: 30000000
CumProbs: 0.013343299513097522
SectionCumProbs: 0_3 0.004521638302596185
SectionCumProbs: 1_3 0.004413054371087871
SectionCumProbs: 2_3 0.004408606839413497
