HitRate: 599230/3000000 0.199743
CumReqs: 93892,93755,93889,94038,94126,93344,93389,94088,93441,93992,93735,93432,93580,93608,93628,93697,93793,93140,93643,93242,93824,93851,93730,94375,93511,93621,93913,93564,94143,93856,94010,94150
CumProbs: 0.012083333333333342,0.013055555555555567,0.013090277777777793,0.012569444444444461,0.012673611111111123,0.013159722222222234,0.013402777777777777,0.012118055555555575,0.012847222222222234,0.0126388888888889,0.01243055555555557,0.012777777777777789,0.012777777777777792,0.012638888888888896,0.012465277777777787,0.012256944444444461,0.013645833333333343,0.01236111111111113,0.012395833333333349,0.012881944444444458,0.012152777777777795,0.013958333333333343,0.013750000000000005,0.01184027777777779,0.012534722222222235,0.012118055555555575,0.01163194444444446,0.013125000000000008,0.012291666666666676,0.012291666666666678,0.013437500000000008,0.013541666666666686
SectionCumProbs: 0_3 0.0041666666666666675,0.0045833333333333325,0.0043749999999999995,0.0038541666666666668,0.004236111111111111,0.004479166666666666,0.00451388888888889,0.003854166666666666,0.004583333333333332,0.0037847222222222214,0.004062499999999999,0.004166666666666666,0.004618055555555556,0.004409722222222221,0.0038541666666666676,0.003819444444444444,0.004444444444444445,0.004027777777777778,0.004618055555555556,0.004166666666666666,0.004027777777777776,0.004618055555555556,0.004652777777777776,0.0038888888888888896,0.003784722222222223,0.004131944444444445,0.003923611111111111,0.00420138888888889,0.004027777777777776,0.004131944444444445,0.004756944444444444,0.003958333333333332
SectionCumProbs: 1_3 0.004097222222222221,0.004375,0.003958333333333334,0.004374999999999998,0.004027777777777777,0.004270833333333333,0.004652777777777777,0.003958333333333333,0.004131944444444442,0.004166666666666666,0.004374999999999999,0.004375,0.00392361111111111,0.0040277777777777786,0.003958333333333334,0.004270833333333332,0.004270833333333332,0.003854166666666666,0.0037500000000000003,0.004340277777777775,0.004375000000000001,0.004652777777777778,0.0046875,0.004097222222222222,0.0044444444444444444,0.0038194444444444448,0.0038194444444444448,0.004756944444444444,0.0036111111111111114,0.004409722222222223,0.004097222222222222,0.00513888888888889
SectionCumProbs: 2_3 0.0038194444444444448,0.004097222222222223,0.004756944444444444,0.00434027777777778,0.004409722222222224,0.004409722222222222,0.004236111111111112,0.004305555555555556,0.004131944444444444,0.0046875,0.003993055555555556,0.0042361111111111115,0.004236111111111111,0.004201388888888889,0.004652777777777778,0.004166666666666667,0.004930555555555554,0.004479166666666667,0.004027777777777777,0.004375,0.003749999999999999,0.004687500000000001,0.004409722222222223,0.003854166666666667,0.004305555555555556,0.004166666666666666,0.0038888888888888896,0.0041666666666666675,0.004652777777777778,0.00375,0.004583333333333332,0.004444444444444443
