HitRate: 132523/3000000 0.044174
CumReqs: 93923,93520,93568,93874,93878,93726,93855,93486,93958,93386,93981,93973,94028,93642,93857,93618,93957,93294,93788,93584,93320,93331,93430,93587,94013,93837,93839,94010,94147,93628,93956,94006
CumProbs: 0.004215036030945425,0.004190270094816852,0.004012204912864659,0.0040948219057184805,0.004184256393857428,0.004158140022499701,0.004092124507373877,0.004186432541130133,0.004090546648696189,0.004121352109629963,0.004256682298934957,0.004338646968424027,0.004068497641551891,0.004182384273542154,0.0041602725513438235,0.004129927145477676,0.004139103725027017,0.004214705746128003,0.004098456774766924,0.004173125014284901,0.00405219107648281,0.004107589084866361,0.004108943426223459,0.004318758267033593,0.004165602896922143,0.00416884237902096,0.00428989501971078,0.004018444084208645,0.004115092539617885,0.004209198105742964,0.0040583918375687944,0.004080707329440943
SectionCumProbs: 0_3 0.0014443893243257177,0.00141444407956556,0.0013743097000930725,0.0013272948932743212,0.0013966510158109958,0.0014064295730761825,0.001381949001293807,0.0013913002715645825,0.0014069056866697514,0.0013732645938639803,0.0014009737973898013,0.0014211454760482435,0.0013573137034438778,0.0013852208174516202,0.0014156256832651875,0.001333784490820212,0.0013429324254313816,0.001438187695211307,0.0013796029374560342,0.0014114435222919595,0.0013606423754638215,0.0013319314671303823,0.0013904658792367457,0.0014242412994419794,0.0014224316771736236,0.0014560172161599079,0.001432483880401202,0.0013234098150310826,0.0013362952630524795,0.0013404170960498593,0.001349422022977272,0.0014014453538341153
SectionCumProbs: 1_3 0.0013356761417751544,0.0014202218937992772,0.001319338761696827,0.0013292075939186775,0.001466480647855952,0.0014159014992986545,0.0014151204907192306,0.0014195463506740354,0.0013616835755649813,0.0013824939061404128,0.001468506626210356,0.0014078770104823382,0.0013982872494005642,0.001380524349633926,0.0013869596954029734,0.0014044815002733242,0.001413823005224268,0.0014217335653092153,0.0013888068599009044,0.0013859931457467492,0.0013322474294787127,0.0014197266835802597,0.0013350170911900722,0.001473739969611683,0.001345229228655782,0.0013603704655582877,0.0014810220771136879,0.0013116820999275016,0.001391563067171607,0.0014715664264242684,0.001301567615660108,0.0012787942387914107
SectionCumProbs: 2_3 0.0014349705648445518,0.0013556041214520197,0.0013185564510747585,0.0014383194185254805,0.0013211247301904794,0.0013358089501248642,0.0012950550153608361,0.0013755859188915136,0.0013219573864614563,0.0013655936096255697,0.0013872018753347975,0.0015096244818934431,0.00131289668870745,0.0014166391064566043,0.001357687172675662,0.0013916611543841378,0.001382348294371368,0.001354784485607484,0.0013300469774099844,0.0013756883462461927,0.0013593012715402773,0.0013559309341557178,0.0013834604557966374,0.001420776997979929,0.0013979419910927387,0.0013524546973027636,0.001376389062195889,0.0013833521692500604,0.0013872342093937961,0.001397214583268836,0.001407402198931414,0.0014004677368154154
