HitRate: 2090969/3000000 0.696990
CumReqs: 3000000
CumProbs: 0.12292805175960012
SectionCumProbs: 0_3 0.04344950843023835
SectionCumProbs: 1_3 0.03980616775275739
SectionCumProbs: 2_3 0.03967237557660436
