HitRate: 2939808/3000000 0.979936
CumReqs: 3000000
CumProbs: 0.9798899426929711
SectionCumProbs: 0_3 0.38759172608481485
SectionCumProbs: 1_3 0.3502263253292116
SectionCumProbs: 2_3 0.24207189127893083
