HitRate: 2951444/3000000 0.983815
CumReqs: 3000000
CumProbs: 0.904261806200288
SectionCumProbs: 0_3 0.31376892240513427
SectionCumProbs: 1_3 0.2972881021032921
SectionCumProbs: 2_3 0.2932047816918594
