HitRate: 1070930/3000000 0.356977
CumReqs: 3000000
CumProbs: 0.010289868114507406
SectionCumProbs: 0_3 0.0033522979138961386
SectionCumProbs: 1_3 0.003455286585142301
SectionCumProbs: 2_3 0.0034822836154689654
