HitRate: 574425/3000000 0.191475
CumReqs: 94172,94083,94643,93454,93506,93934,93776,93878,93227,93759,93602,93798,93681,94148,93829,93361,93007,93859,93453,93482,94126,93440,94281,94107,93596,94055,93297,93334,94302,93755,93361,93694
CumProbs: 0.013364583333333313,0.013364583333333332,0.013119791666666636,0.01338541666666665,0.013187499999999968,0.012958333333333294,0.013395833333333305,0.013343749999999965,0.01353124999999997,0.013354166666666651,0.013468749999999984,0.013374999999999984,0.013609374999999998,0.013281249999999979,0.013406249999999974,0.013270833333333287,0.013343749999999979,0.013395833333333287,0.013416666666666646,0.013447916666666636,0.013380208333333306,0.01338020833333331,0.013552083333333312,0.013463541666666641,0.013380208333333315,0.013505208333333319,0.013343749999999993,0.013421875000000003,0.013338541666666643,0.013369791666666629,0.01349999999999998,0.013473958333333298
SectionCumProbs: 0_3 0.0044531250000000005,0.004369791666666666,0.004270833333333332,0.004369791666666669,0.004322916666666666,0.0042708333333333305,0.004369791666666671,0.004401041666666667,0.0043489583333333305,0.004229166666666664,0.004458333333333339,0.004333333333333336,0.004416666666666667,0.004385416666666668,0.004354166666666667,0.0045520833333333385,0.004401041666666666,0.004421875000000006,0.004401041666666671,0.004213541666666658,0.004442708333333333,0.004484375000000001,0.004515625000000004,0.004411458333333336,0.004401041666666672,0.004479166666666668,0.00446354166666667,0.004489583333333332,0.004265624999999999,0.004312500000000004,0.004536458333333335,0.0044583333333333315
SectionCumProbs: 1_3 0.004458333333333339,0.004354166666666668,0.004427083333333337,0.004421875000000001,0.0044062500000000004,0.004317708333333332,0.004552083333333339,0.004333333333333331,0.0044843750000000005,0.0044166666666666755,0.004458333333333339,0.004609375000000005,0.004458333333333332,0.0043802083333333314,0.004593750000000005,0.0044531250000000005,0.004442708333333332,0.004416666666666671,0.004536458333333338,0.004687500000000009,0.004567708333333336,0.004234374999999998,0.004411458333333334,0.004494791666666668,0.004343750000000003,0.004395833333333332,0.004390625,0.0043593749999999995,0.004588541666666676,0.004541666666666676,0.00436979166666667,0.004427083333333336
SectionCumProbs: 2_3 0.004453125000000001,0.004640625000000004,0.004421875000000002,0.004593750000000003,0.004458333333333332,0.004369791666666664,0.0044739583333333385,0.004609375000000006,0.0046979166666666775,0.004708333333333345,0.0045520833333333325,0.004432291666666671,0.0047343750000000085,0.004515625000000003,0.004458333333333339,0.004265625000000001,0.004499999999999997,0.004557291666666667,0.00447916666666667,0.004546875000000001,0.004369791666666668,0.004661458333333339,0.004625000000000005,0.004557291666666671,0.004635416666666672,0.004630208333333338,0.004489583333333337,0.004572916666666668,0.004484374999999997,0.004515625000000004,0.004593750000000001,0.004588541666666671
