HitRate: 1882955/3000000 0.627652
CumReqs: 3000000
CumProbs: 0.627552137686192
SectionCumProbs: 0_3 0.21890264653500507
SectionCumProbs: 1_3 0.21036625460091204
SectionCumProbs: 2_3 0.1982832365502705
