HitRate: 10596471/30000000 0.353216
CumReqs: 936483,938257,938763,938501,937854,939010,936881,938395,937051,937580,935120,938378,937325,937883,936784,937021,936981,937126,938672,935549,936744,937604,937164,935927,937870,939017,936766,938427,936172,938129,938172,938394
CumProbs: 0.023093055555553604,0.023182638888886834,0.023107638888886773,0.02312986111110902,0.02319722222222021,0.023170138888886985,0.023042361111108942,0.02308159722222038,0.02311458333333126,0.023109374999998034,0.023074652777775925,0.023164583333331466,0.023100347222220194,0.023189583333331324,0.023148958333331388,0.023155555555553403,0.02308923611110918,0.023182986111109024,0.02318541666666474,0.02315937499999812,0.023080902777775976,0.023121180555553487,0.023078819444442563,0.02315208333333137,0.023111111111109188,0.023154166666664516,0.02319236111110896,0.023152777777775767,0.02318472222222038,0.023147916666664818,0.023144097222220206,0.02317847222222024
SectionCumProbs: 0_3 0.0073784722222224606,0.007423263888889118,0.007447916666666896,0.007387500000000193,0.007409027777777995,0.007393055555555796,0.007381250000000176,0.00742256944444466,0.0073972222222224064,0.0073958333333335935,0.007402083333333532,0.007453819444444673,0.00740069444444469,0.007432291666666914,0.0073958333333335536,0.007370138888889131,0.007372916666666894,0.007453819444444653,0.0074215277777780085,0.007376736111111321,0.007357638888889101,0.0074479166666669,0.0074513888888891175,0.007476388888889101,0.007427083333333552,0.007382638888889142,0.0073892361111113245,0.007402777777777994,0.007419791666666906,0.0073802083333335475,0.007399305555555798,0.007423611111111323
SectionCumProbs: 1_3 0.007683333333333575,0.007634375000000243,0.007614583333333588,0.00771979166666693,0.007709027777778047,0.007618402777778029,0.007639930555555767,0.0076079861111113594,0.007682986111111392,0.007696180555555813,0.0076600694444447365,0.007693750000000277,0.007717708333333582,0.00765798611111135,0.00771111111111135,0.007721527777778042,0.007710069444444723,0.007696875000000266,0.007705555555555815,0.007692361111111363,0.0076291666666668916,0.0076059027777780255,0.007581944444444685,0.007643055555555816,0.007687500000000285,0.0077256944444447145,0.007728819444444705,0.007640625000000304,0.007699652777778025,0.007686805555555824,0.0077239583333335955,0.007705208333333601
SectionCumProbs: 2_3 0.008031250000000286,0.008125000000000285,0.008045138888889167,0.008022569444444731,0.008079166666666991,0.008158680555555856,0.008021180555555814,0.008051041666667,0.008034375000000265,0.008017361111111421,0.008012500000000299,0.008017013888889162,0.007981944444444769,0.008099305555555845,0.008042013888889147,0.008063888888889176,0.008006250000000268,0.008032291666666986,0.008058333333333636,0.008090277777778076,0.008094097222222521,0.008067361111111431,0.0080454861111114,0.008032638888889155,0.007996527777778043,0.008045833333333627,0.008074305555555853,0.008109375000000293,0.008065277777778046,0.008080902777778039,0.00802083333333364,0.008049652777778046
