HitRate: 399481/30000000 0.013316
CumReqs: 30000000
CumProbs: 0.013205887530113964
SectionCumProbs: 0_3 0.00441903594245284
SectionCumProbs: 1_3 0.004338515594793312
SectionCumProbs: 2_3 0.004448335992867855
