HitRate: 2965760/3000000 0.988587
CumReqs: 432754,114646,80706,121333,151475,169301,71455,66816,68632,121043,67987,73667,98639,110011,94837,79565,54971,55056,79443,65394,79124,60051,97175,67666,100511,55868,58310,50936,62761,88251,52313,49303
CumProbs: 0.14389615950152954,0.0380842967334471,0.026788279634710817,0.04011308151238203,0.050233603852416715,0.056163947824934175,0.023567532336398144,0.021964092481210572,0.022549348028353854,0.04010593103735239,0.02235368502980899,0.02433826687219601,0.03258146449529128,0.036466555928199265,0.03142460430788006,0.026281245950773007,0.018066216865673546,0.01811215325071416,0.02632198199033687,0.021577966829596385,0.02611765174933128,0.019752645567420516,0.032108883100134246,0.02232508312968929,0.03328936152325095,0.018396438803417754,0.01923131093342298,0.016763530323864236,0.020696941633489143,0.029228975111579833,0.01714358890575602,0.01622442784282267
SectionCumProbs: 0_3 0.1398585246013176,0.03388588448559285,0.022689974037275327,0.03622430650142875,0.04613746506559605,0.05219911776139013,0.0196531889601867,0.01805733294215185,0.018671840432599462,0.03602300979528425,0.018432407859628838,0.020394671552680217,0.02854751317312531,0.032393818696022106,0.027489026187639914,0.022345017787348483,0.014086435808885436,0.014045699769321221,0.022312948990244743,0.017577601071964596,0.02219485781172076,0.015579585003763594,0.02814275295022116,0.018222443911023886,0.029336882280212976,0.014510914008387154,0.01524871302283501,0.012735212709297547,0.016575667843533714,0.025267611945020384,0.013104437238113704,0.012188743072164639
SectionCumProbs: 1_3 0.002590205409312702,0.002748599265277866,0.002647192528490317,0.0024805647921877037,0.0027000627074992042,0.0025449190674567204,0.0024916155263248058,0.002467563928496992,0.0024279112942403214,0.002668210591456964,0.0024931322937553927,0.0025353851007501992,0.002619457352616802,0.002624874379154595,0.0025386353166728798,0.0025226009181209944,0.002585005063836415,0.0026506594254745016,0.002560520103885573,0.002543618981087649,0.0025941056684199108,0.0027295313318648293,0.0025889053229436274,0.0027329982288490117,0.0025494693697484696,0.0024959491475550445,0.002559653379639527,0.0026068898510491103,0.0027481659031548364,0.002539502040918927,0.0026595433489964905,0.0026157737745710974
SectionCumProbs: 2_3 0.0014474294908991808,0.0014498129825758121,0.001451113068944882,0.0014082102187655346,0.0013960760793208721,0.0014199109960871758,0.0014227278498868284,0.0014391956105617315,0.0014495963015142984,0.0014147106506108887,0.001428144876424626,0.0014082102187655359,0.0014144939695493782,0.0014478628530222048,0.0013969428035669187,0.0014136272453033328,0.001394775992951799,0.0014157940559184493,0.0014485128962067409,0.0014567467765441895,0.0013286882691906836,0.0014435292317919665,0.0013772248269693407,0.001369640989816424,0.0014030098732892493,0.0013895756474755143,0.0014229445309483408,0.0014214277635177575,0.0013731078868006144,0.0014218611256407803,0.0013796083186459703,0.0014199109960871727
