HitRate: 2640912/3000000 0.880304
CumReqs: 380483,367646,384004,379178,370249,374337,373998,370105
CumProbs: 0.06422855059771584,0.06353539247417868,0.06468821687733597,0.06453687957109347,0.06079801658324269,0.06045476361611679,0.062266819977455715,0.062300746142811184
SectionCumProbs: 0_3 0.022835302769406172,0.021367829813050188,0.021564734615897602,0.022651037126201003,0.019671521545276963,0.020856941675932616,0.020713919606296833,0.020723232671296367
SectionCumProbs: 1_3 0.020203696688107783,0.02095605929628485,0.02115762063163203,0.021094424833420868,0.01965189758688507,0.019533488617605226,0.020942089698785547,0.021295320949839495
SectionCumProbs: 2_3 0.021189551140201882,0.021211503364843648,0.02196586162980633,0.020791417611471564,0.021474597451080633,0.02006433332257896,0.020610810672373366,0.020282192521675332
