HitRate: 2758647/3000000 0.919549
CumReqs: 3000000
CumProbs: 0.9269906152588999
SectionCumProbs: 0_3 0.7996885426774827
SectionCumProbs: 1_3 0.07897038712282343
SectionCumProbs: 2_3 0.04833168545887734
