HitRate: 1756589/3000000 0.585530
CumReqs: 3000000
CumProbs: 0.08979791735032389
SectionCumProbs: 0_3 0.03919695433926157
SectionCumProbs: 1_3 0.028516809977009044
SectionCumProbs: 2_3 0.022084153034054275
