HitRate: 300352/3000000 0.100117
CumReqs: 376333,374320,375650,374744,375311,374182,374724,374736
CumProbs: 0.012499999999999992,0.012499999999999992,0.012499999999999992,0.012499999999999992,0.012499999999999992,0.012499999999999992,0.012499999999999992,0.012499999999999992
SectionCumProbs: 0_3 0.004166666666666667,0.004166666666666667,0.004166666666666667,0.004166666666666667,0.004166666666666667,0.004166666666666667,0.004166666666666667,0.004166666666666667
SectionCumProbs: 1_3 0.004166666666666667,0.004166666666666667,0.004166666666666667,0.004166666666666667,0.004166666666666667,0.004166666666666667,0.004166666666666667,0.004166666666666667
SectionCumProbs: 2_3 0.004166666666666667,0.004166666666666667,0.004166666666666667,0.004166666666666667,0.004166666666666667,0.004166666666666667,0.004166666666666667,0.004166666666666667
