HitRate: 2707165/3000000 0.902388
CumReqs: 3000000
CumProbs: 0.9608589438701234
SectionCumProbs: 0_3 0.36708583532580596
SectionCumProbs: 1_3 0.330444077009007
SectionCumProbs: 2_3 0.2633290315405966
