HitRate: 17134604/30000000 0.571153
CumReqs: 30000000
CumProbs: 0.5694591619335198
SectionCumProbs: 0_3 0.4825605418630692
SectionCumProbs: 1_3 0.05656900740721789
SectionCumProbs: 2_3 0.030329612663234175
