HitRate: 2793237/3000000 0.931079
CumReqs: 3000000
CumProbs: 0.9005993196251798
SectionCumProbs: 0_3 0.6226455030357331
SectionCumProbs: 1_3 0.15299877354267058
SectionCumProbs: 2_3 0.12495504304878949
