HitRate: 14996070/30000000 0.499869
CumReqs: 30000000
CumProbs: 0.5000000000024435
SectionCumProbs: 0_3 0.16666666666692648
SectionCumProbs: 1_3 0.16666666666692648
SectionCumProbs: 2_3 0.16666666666692648
