HitRate: 1146186/3000000 0.382062
CumReqs: 3000000
CumProbs: 0.01065148269958859
SectionCumProbs: 0_3 0.0034928411918649913
SectionCumProbs: 1_3 0.0035411631051194925
SectionCumProbs: 2_3 0.0036174784026041878
