HitRate: 347791/3000000 0.115930
CumReqs: 3000000
CumProbs: 0.0838802083333322
SectionCumProbs: 0_3 0.027701822916666435
SectionCumProbs: 1_3 0.02819661458333309
SectionCumProbs: 2_3 0.027981770833333027
