HitRate: 35211/3000000 0.011737
CumReqs: 3000000
CumProbs: 0.008270833333333333
SectionCumProbs: 0_3 0.0025833333333333355
SectionCumProbs: 1_3 0.0027083333333333356
SectionCumProbs: 2_3 0.0029791666666666703
