HitRate: 1880763/3000000 0.626921
CumReqs: 3000000
CumProbs: 0.10471561374033948
SectionCumProbs: 0_3 0.03772064393718472
SectionCumProbs: 1_3 0.035080065549533905
SectionCumProbs: 2_3 0.03191490425362084
