HitRate: 302882/3000000 0.100961
CumReqs: 3000000
CumProbs: 0.20810321999975945
SectionCumProbs: 0_3 0.07073686782710144
SectionCumProbs: 1_3 0.06933768478083607
SectionCumProbs: 2_3 0.06802866739267274
