HitRate: 2957276/3000000 0.985759
CumReqs: 82978,101054,67568,128872,120301,87583,88023,92273,113918,117293,69672,87986,76730,99660,151398,73412,168995,53144,60093,65545,115308,72866,68620,90759,116752,79699,75324,117882,74320,83737,72926,125309
CumProbs: 0.022699240549165837,0.03082617233344591,0.021810913980854385,0.038143018987225004,0.03997660390176692,0.028108395560720784,0.027739770250060938,0.03445326727974877,0.037378097613508965,0.03715323299346013,0.022556752077055733,0.028366655916420326,0.023473703561639317,0.03401530606078532,0.048586024552544814,0.023724648660958234,0.05430560087833963,0.017458972543616426,0.019543502557477235,0.021366909724011285,0.037048911076379545,0.02385695938506047,0.023259652798848892,0.02650699052260828,0.037112840056053996,0.02576814962816234,0.02160990345769906,0.034978693520654795,0.024081505950483986,0.026904876858790734,0.02336779137143246,0.041728766832245884
SectionCumProbs: 0_3 0.01628566903108476,0.021896152620420255,0.015552871174518474,0.013196722510697773,0.012723457228332048,0.01872164940584215,0.01549180468647129,0.0273714629940263,0.018598244211246794,0.03205767984239757,0.01695008514322318,0.017284678608981734,0.015648605616717458,0.02416483626229838,0.03164961575820724,0.018111302579995523,0.018833286579303415,0.010491031813731946,0.013407910781860972,0.016259270497189355,0.02859406497347106,0.013627368473280544,0.014355395510468126,0.017739496723083198,0.02381561228377853,0.018959554265526,0.014144207239304932,0.016590365362070206,0.017081759758074924,0.01443268278440286,0.01280901392252316,0.0305300634773421
SectionCumProbs: 1_3 0.002829732000811674,0.003127749184666966,0.004321726247839613,0.0036420435136893885,0.01040197651866312,0.004588574078420823,0.003523091083847467,0.00429628187781995,0.013144561552157458,0.0032635585096469134,0.0028507236060778952,0.009010169478587605,0.0031611449203177745,0.002699329604460906,0.014995003361837391,0.003156374100939088,0.017431937900470526,0.0049406605485678955,0.0032991806276744403,0.0030844937556335434,0.006097425220586784,0.005845525957392132,0.005964478387234052,0.0036757573039654405,0.0033408457835816378,0.0032635585096469147,0.005612073862461728,0.0054606798608447405,0.0035253174662241886,0.008039466762337496,0.004560585271399191,0.004675084936487671
SectionCumProbs: 2_3 0.0035838395172694128,0.005802270528358704,0.0019363165584962887,0.02130425296283786,0.01685117015477174,0.004798172076457788,0.008724874479742151,0.0027855224079025138,0.005635291850104671,0.0018319946414156747,0.0027559433277546553,0.0020718078288509897,0.004663953024604071,0.007151140194026041,0.0019414054325002218,0.002456971980023625,0.018040376398565705,0.002027280181316581,0.002836411147941835,0.0020231454711883857,0.0023574208823216964,0.004384064954387787,0.0029397789011467133,0.00509173649555964,0.00995638198869379,0.0035450368529894283,0.0018536223559323878,0.012927648297739841,0.0034744287261848647,0.004432727312050387,0.005998192177510102,0.006523618418416125
