HitRate: 299576/30000000 0.009986
CumReqs: 30000000
CumProbs: 0.00999999999999951
SectionCumProbs: 0_3 0.0033333333333334576
SectionCumProbs: 1_3 0.0033333333333334576
SectionCumProbs: 2_3 0.0033333333333334576
