HitRate: 2776671/3000000 0.925557
CumReqs: 3000000
CumProbs: 0.8169566177894461
SectionCumProbs: 0_3 0.38463051942682613
SectionCumProbs: 1_3 0.23392359097566187
SectionCumProbs: 2_3 0.19840250738688386
