HitRate: 2729573/3000000 0.909858
CumReqs: 191033,187119,186109,179891,191952,195351,191903,185542,182775,187846,192038,183093,185564,181833,187214,190737
CumProbs: 0.037133780377669935,0.03672039793682561,0.034539132429044744,0.03488821093464655,0.03676506224652603,0.0373786421606375,0.03622433900781236,0.0342293331745269,0.03534277323549843,0.036441641961390284,0.037521187829894255,0.03481883870894171,0.03631145025013593,0.034480530320572515,0.03533390372718905,0.03768083897946168
SectionCumProbs: 0_3 0.015451000242961184,0.014137996245030317,0.014422770815389733,0.014036313667627203,0.014711980139903826,0.013761042141884894,0.014206418166273512,0.013421783449054021,0.012506957020580111,0.014581788428649394,0.014025860318548392,0.013148412532235122,0.013967891746384006,0.013673930899561374,0.013973276805000373,0.014611881403270247
SectionCumProbs: 1_3 0.011175263701568927,0.011800880805528744,0.010792607771653244,0.010559149642226212,0.011625391248266104,0.012521845123813592,0.011363740753141638,0.010515118868833594,0.011224996301731807,0.011386548060222703,0.012603571307520755,0.012185120576213931,0.012060313923575873,0.011140735972793407,0.0113102069351319,0.011668788485350908
SectionCumProbs: 2_3 0.010507516433139923,0.010781520886266605,0.009323753842001748,0.010292747624793189,0.010427690858356162,0.011095754894939094,0.010654180088397322,0.010292430856639298,0.01161081991318651,0.010473305472518294,0.010891756203825102,0.009485305600492646,0.010283244580176085,0.009665863448217743,0.010050419987056863,0.011400169090840564
