HitRate: 2464552/3000000 0.821517
CumReqs: 96028,104609,84098,98949,107403,113429,99368,91849,98027,107877,95861,89213,76514,89528,108754,107556,129294,99108,94699,59403,80672,85457,87309,78605,92882,95142,88347,88306,86740,92265,77151,95557
CumProbs: 0.06647066822648848,0.07348986648113875,0.05696587434258815,0.04677391155178018,0.06641074261984879,0.04562215456262702,0.04710185608042415,0.0648177751202711,0.06324028291471569,0.06131278565499513,0.05343355616659193,0.046584915407762495,0.039646386238973444,0.050732952728903505,0.06270819620960667,0.08025783815410693,0.06200225939292733,0.04663628021345372,0.04708374669380229,0.03657305869844873,0.055318249421569765,0.05833757806380368,0.05516909392812022,0.047813061082302585,0.05397716702682395,0.05242107682363994,0.05220705679992653,0.04509665308901685,0.04331765279959597,0.05026145015358408,0.045496376640998516,0.04712852626799458
SectionCumProbs: 0_3 0.032450374518578406,0.05195418391036974,0.039616423435653594,0.03346548795412992,0.03232426733537498,0.027580266563585826,0.031244618631134508,0.041768806351060665,0.04830069747479423,0.047556566315421385,0.03106846368853961,0.032391107435088544,0.026785429121671693,0.028704365580443706,0.044393350364937065,0.04662870719722998,0.045703482171638145,0.017564787976947736,0.01614007314216625,0.023289658980494204,0.02935432792938261,0.03841889908758326,0.030220944394634474,0.02428073632107481,0.03342893991931114,0.04046558903743342,0.039607533373130055,0.029075443375405276,0.029906170328988287,0.0281139995765696,0.02717725039585472,0.031611745287196756
SectionCumProbs: 1_3 0.018900931448069345,0.011904781503665174,0.01054427267599772,0.007535809665736939,0.011198515425410885,0.008441937519982061,0.010336508622208234,0.016692574064921816,0.010094501364624591,0.008852197442361934,0.006973760157308008,0.008580556643033371,0.008414608809261731,0.01563794924037708,0.008751443400429153,0.017237831233028623,0.012646937093588323,0.01846367207654409,0.014979096828914691,0.007897009613450206,0.017624384322012545,0.008319122952528053,0.019994409138457445,0.009896944419658361,0.015085777579196463,0.008086335019042845,0.00834743944797321,0.010556455354270636,0.009000035889511667,0.011059896302359587,0.008895989231829455,0.006449246468422662
SectionCumProbs: 2_3 0.015119362259840716,0.00963090106710383,0.006805178230936825,0.005772613931913313,0.02288795985906287,0.009599950479059129,0.0055207288270813695,0.00635639470428853,0.00484508407529685,0.00490402189721178,0.015391332320744229,0.005613251329640553,0.004446348308040006,0.006390637908082676,0.009563402444240377,0.016391299723848316,0.0036518401277008095,0.01060782015996185,0.015964576722721252,0.005386390104504328,0.008339537170174563,0.011599556023692345,0.004953740395028282,0.013635380341569374,0.005462449528316332,0.0038691527671636658,0.004252083978823212,0.005464754359340936,0.004411446581095972,0.011087554274654857,0.00942313701331435,0.009067534512375129
