HitRate: 2655754/3000000 0.885251
CumReqs: 637797,220773,291068,283808,652193,261477,223656,429228
CumProbs: 0.19720010313308325,0.05986975289645936,0.08241730639674635,0.08007917959295699,0.20251644723162537,0.07369025142847638,0.05981984979165453,0.127145459233322
SectionCumProbs: 0_3 0.17957465920338,0.041591909043274304,0.06335199154974092,0.05855863198955363,0.18002545058345046,0.05030199695591061,0.042553375529180835,0.09819833157286267
SectionCumProbs: 1_3 0.010013889697504013,0.010314639075794501,0.012158392454650556,0.013573311819550371,0.01518784360366954,0.016038192509543966,0.008954945813545367,0.016126687348731215
SectionCumProbs: 2_3 0.007611554232199147,0.007963204777390567,0.006906922392354843,0.007947235783853018,0.007303153044505255,0.007350061963021798,0.008311528448928332,0.01282044031172806
