HitRate: 1880951/3000000 0.626984
CumReqs: 3000000
CumProbs: 0.4385236212184025
SectionCumProbs: 0_3 0.33476093778840693
SectionCumProbs: 1_3 0.0703820655570999
SectionCumProbs: 2_3 0.0333806178729056
