HitRate: 2040231/3000000 0.680077
CumReqs: 77572,88935,82625,97568,99680,105694,86956,82727,80222,85784,91369,98481,103067,88832,94427,86251,88816,79755,89027,107392,128030,141791,118534,99106,81348,80212,75082,77715,100038,105499,96594,80871
CumProbs: 0.03656655951034451,0.033737399843339365,0.030617025667911184,0.043879075242359074,0.0509441658189521,0.055254201787464936,0.044812431521721284,0.038145732191667954,0.03784839329820967,0.042209261662514985,0.051710632606105054,0.05236012363908732,0.05407403279118493,0.044790689954846974,0.044751493890621226,0.04148535935135558,0.044982689425699884,0.039720924022718075,0.04848859363909304,0.05008767057178055,0.051881809167839014,0.049160744896704654,0.043779553985536915,0.041370527131945424,0.03553582550892236,0.03507129090400357,0.036055479579158084,0.04272738463649175,0.05127702614561365,0.054093018384793384,0.04581223737871621,0.04061385936084878
SectionCumProbs: 0_3 0.02904857066039914,0.026009650805939012,0.023207744652340535,0.033841514388937094,0.040465343023744355,0.04486632611003018,0.03699251048954113,0.03032581115948755,0.030388279886846465,0.031705941327167156,0.04182618137856314,0.04127314940988568,0.046230226657366626,0.03661708568688424,0.03464472748630205,0.030819130374072006,0.03461165580711192,0.03172125228975513,0.03709876856990168,0.037737848148323615,0.03967560357345698,0.04140084283786927,0.03517601788810464,0.033749342394157514,0.027794909043696216,0.027037935053347024,0.02783134913465562,0.03454398135247312,0.040705418917123766,0.038767663491990394,0.030086041485359875,0.027318431887958586
SectionCumProbs: 1_3 0.0046324848406159155,0.005069459712876553,0.004818666145685616,0.005001479038985965,0.004735374509207061,0.0050125029320493095,0.00481835992643386,0.004795393482551899,0.004675049316610467,0.007614141694997009,0.006761933517350649,0.008029987438886254,0.004893996081618422,0.005267277349513109,0.004887259258079719,0.005590644879371017,0.005696902959731515,0.004919718498766209,0.008584244284570742,0.009290385879127868,0.009016932087306738,0.00482111589969969,0.005503678611871354,0.00465790103851194,0.004809785787384593,0.004969938456054752,0.005149689156837509,0.004925842883801399,0.00755259162539338,0.012110971407083525,0.012615926953234753,0.010286823324352897
SectionCumProbs: 2_3 0.002885504009328639,0.0026582893245231803,0.002590614869884356,0.005036081814434773,0.005743448285998947,0.005375372745384167,0.003001561105745448,0.0030245275496274026,0.0027850640947515654,0.0028891786403497555,0.0031225177101904043,0.0030569867903138953,0.00294981005219811,0.0029063269184482787,0.005219507146238652,0.005075584097911737,0.004674130658855194,0.003079953234195851,0.0028055807846194447,0.0030594365443279707,0.0031892735070739473,0.0029387861591347753,0.0030998574855602102,0.0029632836992755252,0.002931130677840791,0.0030634173946008426,0.0030744412876641813,0.003257560400216292,0.0030190156030957325,0.0032143834857182173,0.0031102689401200263,0.0030086041485359125
