HitRate: 5735109/30000000 0.191170
CumReqs: 937948,937585,936894,938264,937032,936275,937255,937729,938053,937157,938271,936469,938246,937929,936703,937488,936702,938038,937420,936453,936358,938061,937954,937428,939976,937140,936902,937167,937114,938756,937598,937635
CumProbs: 0.013360416666665447,0.013315624999998778,0.013316145833332115,0.01332447916666545,0.013256249999998786,0.013268229166665453,0.013301562499998781,0.013221874999998792,0.01336041666666544,0.013374999999998772,0.013346874999998778,0.013366145833332108,0.013242708333332126,0.013327083333332114,0.013294270833332112,0.013333854166665444,0.013371874999998772,0.01331406249999878,0.013305729166665451,0.013324999999998777,0.013270312499998787,0.013382812499998776,0.013349999999998774,0.013348437499998781,0.013263541666665452,0.013344791666665442,0.013335416666665444,0.013258333333332121,0.013358333333332107,0.013311458333332114,0.01333645833333211,0.013359374999998775
SectionCumProbs: 0_3 0.004361979166666432,0.0043614583333330915,0.004339062499999765,0.004347395833333098,0.0043291666666664345,0.004391666666666429,0.004358333333333098,0.004324999999999768,0.004323437499999771,0.004402604166666426,0.004373958333333098,0.004405729166666427,0.00432968749999977,0.0043619791666664335,0.004369270833333102,0.004393229166666429,0.004367187499999767,0.0043656249999997655,0.004357291666666427,0.004368229166666431,0.004347916666666431,0.004360937499999767,0.00435416666666643,0.00442135416666642,0.004334374999999768,0.004360937499999767,0.004349999999999762,0.0043630208333330965,0.004360937499999768,0.0044031249999997605,0.0043968749999997595,0.004360937499999764
SectionCumProbs: 1_3 0.004463541666666423,0.004417708333333094,0.004459374999999758,0.004452604166666429,0.004445312499999757,0.004413541666666427,0.004439062499999756,0.00440156249999976,0.0044999999999997525,0.004474479166666421,0.004442708333333095,0.004459895833333089,0.0044328124999997555,0.004424479166666428,0.0044187499999997605,0.004434895833333092,0.0044677083333330885,0.004468749999999751,0.0044380208333330935,0.004454166666666423,0.004422395833333093,0.004427604166666424,0.004474479166666421,0.004458854166666422,0.004443229166666422,0.00445833333333309,0.004431770833333089,0.004383854166666427,0.004455208333333088,0.004398958333333093,0.004431770833333092,0.0044531249999997516
SectionCumProbs: 2_3 0.004534895833333082,0.00453645833333308,0.004517708333333084,0.004524479166666416,0.004481770833333088,0.004463020833333088,0.0045041666666664195,0.004495312499999753,0.004536979166666414,0.004497916666666423,0.00453020833333308,0.0045005208333330875,0.004480208333333086,0.004540624999999746,0.004506249999999749,0.004505729166666419,0.004536979166666418,0.004479687499999752,0.0045104166666664215,0.004502604166666416,0.004499999999999755,0.004594270833333078,0.004521354166666418,0.004468229166666425,0.0044859374999997505,0.004525520833333083,0.004553645833333083,0.004511458333333088,0.0045421874999997435,0.004509374999999748,0.004507812499999752,0.004545312499999746
