HitRate: 11472884/30000000 0.382429
CumReqs: 3750152,3747698,3748716,3752428,3750103,3752677,3749173,3749053
CumProbs: 0.14314885077328288,0.1432575529561702,0.143319713706936,0.14307123497265087,0.1435486058457758,0.14336099430203794,0.14328829385662983,0.1437181210879403
SectionCumProbs: 0_3 0.049559669078804505,0.04952498215128121,0.04952754816087253,0.04945912543976999,0.04934659372142075,0.04924938858232185,0.04932292457284134,0.04935475851519385
SectionCumProbs: 1_3 0.04761888819974432,0.04766674503208765,0.04797454368459381,0.04766323226349723,0.048182462300881516,0.04790252024461157,0.0478959383824406,0.04805223583843913
SectionCumProbs: 2_3 0.0459702934947353,0.046065825772800655,0.0458176218614691,0.0459488772693831,0.0460195498234734,0.046209085475104925,0.0460694309013476,0.046311126734307984
