HitRate: 30224/3000000 0.010075
CumReqs: 375439,375954,374946,374677,375392,375020,375390,373182
CumProbs: 0.0012478573283121294,0.001361177705349022,0.0012781871939308272,0.0013041842216039963,0.0012721878798524035,0.0013065172881900505,0.0012941853648066237,0.001271854584625824
SectionCumProbs: 0_3 0.00042428482343518726,0.0004176189189036054,0.00042895095660729456,0.0004366167468186137,0.0004349502706857183,0.00044028299431098377,0.00041495255709097264,0.00042495141388834544
SectionCumProbs: 1_3 0.00041595244277070994,0.0004709461551562604,0.0004242848234351873,0.0004319506136465064,0.0004099531286922862,0.000455281279507043,0.000402287338480967,0.00042228505207571267
SectionCumProbs: 2_3 0.00040762006210623246,0.0004726126312891559,0.00042495141388834544,0.0004356168611388764,0.00042728448047439903,0.00041095301437202346,0.00047694546923468414,0.0004246181186617663
