HitRate: 1265606/3000000 0.421869
CumReqs: 369376,376165,377141,376654,377646,377650,373549,371819
CumProbs: 0.005989473067510313,0.005550407043164953,0.006271753574443496,0.005623307315592271,0.005659591012827788,0.005512458956147989,0.00641988426499216,0.005126986282765179
SectionCumProbs: 0_3 0.002191335586251342,0.0021200997036054676,0.0024786092625288616,0.00220731372815322,0.0023051798473022237,0.0020308884113199813,0.002049196698915883,0.0018684439686508852
SectionCumProbs: 1_3 0.0018827577207713177,0.0017715764833707496,0.0015199207484161666,0.00168336382495413,0.0016437513481557225,0.0015292413311922626,0.002224956259836543,0.0017482750264305104
SectionCumProbs: 2_3 0.001915379760487653,0.0016587308561887334,0.002273223563498466,0.0017326297624849199,0.0017106598173698385,0.0019523292136357465,0.002145731306239731,0.0015102672876837822
