HitRate: 1317968/3000000 0.439323
CumReqs: 375275,372657,376299,376783,378097,375009,373714,372166
CumProbs: 0.01511759126379197,0.013284883275264808,0.013281217192727289,0.013500515584516868,0.012680312936805401,0.013408530240848291,0.012740636658559065,0.013033923261560328
SectionCumProbs: 0_3 0.0054058053416822256,0.004391300319482429,0.005558447687335152,0.004555940753439952,0.004328976916344662,0.0046535918610301425,0.0044482912389292644,0.0045856026939707605
SectionCumProbs: 1_3 0.004390967039251746,0.003981365635742038,0.0035840956007676113,0.004596600941583308,0.003748069474263767,0.004880222417894749,0.004463955409771377,0.00432664395472988
SectionCumProbs: 2_3 0.005320818882857998,0.00491221732004034,0.0041386739046245305,0.004347973889493607,0.004603266546196972,0.0038747159619234002,0.003828390009858429,0.0041216766128596835
