HitRate: 1540863/3000000 0.513621
CumReqs: 98442,102226,85036,94688,108575,98078,118033,84776,85121,143212,96189,75037,114557,77031,126432,110926,65938,115238,92198,83650,101389,70437,111990,71339,88396,75568,92794,62407,73938,145672,65691,64996
CumProbs: 0.005231310728599986,0.0026897603262350214,0.00534388365953949,0.009498091256014158,0.011009832479488746,0.00508409997275602,0.020546225176503032,0.00783647482862603,0.005541385872696668,0.018734067433183968,0.00954705048929258,0.007782519755217155,0.014799676802449164,0.0032043318596715127,0.006230145698681565,0.0054867646872703985,0.00270641312666986,0.005999004828646016,0.008732728548029013,0.007065117112484338,0.006139221408307349,0.004151210092396398,0.003808495459447433,0.004617488504571859,0.0052169893202260245,0.006459288232664935,0.011930066231517896,0.0035633662370466185,0.0036759391679861233,0.01939151999435137,0.006578522283778374,0.004322733936875228
SectionCumProbs: 0_3 0.00276802848827876,0.0017398845894318663,0.003696255584516626,0.004684432762319909,0.008419655899854056,0.002686096710139357,0.01199367992917897,0.004150210924370307,0.002764697928191792,0.015240976013972366,0.008484268765541226,0.002941883724818468,0.012764038477294572,0.0008666117346289657,0.001529393191935515,0.002862949450757336,0.0010487933713860926,0.002854956106548614,0.0026015004839303802,0.004561535095110804,0.0038431332843518965,0.0006437972648108343,0.001967028787363056,0.0012486269766041479,0.000929559320272653,0.0023550390374947796,0.0014414664056395707,0.002106246198998301,0.0009482104567596713,0.016482275758385186,0.004650794105441536,0.0030701102881667197
SectionCumProbs: 1_3 0.0019397181946499216,0.00024379699836602723,0.00036702772158382787,0.004107912811265819,0.0011273945894385276,0.0011693596465343192,0.001275604513308585,0.003234306900454222,0.0016379694507706582,0.0029751893256881436,0.0004209827949927028,0.003822150755804001,0.0013978360685002957,0.002249460282737907,0.0025368876182432095,0.0016119910820923111,0.0010641139477861432,0.0011986685752996338,0.003296255318071819,0.00167993450786645,0.0019473784828499471,0.0017685274061797875,0.0006801003697587809,0.0017425490375014405,0.0037119092169253733,0.0017945057748581345,0.007343884991763524,0.0009755210494728057,0.000644130320819531,0.0020199846927458406,0.0012069949755170526,0.0007746882762286602
SectionCumProbs: 2_3 0.0005235640456713043,0.000706078738437128,0.0012806003534390365,0.0007057456824284313,0.0014627819901961634,0.0012286436160823422,0.007276940734015477,0.00045195700380150117,0.0011387184937342175,0.0005179020935234595,0.0006417989287586536,0.0010184852745946877,0.0006378022566542925,8.8259842304641e-05,0.0021638648885028396,0.0010118241544207524,0.0005935058074976237,0.0019453801467977662,0.0028349727460268083,0.0008236475095070836,0.0003487096411055061,0.001738885421405776,0.0011613663023255971,0.0016263124904662715,0.0005755207830279987,0.0023097434203120195,0.0031447148341147936,0.0004815989885755128,0.002083598390406921,0.0008892595432203453,0.0007207332028197854,0.0004779353724798485
