HitRate: 2700126/3000000 0.900042
CumReqs: 374822,375325,375138,374565,374372,375496,375575,374707
CumProbs: 0.11249999999999592,0.11249999999999592,0.11249999999999592,0.11249999999999592,0.11249999999999592,0.11249999999999592,0.11249999999999592,0.11249999999999592
SectionCumProbs: 0_3 0.037500000000000026,0.037500000000000026,0.037500000000000026,0.037500000000000026,0.037500000000000026,0.037500000000000026,0.037500000000000026,0.037500000000000026
SectionCumProbs: 1_3 0.037500000000000026,0.037500000000000026,0.037500000000000026,0.037500000000000026,0.037500000000000026,0.037500000000000026,0.037500000000000026,0.037500000000000026
SectionCumProbs: 2_3 0.037500000000000026,0.037500000000000026,0.037500000000000026,0.037500000000000026,0.037500000000000026,0.037500000000000026,0.037500000000000026,0.037500000000000026
