HitRate: 1219120/30000000 0.040637
CumReqs: 1876801,1875905,1875693,1874096,1873856,1875721,1874903,1877172,1873447,1872876,1875753,1876993,1873922,1875348,1874937,1872577
CumProbs: 0.004899305555555779,0.004938888888889119,0.004839583333333559,0.004846527777778,0.004870138888889099,0.004911805555555781,0.0049166666666669015,0.004894444444444662,0.004854861111111341,0.004883333333333561,0.004931944444444663,0.0048916666666668895,0.004879861111111327,0.004861111111111335,0.004864583333333543,0.004935416666666885
SectionCumProbs: 0_3 0.0016374999999999914,0.0016097222222222136,0.001614583333333325,0.0015694444444444362,0.0016472222222222136,0.0016090277777777693,0.0016826388888888798,0.0016388888888888803,0.0015777777777777695,0.001611805555555547,0.001652777777777769,0.0016013888888888803,0.001606944444444436,0.0016374999999999914,0.0016187499999999913,0.0016166666666666582
SectionCumProbs: 1_3 0.0015666666666666585,0.001652777777777769,0.001606944444444436,0.001594444444444436,0.0016069444444444358,0.0016798611111111022,0.0015736111111111027,0.0016319444444444359,0.0016583333333333246,0.001624305555555547,0.001608333333333325,0.00167013888888888,0.0016187499999999915,0.0016298611111111026,0.0015993055555555472,0.0016624999999999912
SectionCumProbs: 2_3 0.00169513888888888,0.00167638888888888,0.0016180555555555468,0.00168263888888888,0.0016159722222222137,0.001622916666666658,0.001660416666666658,0.0016236111111111026,0.0016187499999999915,0.0016472222222222133,0.0016708333333333245,0.0016201388888888802,0.001654166666666658,0.0015937499999999914,0.0016465277777777691,0.0016562499999999913
