HitRate: 29633/3000000 0.009878
CumReqs: 3000000
CumProbs: 0.009999999999999419
SectionCumProbs: 0_3 0.003333333333333391
SectionCumProbs: 1_3 0.003333333333333391
SectionCumProbs: 2_3 0.003333333333333391
