HitRate: 929517/3000000 0.309839
CumReqs: 370276,372425,377600,377958,378392,377192,374669,371488
CumProbs: 0.0019074263309489675,0.0018740971970865007,0.0014344859214405652,0.00199474866166863,0.0019620861104834124,0.0015231414175147263,0.0018487670553510257,0.0023577029294308913
SectionCumProbs: 0_3 0.0006712487559900786,0.0005226008189634772,0.0003136271496458113,0.0006235880945667514,0.00045460938588404523,0.00046827433076765656,0.0007262418268631485,0.0007395734804081351
SectionCumProbs: 1_3 0.0006189220158260059,0.00092488346468345,0.0006022574488947725,0.0006135893544080113,0.0009382151182284365,0.0004292792441485707,0.0004612752126565386,0.0007149099213499099
SectionCumProbs: 2_3 0.0006172555591328825,0.0004266129134395732,0.0005186013228999813,0.0007575712126938673,0.0005692616063709306,0.0006255878425984993,0.0006612500158313386,0.0009032195276728465
