HitRate: 101118/3000000 0.033706
CumReqs: 93486,94269,94115,93459,94531,93789,93944,93533,93033,93977,93595,94005,93800,93876,93723,94285,92928,93956,93859,93773,93068,93513,93774,94139,93884,93647,93513,94066,93451,93782,93747,93480
CumProbs: 0.0032550876934306482,0.003261065206028254,0.0032437968363018314,0.0032760089875222766,0.0033112098950415225,0.003217562197679,0.0032647181303934606,0.0032736843992898735,0.0032620614581278565,0.003229185138841017,0.003263057710227458,0.0032912848530494954,0.0031979692397201753,0.0032899565169166953,0.0032886281807838927,0.0032245359623762093,0.003188670886790562,0.00320926009684899,0.0032145734413801938,0.0033088853068091186,0.0032242038783430065,0.003233834315305822,0.0032404759959698305,0.003250770600999041,0.0032212151220442037,0.003280658163987081,0.003291949021115896,0.0032467855926006364,0.0032155696934797985,0.00324080808000303,0.003269035222825066,0.003216898029612594
SectionCumProbs: 0_3 0.00110351524232504,0.0010812656121006112,0.0010882393767978203,0.001106836082657044,0.0011181269397858586,0.0010679822507725933,0.0010786089398350078,0.0011184590238190603,0.001083590200333014,0.0010912281330966243,0.0010620047381749856,0.0011094927549226475,0.0010437401163489622,0.0011114852591218502,0.0011251007044830678,0.0010776126877354057,0.0010679822507725933,0.0010835902003330138,0.0010902318809970222,0.0011015227381258373,0.001067318082706193,0.00106532557850699,0.0010786089398350071,0.001070638923038197,0.001046728872647766,0.0010955452255282296,0.0011008585700594369,0.0010467288726477655,0.001051045965079371,0.0010752880995030026,0.0011207836120514624,0.001051045965079371
SectionCumProbs: 1_3 0.001042743864249361,0.0010958773095614302,0.0010792731079014085,0.0010540347213781754,0.0011045114944246408,0.0010849185364658156,0.0011001944019930357,0.0010719672591709985,0.0010869110406650179,0.0010566913936437788,0.0010962093935946303,0.0010719672591709987,0.0010842543683994153,0.0010742918474034014,0.0010915602171298246,0.0010639972423741883,0.0010537026373449749,0.0010749560154698031,0.0010656576625401907,0.0010972056456942316,0.0010630009902745873,0.0011084965028230471,0.0010713030911045976,0.0010935527213290271,0.0010666539146397913,0.001099862317959835,0.0010879072927646196,0.0010915602171298244,0.0010762843516026043,0.001070971007071397,0.0010806014440342098,0.001077612687735406
SectionCumProbs: 2_3 0.0011088285868562468,0.0010839222843662144,0.0010762843516026047,0.0011151381834870549,0.0010885714608310202,0.0010646614104405895,0.0010859147885654173,0.001083258116299813,0.0010915602171298244,0.001081265612100611,0.0011048435784578418,0.0011098248389558487,0.0010699747549717962,0.001104179410391441,0.0010719672591709987,0.0010829260322666129,0.0010669859986729925,0.0010507138810461707,0.0010586838978429813,0.0011101569229890486,0.0010938848053622273,0.0010600122339757836,0.0010905639650302236,0.0010865789566318182,0.0011078323347566458,0.0010852506204990157,0.0011031831582918395,0.0011084965028230463,0.0010882393767978203,0.001094548973428628,0.0010676501667393934,0.00108823937679782
