HitRate: 2963725/3000000 0.987908
CumReqs: 131808,218871,129256,175978,225572,185360,227012,140221,210484,278826,176686,148422,154042,209098,240168,148196
CumProbs: 0.052880350812145205,0.06533974620006196,0.04057628560325943,0.05765701979369276,0.07004726133478045,0.05855628577880371,0.07323871136593874,0.04304108829004604,0.07193170366087066,0.0849475215394272,0.05406474342725925,0.048690691599642816,0.05130763274945306,0.0619796671731741,0.07126915661298244,0.052787791047927975
SectionCumProbs: 0_3 0.02592577717619848,0.03984006311086458,0.028084175126265647,0.03454979382844474,0.04100796519327304,0.04874867444044565,0.035364213363023346,0.031105666280025732,0.045196826476773685,0.05171856618541803,0.03610176573708834,0.03283903404842842,0.032016369247497116,0.035702535259817675,0.04478110546679771,0.034847953298811414
SectionCumProbs: 1_3 0.013758423802966862,0.021871765894014288,0.008944518134665434,0.010830556318759869,0.018706647519916977,0.006132882308397968,0.019396590130203416,0.005926484673246735,0.007472605102543191,0.01242082881949333,0.012430403967515795,0.010945724071363601,0.011648699522013936,0.016122953411851347,0.009322736481553347,0.009777290036287155
SectionCumProbs: 2_3 0.0131961498329802,0.0036279171951837967,0.0035475923423285553,0.012276669646488209,0.01033264862159097,0.003674729029960358,0.018477907872713306,0.006008937336773638,0.01926227208155476,0.020808126534517277,0.005532573722655314,0.004905933479850821,0.0076425639799422,0.010154178501505304,0.017165314664631802,0.008162547712829626
