HitRate: 2758477/3000000 0.919492
CumReqs: 432170,114945,81175,121073,151633,169224,71318,66414,68220,120860,67675,73650,98425,110117,95317,79791,54750,55126,79757,65275,79249,60070,96877,67836,100606,55843,58597,51070,62718,88491,52243,49485
CumProbs: 0.14177176880227269,0.03599602065185853,0.024823880883247648,0.03797670523158465,0.048186969432733776,0.05412512772568919,0.021611036698100078,0.019869172936836932,0.020521510354395808,0.03804322746709147,0.020222759594034672,0.02229843313166925,0.03048246599724935,0.03444862955205403,0.029531377819329407,0.024299194241931315,0.016033956305079398,0.016046841242587474,0.02432556341636641,0.01940441623741853,0.024226679012234867,0.01775484458667824,0.030038684777495463,0.020359699511271357,0.0313127953422451,0.016371961177383678,0.017194199980223198,0.014660362036779015,0.018573487593003913,0.0271629465155235,0.015052303856791441,0.014251639833035208
SectionCumProbs: 0_3 0.13765877688981704,0.03166758059828071,0.020910156027603786,0.033935329599698145,0.04392714916262911,0.05020750742382182,0.01771049642967377,0.01606452057544732,0.01663205712522067,0.033885587747922906,0.01630813578926238,0.018281329126251484,0.02654866461106974,0.03062330136070945,0.02570874647537042,0.020509224716306673,0.0121037507154137,0.0119533265612499,0.02035250791824361,0.015263856551691067,0.02025272456498362,0.013919028655501708,0.02602158077207753,0.01639982860036622,0.027196806932695737,0.012582291301468587,0.0134093244996599,0.010410430207087927,0.01482007533193696,0.022927098222178335,0.011316870578293987,0.010598909874356882
SectionCumProbs: 1_3 0.0025611060670076673,0.00286315297417319,0.002441845482630801,0.0024948834812104637,0.002764268570041625,0.0023094003110363938,0.0024142777093577607,0.002402291720978174,0.0024819985437024086,0.002580283648415001,0.00246252131258559,0.0024421451323402904,0.0024631206120045643,0.0022542647644903098,0.0022899230799195724,0.0022485714200100064,0.002495482780629444,0.0025212526556455507,0.0023795183430569637,0.002626429703676405,0.002513761412908309,0.00230160941858967,0.0025002771759812755,0.0025038729724951516,0.0025913706876661154,0.002297713972366301,0.002282431837182332,0.0025590085190412377,0.0023750235974146186,0.0025934682356325476,0.002301909068299155,0.0022231011947033905
SectionCumProbs: 2_3 0.0015518858454466643,0.0014652870794041708,0.0014718793730129425,0.001546492150675854,0.0014955517000626206,0.0016082199908307117,0.0014862625590684431,0.001402360640411353,0.0014074546854726763,0.001577356070753283,0.0014521024921866279,0.0015749588730773658,0.0014706807741749848,0.0015710634268540004,0.0015327082640393306,0.001541398105614531,0.0014347228090362295,0.0015722620256919597,0.0015935371550657219,0.0015141299820509754,0.0014601930343428465,0.0015342065125867799,0.001516826829436383,0.0014559979384099924,0.0015246177218831136,0.0014919559035487466,0.0015024436433808811,0.0016909233106498442,0.0013783886636521843,0.0016423800577125267,0.001433524210198272,0.001429628763974908
