HitRate: 2620145/3000000 0.873382
CumReqs: 201331,180114,181186,185116,200452,194362,184512,151962,156704,151845,181215,181995,221861,206103,221834,199408
CumProbs: 0.15685661710737386,0.1447305491866186,0.14935216832542605,0.1574231442731186,0.1654969613801187,0.15503600222367742,0.15076233039462397,0.12993303387513538,0.12833743880852444,0.13532441777542215,0.14782210933348552,0.15342771664549754,0.17206382759087283,0.16023267200614946,0.16876940866951082,0.15424369759836404
SectionCumProbs: 0_3 0.10631220363156707,0.09996959959541646,0.09986352964796837,0.10260695307446382,0.11680725669968804,0.10978713087421342,0.107557389050359,0.09199939009779977,0.08607292119476208,0.08918683179484313,0.10300604125173668,0.10144056247377628,0.107216260522941,0.0966162739710954,0.10754034209451896,0.10403151035081408
SectionCumProbs: 1_3 0.026722239742704736,0.02445158522483539,0.03335880906178288,0.03423824257249913,0.023106390998449952,0.024035071270481507,0.02356817409108975,0.02282947267136245,0.025155245679780776,0.025287833114090958,0.02756379112933264,0.026724133848909443,0.03070630273310075,0.03958644085132432,0.032465548575774,0.021397528380814282
SectionCumProbs: 2_3 0.02382217373310363,0.020309364366370108,0.016129829615677264,0.020577948626157246,0.02558331368198145,0.021213800078984203,0.019636767253176916,0.015104171105979046,0.017109271933987508,0.020849752866493806,0.01725227695242175,0.025263020322812593,0.03414126433483252,0.024029957183729717,0.02876351799921806,0.028814658866737744
