HitRate: 1745802/3000000 0.581934
CumReqs: 375625,374335,374333,374237,375417,374345,375511,376197
CumProbs: 0.054027777777777806,0.05361111111111115,0.051527777777777804,0.05236111111111118,0.05416666666666669,0.052361111111111115,0.050694444444444486,0.05111111111111116
SectionCumProbs: 0_3 0.019166666666666665,0.019027777777777772,0.018194444444444437,0.01763888888888889,0.015138888888888896,0.01819444444444445,0.016249999999999994,0.017222222222222222
SectionCumProbs: 1_3 0.017361111111111112,0.01611111111111111,0.01833333333333333,0.017500000000000005,0.019305555555555562,0.016249999999999997,0.015694444444444445,0.016666666666666677
SectionCumProbs: 2_3 0.0175,0.018472222222222227,0.015000000000000001,0.017222222222222215,0.019722222222222214,0.017916666666666668,0.018749999999999992,0.017222222222222226
