HitRate: 1414035/3000000 0.471345
CumReqs: 92026,92385,90956,92036,94406,96990,95855,91566,91462,91106,94932,94539,96307,93833,94926,93040,93881,94610,95362,96789,95576,96313,93609,91011,91429,91880,93080,93157,94081,94533,94047,94277
CumProbs: 0.003629743030353612,0.003375419278204028,0.0031724238874908865,0.0036492809227713532,0.003824459653093135,0.0034876793719263092,0.0037509441934874006,0.003778098552440866,0.0031740796410856106,0.003606562480027476,0.0033783996346745324,0.0037012715856456803,0.0036701434180648734,0.0041221641494244825,0.004290388714648423,0.003973146325899336,0.0037810789089113687,0.0035247682524481203,0.003930096732436515,0.004018182823675826,0.004129118314522319,0.003810551322897454,0.0035111910729713814,0.0034274099410783582,0.0035469553506174184,0.00311381021023766,0.003841017189040374,0.003984405450343457,0.0035595390779373194,0.003599939465648581,0.0034012490342817205,0.004070504637269094
SectionCumProbs: 0_3 0.0013080453398318366,0.0014328891608740137,0.0014779256586505021,0.001524286759302769,0.0012977796675445478,0.0016011137260979564,0.0017454954395578748,0.001350432631856767,0.0011749227508160392,0.0013000977225771616,0.0010954465782692943,0.001387852663097525,0.0016401895109334388,0.0015829004365559931,0.0015011062089766358,0.0016842325565530928,0.0015693232570792581,0.0014242792421814495,0.0017256263964211883,0.001583562737993883,0.0018663654519727162,0.0017597349204724994,0.0017087377097550057,0.0014269284479330084,0.0015537591732888538,0.0011835326695086028,0.0014881913309377904,0.0017332428629569187,0.0014772633572126118,0.0015140210870154814,0.0013650032634903364,0.0016746291857036948
SectionCumProbs: 1_3 0.0011765785044107631,0.001076902138008388,0.0009126513814117819,0.0011014072912103004,0.001557401831197247,0.001046105121146524,0.001221615002187251,0.001389839567411193,0.0010977646333019079,0.0014570631633569813,0.001276586021532083,0.0011911491360443321,0.0011636636263719171,0.001694167078121436,0.001278241775126806,0.0012640022942121813,0.0011322043080721645,0.0012964550646687686,0.0010884924131714544,0.0014474597925075835,0.001216316590684135,0.0011947917939527245,0.0009629862906913866,0.0011358469659805551,0.0011129975663733667,0.0011216074850659312,0.0012146608370894108,0.001331888191595859,0.001025242625853003,0.0011116729634975879,0.000948415659057817,0.0013371866030989755
SectionCumProbs: 2_3 0.0011451191861110096,0.0008656279793216252,0.0007818468474285982,0.0010235868722582797,0.0009692781543513377,0.0008404605246818229,0.0007838337517422669,0.0010378263531729045,0.00090139225696766,0.0008494015940933318,0.0010063670348731512,0.0011222697865038206,0.0008662902807595141,0.0008450966347470501,0.001511040730544979,0.0010249114751340585,0.0010795513437599456,0.0008040339455978983,0.0011159779228438699,0.0009871602931743547,0.0010464362718654687,0.0008560246084722272,0.0008394670725249881,0.0008646345271647911,0.0008801986109551952,0.0008086700556631247,0.0011381650210131697,0.0009192743957906776,0.0010570330948717014,0.0009742454151355089,0.0010878301117335652,0.0010586888484664246
