HitRate: 2743239/3000000 0.914413
CumReqs: 3000000
CumProbs: 0.7626478050397962
SectionCumProbs: 0_3 0.5384938581890981
SectionCumProbs: 1_3 0.13778622960232606
SectionCumProbs: 2_3 0.08636771724836076
