HitRate: 132419/3000000 0.044140
CumReqs: 187065,187545,187308,187138,187696,187886,187576,187247,187734,188061,186957,188034,187748,187375,186740,187890
CumProbs: 0.008154623141474995,0.0084103614978835,0.008216079369851815,0.008404717753400208,0.008063070703859592,0.00864353876437971,0.00823847901152143,0.00807671221236458,0.008361705684747391,0.008198480643398598,0.008327026428619894,0.008508039420706315,0.008003081397687748,0.008259713795440115,0.008160858862848109,0.008031123915839352
SectionCumProbs: 0_3 0.0025971649318817184,0.0028761275311993285,0.002648893469636539,0.0028043828833576524,0.0026735855027519234,0.0029500170102649687,0.0028310626394608476,0.002743972596553017,0.0028714654961916734,0.0026129955396772112,0.0028424907446387986,0.002847307283878691,0.0026390459948344848,0.0027689276340637325,0.002755705370188925,0.0027753977157891196
SectionCumProbs: 1_3 0.0027963130752276656,0.002836462475577515,0.0027551472453499893,0.0028381151500617013,0.0026641529325735253,0.0028182118801444596,0.00258889461545034,0.0027863918203147107,0.0027097533811170182,0.0027530918182604113,0.0027554293457740233,0.0029993377124004936,0.0026998798662758237,0.002837168160638252,0.002686820786646303,0.0026308025864435532
SectionCumProbs: 2_3 0.002761145134365608,0.002697771491106658,0.002812038654865286,0.002762219719980852,0.002725332268534144,0.002875309873970281,0.002818521756610245,0.0025463477954968546,0.002780486807438696,0.002832393285460985,0.002729106338207068,0.0026613944244271246,0.00266415553657744,0.0026536180007381317,0.0027183327060128766,0.002624923613606682
