HitRate: 2495948/3000000 0.831983
CumReqs: 371610,376465,379685,378464,377537,375164,371127,369948
CumProbs: 0.20916216027852425,0.21209105046791332,0.21211721699825403,0.209432380024544,0.2095863599915489,0.20929022531644303,0.20844610311170048,0.20597663681079564
SectionCumProbs: 0_3 0.08749785824432622,0.08998845905050666,0.09050474482222907,0.08908596535500476,0.08868893857733538,0.08700295857913141,0.08677953666622236,0.08711416633307992
SectionCumProbs: 1_3 0.06248844206742399,0.062241872839213404,0.06280118242524638,0.06304372603340451,0.062020715337583666,0.06299894101032126,0.06327645719268503,0.06292421543809827
SectionCumProbs: 2_3 0.05917585996679028,0.05986071857820817,0.058811289750793215,0.057302688636149436,0.05887670607664502,0.05928832572700471,0.05839010925280889,0.05593825503963281
