HitRate: 303156/3000000 0.101052
CumReqs: 94683,93845,93839,93976,93927,93673,93693,93350,93344,94437,93723,94004,93459,94260,93557,93388,93782,93818,93802,93569,93180,93980,93932,93396,93988,93572,93340,94145,93495,93635,93834,93374
CumProbs: 0.003342541619905838,0.0032455889872434235,0.0032259992429725963,0.0032259992429725924,0.0033096706930785115,0.0032276593907921585,0.0032372882481456165,0.0032525616080855842,0.0032186945925665226,0.0032741435297398876,0.003230979686431279,0.0032847684757850836,0.0032103938534687143,0.0032787919436346622,0.003255549874160796,0.0032203547403860866,0.0032289875090478035,0.0032246711247169452,0.0032834403575294343,0.0032352960707621435,0.003280784121018135,0.0032130500899800103,0.0032555498741607958,0.0032133821195439263,0.0033173073730484973,0.003292737185318983,0.003199104848295693,0.00324724913506299,0.0032807841210181375,0.003179847133588775,0.0032864286236046467,0.003189475990942233
SectionCumProbs: 0_3 0.0011242521034072871,0.0010980217678582095,0.001078099994023468,0.0010614985158278489,0.001092045235707787,0.0010830804374821533,0.0010784320235873801,0.001064818811466973,0.001063822722775236,0.0010661469297226225,0.0010591743088804626,0.0011179435416929528,0.0010648188114669728,0.0011179435416929524,0.001101674093061246,0.0010940374130912617,0.0010956975609108233,0.00106581490015871,0.0011192716599486019,0.0010764398462039064,0.0011113029504147048,0.0010674750479782718,0.001061166486263937,0.0010804242009708545,0.0010711273731813075,0.0010830804374821535,0.001047885303707442,0.0010395845646096326,0.0010913811765799618,0.0010751117279482558,0.0011053264182642822,0.0010641547523391483
SectionCumProbs: 1_3 0.0011189396303846891,0.0010747796983843435,0.001060834456700024,0.0010558540132413392,0.001113627157362091,0.0010830804374821527,0.0010907171174521382,0.001093041324399524,0.0010780999940234678,0.001110970920850792,0.0010654828705947974,0.001073783609692607,0.0010605024271361123,0.0010850726148656279,0.0010614985158278495,0.0010591743088804626,0.0010551899541135143,0.0010903850878882255,0.001066146929722622,0.0010724554914369577,0.001089721028760401,0.0010648188114669728,0.0010976897382942974,0.0010551899541135137,0.0010907171174521376,0.0011119670095425293,0.0010844085557378024,0.0010973577087303853,0.0010804242009708543,0.0010644867819030609,0.0010800921714069418,0.001042572830684844
SectionCumProbs: 2_3 0.0010993498861138595,0.00107278752100087,0.0010870647922491016,0.0011086467139034056,0.001103998300008632,0.0010614985158278489,0.0010681391071060968,0.0010947014722190863,0.001076771875767818,0.0010970256791664732,0.0011063225069560191,0.0010930413243995238,0.001085072614865627,0.001075775787076081,0.0010923772652717005,0.0010671430184143594,0.0010780999940234678,0.0010684711366700087,0.00109802176785821,0.0010864007331212765,0.0010797601418430294,0.0010807562305347662,0.0010966936496025605,0.0010777679644595548,0.0011554628824150502,0.001097689738294297,0.0010668109888504467,0.0011103068617229674,0.001108978743467318,0.0010402486237374574,0.0011010100339334213,0.0010827484079182408
