HitRate: 2959771/3000000 0.986590
CumReqs: 3000000
CumProbs: 0.9281580361408761
SectionCumProbs: 0_3 0.35578938165583895
SectionCumProbs: 1_3 0.30007456837908736
SectionCumProbs: 2_3 0.27229408610589945
