HitRate: 2278652/3000000 0.759551
CumReqs: 3000000
CumProbs: 0.5377641274685726
SectionCumProbs: 0_3 0.4028796791209234
SectionCumProbs: 1_3 0.07961077543503203
SectionCumProbs: 2_3 0.05527367291259214
