HitRate: 29722980/30000000 0.990766
CumReqs: 30000000
CumProbs: 0.9958982474978714
SectionCumProbs: 0_3 0.8934977215154674
SectionCumProbs: 1_3 0.06687203780171544
SectionCumProbs: 2_3 0.03552848818810887
