HitRate: 1530535/3000000 0.510178
CumReqs: 374042,375221,375603,374651,375095,375944,375242,374202
CumProbs: 0.012483927668007105,0.012326953725681534,0.012506257294622423,0.012613572813579613,0.012385943933307072,0.012123654140079413,0.012474262605740779,0.012420604846262192
SectionCumProbs: 0_3 0.0041719741189629195,0.004082655612501657,0.0041983030816884395,0.004248294783066011,0.0041409792641088254,0.003956009969011811,0.0042756235798190835,0.004102319015043502
SectionCumProbs: 1_3 0.0042756235798190835,0.004129647811796575,0.004103985405089422,0.004293953870324193,0.0042083014219639545,0.0040579930398220556,0.004134980259943516,0.004126981587723105
SectionCumProbs: 2_3 0.004036329969225109,0.004114650301383304,0.0042039688078445644,0.004071324160189408,0.004036663247234293,0.004109651131245546,0.0040636587659781806,0.0041913042434955795
