HitRate: 1458768/3000000 0.486256
CumReqs: 3000000
CumProbs: 0.18232631514754463
SectionCumProbs: 0_3 0.09518322140292845
SectionCumProbs: 1_3 0.04324147075652245
SectionCumProbs: 2_3 0.043901622988093594
