HitRate: 3639440/30000000 0.121315
CumReqs: 30000000
CumProbs: 0.0787446180557577
SectionCumProbs: 0_3 0.02608281250000069
SectionCumProbs: 1_3 0.026199479166667247
SectionCumProbs: 2_3 0.026462326388889113
