HitRate: 1554662/3000000 0.518221
CumReqs: 374580,375170,374486,375569,374214,374771,376008,375202
CumProbs: 0.11260352758566404,0.1126128480226194,0.11191914121493893,0.11279958963447574,0.11257123892906845,0.11306855081518878,0.11281889625388335,0.11295670557172385
SectionCumProbs: 0_3 0.03755570209353657,0.03746915517895073,0.03722815530910398,0.03760496726030082,0.03780369229109987,0.03759997416907472,0.03777173650725279,0.03794982342765059
SectionCumProbs: 1_3 0.037585660640893206,0.0376835252289249,0.03745184579603354,0.037609627478778544,0.03741589553920557,0.03788624473270483,0.03777040501625918,0.037890239205685725
SectionCumProbs: 2_3 0.03746216485123418,0.03746016761474375,0.0372391401098014,0.03758499489539639,0.03735165109876301,0.03758233191340917,0.0372767547303714,0.03711664293838758
