HitRate: 2743256/3000000 0.914419
CumReqs: 3000000
CumProbs: 0.6213353765907835
SectionCumProbs: 0_3 0.2613969772878483
SectionCumProbs: 1_3 0.191915620497045
SectionCumProbs: 2_3 0.16802277880586858
