HitRate: 2178806/3000000 0.726269
CumReqs: 172240,202983,114933,181133,249642,171016,242277,146996,207243,262012,154220,152675,162067,220605,208044,151914
CumProbs: 0.017881861191310466,0.03119285587792273,0.019729044419284733,0.026421352774853916,0.03927436540799534,0.03631522430508437,0.02496682034435209,0.023440655673770884,0.03497775752619385,0.031283059439504254,0.023101397425616888,0.029793374150444932,0.022637777649547226,0.028860828506447885,0.029724726587035497,0.016477405002716054
SectionCumProbs: 0_3 0.011147767362361638,0.02417720754977281,0.011473760380871272,0.018420761145611756,0.031043953675165027,0.029059475320371883,0.01599421901292099,0.01657755748653083,0.024908784964658103,0.02418019222644278,0.012495514694226504,0.015806184382712477,0.016969545022521047,0.017948850601014393,0.022763797331168446,0.011121900164555172
SectionCumProbs: 1_3 0.0045609175824649585,0.004485969034974442,0.005395632157835006,0.005510708024999651,0.005190352729088857,0.005087547199345228,0.005904685345436531,0.004315510834044684,0.006686007371488114,0.004100282483065276,0.008000591629242139,0.005422162617123686,0.003399546727103052,0.004116200758638484,0.00401007892148377,0.003809442323113137
SectionCumProbs: 2_3 0.0021731762464838847,0.0025296792931755042,0.002859651880578444,0.002489883604242486,0.0030400590037414593,0.0021682017853672597,0.0030679159859945708,0.002547587353195363,0.0033829651900476273,0.0030025847299961998,0.002605291102148238,0.008565027150608771,0.002268685899923128,0.006795777146795022,0.0029508503343832772,0.001546062515047746
