HitRate: 2940191/3000000 0.980064
CumReqs: 3000000
CumProbs: 0.9799253078619097
SectionCumProbs: 0_3 0.38798077004243775
SectionCumProbs: 1_3 0.3496750494767503
SectionCumProbs: 2_3 0.24226948834272585
