HitRate: 2047691/3000000 0.682564
CumReqs: 121358,55055,71974,97489,143129,43478,75215,75546,102065,50504,58742,56024,80999,180067,60410,52264,369616,64838,53636,58484,153559,72491,121832,92326,64241,58577,91636,76858,60166,43850,74772,218799
CumProbs: 0.03051345182861966,0.007645426411563863,0.012493778081867959,0.023223944105117536,0.0373814506100393,0.003933750513984541,0.014784775736267252,0.015669411801917433,0.023360451740389112,0.007684048083982161,0.010252389299799066,0.008941916001191944,0.017723685240028705,0.04990352905531723,0.009225252580743434,0.008109552371487217,0.11340887865636531,0.01108774943857073,0.00836259091491745,0.009371082688667699,0.04163849115780116,0.014864016753815138,0.030543749864740916,0.02111473466744576,0.011981375031421729,0.009550873232683924,0.020418212782108848,0.01479909239069817,0.010666240496488257,0.003937412913955242,0.01375098010817398,0.062454906700360746
SectionCumProbs: 0_3 0.02548364488703993,0.0044581396006985186,0.009542882541838757,0.02046182863630537,0.034784476085360554,0.000836691920579192,0.007727330992726806,0.01151525139878708,0.01911772784705818,0.005510580174097177,0.008466469895904603,0.004068593421996708,0.015551549111951245,0.04486706320469986,0.005773940026535752,0.003922097423168675,0.11037840915333638,0.00848711251392128,0.0043729055650167555,0.004434167528163023,0.03176665850950309,0.0104025476985978,0.023134048833109433,0.01745599709671566,0.005897795734635816,0.006378236021701384,0.016408883650547112,0.009084416654597393,0.0008962891564660505,0.002940907176472743,0.01066091336925815,0.05667563954659489
SectionCumProbs: 1_3 0.0029968420123889007,0.0023053143088302124,0.0015332138059161078,0.0018128879854968963,0.0017110066772210374,0.001855505003337778,0.005275520685068562,0.0024684575802523395,0.0024091932898173624,0.0010238072645368146,0.0013517585346404773,0.003980695822699888,0.001020144864566114,0.0038535106600810056,0.0012984872623393747,0.0019790277659859595,0.0020452839109104557,0.0013401054438246108,0.0028027348139417576,0.002799738304874821,0.007871496373391665,0.003019482303116869,0.0059284267162089494,0.0010491111188798384,0.0044335016372592595,0.0020978892923077946,0.002798739468519175,0.004216754148084148,0.0077789375377685,0.00035025861537974927,0.0020955586741446216,0.0040439554585574465
SectionCumProbs: 2_3 0.002032964929190826,0.000881972502035129,0.0014176817341130916,0.0009492274833152708,0.000885967847457712,0.0012415535900675713,0.0017819240584718802,0.0016857028228780139,0.0018335306035135734,0.0011496606453481695,0.00043416086925398574,0.0008926267564953496,0.0011519912635113427,0.0011829551905363585,0.002152825291868307,0.002208427182332583,0.0009851855921185152,0.0012605314808248392,0.0011869505359589413,0.002137176855629858,0.0020003362749064007,0.00144198675210047,0.0014812743154225324,0.002609626451850261,0.0016500776595266516,0.0010747479186747442,0.0012105896630425553,0.001497921588016627,0.0019910138022537077,0.0006462471221027503,0.0009945080647712082,0.0017353116952084154
