HitRate: 1511306/3000000 0.503769
CumReqs: 187154,187740,187395,187215,186928,187733,186943,187697,187141,188206,187588,187756,187149,187981,187992,187382
CumProbs: 0.03450910686118916,0.034682302628740204,0.03463226163707733,0.034680504748799974,0.03456034643947848,0.034661926656086896,0.03449382488169983,0.034543266580048804,0.03458132170544488,0.03466372453602695,0.03462297259072085,0.034611286371111084,0.03456154502610525,0.034726051040612986,0.03476800157254558,0.03453757329357228
SectionCumProbs: 0_3 0.011853422444253641,0.011910954602332787,0.011825255658527298,0.011957100187458833,0.011993057786258332,0.011905261315856206,0.011849826684373621,0.011905560962512891,0.011863011137266734,0.011848328451090304,0.011896871209469641,0.011946912201132257,0.011865108663863444,0.011997852132764858,0.011949908667698886,0.011908857075736148
SectionCumProbs: 1_3 0.011588534799763926,0.011569956707050938,0.011572653526960887,0.011545984974517897,0.01144949875107265,0.011568758120424254,0.011530702995028126,0.0115855383331973,0.011534898048221425,0.011600221019373816,0.011551977907651115,0.011537295221474713,0.011554974374217764,0.011487553876468728,0.011669739043719521,0.0115061319691818
SectionCumProbs: 2_3 0.01106714961717132,0.011201391319356106,0.011234352451588938,0.011177419586823084,0.011117789902147233,0.011187907219806224,0.011113295202297346,0.011052167284338183,0.011183412519956335,0.011215175065562515,0.011174123473599772,0.01112707894850376,0.011141461988023592,0.011240645031378841,0.011148353861126793,0.011122584248653826
