HitRate: 30141/3000000 0.010047
CumReqs: 94722,93824,93802,93963,93935,93691,93694,93325,93380,94447,93693,94048,93455,94238,93609,93388,93810,93830,93781,93549,93174,93998,93910,93356,94000,93548,93371,94133,93475,93622,93822,93407
CumProbs: 0.0003271520910748778,0.0003408111906004073,0.0003378128516801691,0.00033448136399101563,0.00032315430584789354,0.0003221548595411475,0.0003248200496924704,0.00031482558662500966,0.0003341482152221003,0.00035147195120569864,0.0003308167275329468,0.0003224880083100629,0.000302832230944057,0.00034414267828956094,0.00032148856200331686,0.0003051642723264645,0.00030050018956164957,0.0003194896693898247,0.0003328156201464389,0.00031016150386019477,0.00031149409893585614,0.0002965024043346652,0.000308495760015618,0.0003114940989358562,0.0003221548595411476,0.00033648025660450767,0.00031116095016694073,0.00032848468615053925,0.00031882337185199395,0.0003208222644654861,0.00031715762800741727,0.00035013935613003726
SectionCumProbs: 0_3 0.00010827334989749012,0.00011693521788928933,0.00010427556467050588,0.00010360926713267516,0.000106274457283998,0.0001056081597461673,0.00010061092821243697,0.00010727390359074404,0.0001032761183637598,0.00011626892035145862,0.00011227113512447438,0.00010494186220833658,0.00010327611836375981,0.00011460317650688186,0.00010494186220833658,0.00010560815974616727,0.00010927279620423619,0.00011693521788928933,0.00010494186220833658,0.00010161037451918303,0.000106274457283998,9.994463067460629e-05,0.00010294296959484445,0.00010394241590159053,0.00010227667205701374,0.00010893964743532083,0.00010161037451918305,0.00010527501097725193,0.00010893964743532083,0.0001019435232880984,0.00010727390359074406,0.00011560262281362792
SectionCumProbs: 1_3 0.00010794020112857477,0.00010494186220833658,0.0001112716888177283,0.0001179346641960354,0.0001056081597461673,0.00011093854004881295,0.00012126615188518896,9.661314298545272e-05,0.00011993355680952754,0.00011293743266230508,0.00010860649866640549,0.0001049418622083366,0.00010227667205701375,0.00011360373020013578,0.00010993909374206689,9.627999421653738e-05,9.028331637606101e-05,9.994463067460627e-05,0.00011593577158254325,9.16159114517224e-05,9.694629175436808e-05,0.00010161037451918304,0.00010161037451918304,9.561369667870666e-05,0.0001099390937420669,0.00011293743266230508,0.00010660760605291334,0.00010927279620423619,0.00011393687896905114,0.00011526947404471255,0.00010294296959484445,0.00012393134203651175
SectionCumProbs: 2_3 0.00011093854004881296,0.00011893411050278147,0.000122265598191935,0.00011293743266230509,0.0001112716888177283,0.00010560815974616729,0.00010294296959484445,0.00011093854004881296,0.00011093854004881296,0.000122265598191935,0.00010993909374206689,0.00011260428389338973,9.727944052328343e-05,0.00011593577158254328,0.00010660760605291333,0.00010327611836375981,0.00010094407698135234,0.00010260982082592912,0.00011193798635555903,0.00011693521788928935,0.00010827334989749012,9.494739914087596e-05,0.00010394241590159053,0.00011193798635555902,0.00010993909374206689,0.00011460317650688184,0.00010294296959484445,0.00011393687896905115,9.594684544762203e-05,0.00010360926713267514,0.0001069407548218287,0.00011060539127989762
