HitRate: 2706165/3000000 0.902055
CumReqs: 3000000
CumProbs: 0.9148364988838638
SectionCumProbs: 0_3 0.31729906564569726
SectionCumProbs: 1_3 0.3077331887485038
SectionCumProbs: 2_3 0.2898042444896216
