HitRate: 2814132/3000000 0.938044
CumReqs: 3000000
CumProbs: 0.9770407219270316
SectionCumProbs: 0_3 0.6503231081833766
SectionCumProbs: 1_3 0.1802802286643291
SectionCumProbs: 2_3 0.14643738507942125
