HitRate: 1680466/3000000 0.560155
CumReqs: 3000000
CumProbs: 0.4403385416663494
SectionCumProbs: 0_3 0.14077083333340445
SectionCumProbs: 1_3 0.1463958333334062
SectionCumProbs: 2_3 0.15317187500007484
