HitRate: 364109/3000000 0.121370
CumReqs: 93572,93415,93518,94417,94375,93131,94063,93782,93976,93994,93425,93873,93881,94061,93411,93956,93381,93747,93628,93730,93798,93809,93999,93440,94178,94264,93455,93193,93758,93312,93951,93507
CumProbs: 0.0023194444444444447,0.0025138888888888884,0.002482638888888889,0.002357638888888886,0.0025555555555555553,0.0024826388888888862,0.002552083333333333,0.0024826388888888884,0.002506944444444445,0.0025868055555555523,0.002583333333333331,0.002517361111111109,0.002499999999999998,0.0025868055555555544,0.0025624999999999992,0.002427083333333332,0.0023993055555555543,0.0025416666666666678,0.0024652777777777767,0.002531249999999999,0.0025034722222222194,0.002499999999999997,0.002416666666666665,0.0024409722222222207,0.0024895833333333324,0.0025277777777777772,0.0024756944444444453,0.0024652777777777763,0.002628472222222223,0.002552083333333332,0.0024618055555555556,0.002440972222222221
SectionCumProbs: 0_3 0.0007430555555555553,0.0008854166666666666,0.0008854166666666666,0.0007777777777777772,0.0008541666666666664,0.0008680555555555553,0.0007986111111111107,0.0008020833333333329,0.000875,0.0008402777777777774,0.0008159722222222221,0.0008090277777777774,0.0007569444444444439,0.0008541666666666665,0.0008055555555555553,0.0008576388888888886,0.000788194444444444,0.0008541666666666667,0.0008472222222222219,0.0008923611111111112,0.0008680555555555554,0.0008020833333333331,0.0008055555555555553,0.0007986111111111103,0.0008402777777777778,0.0007708333333333328,0.0008333333333333331,0.0007986111111111112,0.00084375,0.0008611111111111111,0.0008124999999999993,0.0007881944444444442
SectionCumProbs: 1_3 0.0007881944444444442,0.0007708333333333328,0.0007812499999999997,0.0008090277777777774,0.0008298611111111111,0.0008333333333333331,0.0008541666666666664,0.0008298611111111109,0.0008229166666666661,0.000878472222222222,0.0009236111111111113,0.0008541666666666666,0.0008472222222222222,0.0008715277777777778,0.0008576388888888891,0.0007812499999999997,0.0007291666666666664,0.0008715277777777779,0.000815972222222222,0.000805555555555555,0.0007812499999999998,0.0008159722222222216,0.0009166666666666671,0.0008506944444444443,0.0008541666666666664,0.000881944444444444,0.0007951388888888882,0.0008194444444444441,0.00090625,0.000822916666666666,0.0007916666666666661,0.0008263888888888887
SectionCumProbs: 2_3 0.0007881944444444442,0.0008576388888888885,0.0008159722222222221,0.0007708333333333329,0.0008715277777777774,0.0007812499999999994,0.0008993055555555554,0.0008506944444444444,0.0008090277777777779,0.0008680555555555557,0.0008437499999999998,0.0008541666666666666,0.0008958333333333331,0.0008611111111111114,0.0008993055555555555,0.0007881944444444439,0.0008819444444444446,0.0008159722222222216,0.0008020833333333333,0.0008333333333333327,0.0008541666666666669,0.0008819444444444443,0.0006944444444444439,0.0007916666666666665,0.000795138888888889,0.000875,0.0008472222222222224,0.0008472222222222216,0.0008784722222222222,0.0008680555555555553,0.0008576388888888885,0.0008263888888888888
