HitRate: 1943780/3000000 0.647927
CumReqs: 91834,92182,90882,93304,94957,96768,95861,91747,91598,91207,94188,94496,95723,93814,94158,93026,93167,94945,94386,96723,95731,96469,93763,91475,91268,92892,93523,93163,93404,94134,94282,94930
CumProbs: 0.019273735894522262,0.019406139148754643,0.01881723650754011,0.01906453260883259,0.01994312496870408,0.020116385839671732,0.019872776139889164,0.019194785462184158,0.01914409744142233,0.01862892283040684,0.018139245829835084,0.018218503462299,0.01853430519165145,0.020107169835896818,0.020915106166827627,0.020271521903215434,0.019172974253250298,0.019221204673005546,0.01981133611472335,0.020746146097621553,0.020216533080691997,0.01967063845709353,0.018932743754851877,0.01852908278951238,0.01881232130552689,0.01897913097385207,0.01885440772276542,0.0190614606075743,0.01933425431931064,0.01992684336203508,0.018522324386744105,0.019514273593046493
SectionCumProbs: 0_3 0.009066704513722157,0.00897853807760919,0.009131830940397932,0.00942182785918068,0.009388343045465304,0.009900445655222521,0.010011037700521024,0.009273142998279351,0.00913213814052376,0.0089745444759734,0.008486403476030864,0.008552451503084119,0.009042742903907483,0.009445789468995346,0.010004279297752784,0.009870954443142916,0.009386499844710326,0.009468215078180877,0.009170538156252406,0.009737015188281408,0.009964343281394982,0.00924242298569644,0.008839683620734388,0.008941366862383853,0.009051344507430704,0.008711273968137812,0.00860836192598503,0.008763190789402924,0.009065168513093008,0.009289117404822462,0.008404381042434472,0.009063018112212197
SectionCumProbs: 1_3 0.005216258136579349,0.00514406610700949,0.005349582991189201,0.0052190229377118095,0.006186396133947859,0.005902236017555885,0.005391976608553623,0.005255886952811306,0.0056792087262039,0.005135157303360442,0.005711771939541804,0.0053895190075469975,0.004748392344941522,0.005804546377542205,0.0058051607777938686,0.005724674344826624,0.0058386455915092434,0.005190146125883862,0.0056638487199124465,0.005837109590880095,0.0052236309395992395,0.005569538281282894,0.005702248735641087,0.005133621302731304,0.00470968512908704,0.005691803931362909,0.005392283808679457,0.005219944538089293,0.005377231002513841,0.005485365446805698,0.005427919023275641,0.00540487901383845
SectionCumProbs: 2_3 0.004990773244220727,0.005283534964135935,0.004335822575952953,0.004423681811940088,0.004368385789290845,0.004313704166893249,0.004469761830814462,0.0046657555110934815,0.0043327505746946484,0.0045192210510729604,0.003941070414262475,0.004276532951667933,0.004743169942802425,0.004856833989359224,0.005105666091280856,0.004675893115245842,0.003947828817030718,0.004562843468940702,0.004976949238558423,0.005172021318459946,0.005028558859697728,0.004858677190114194,0.0043908113984763774,0.004454094624397187,0.005051291669009088,0.004576053074351363,0.004853761988100924,0.00507832528008205,0.004891854803703748,0.005152360510406883,0.004690024321033987,0.005046376466995819
