HitRate: 303747/3000000 0.101249
CumReqs: 3000000
CumProbs: 0.11293981831696262
SectionCumProbs: 0_3 0.03776731152522922
SectionCumProbs: 1_3 0.0375416877709289
SectionCumProbs: 2_3 0.03763081902080546
