HitRate: 651729/3000000 0.217243
CumReqs: 187620,186955,187476,187882,187340,188285,186963,187796,187781,187388,187523,187736,187541,187506,186877,187331
CumProbs: 0.040270953516558954,0.040892980611547745,0.04092536834423075,0.04035994535032535,0.04155513714285639,0.040326003027305546,0.04057415244830698,0.040330270989720966,0.04110378340841213,0.04066910484703297,0.04006679613768335,0.04059902155368846,0.04077027647510721,0.04064106319688268,0.04070030688993371,0.04029628873864106
SectionCumProbs: 0_3 0.013799584562597158,0.014129332182251325,0.014083059900697987,0.013756026521123649,0.014102165477416198,0.013729465681199222,0.013796702798265465,0.013809081364872088,0.01381262975420579,0.014047500491247516,0.013426515865825635,0.013117109856747576,0.014018372103463699,0.013662653016770943,0.01355426482584921,0.013605504678869451
SectionCumProbs: 1_3 0.013416569438874858,0.013788502789939778,0.013616936256052644,0.01370819964923356,0.013850652551359085,0.01334850077655866,0.013363444287020743,0.013276007043591019,0.013774317912618031,0.013462944144582163,0.013588495325302142,0.013976454584456125,0.013750015612088471,0.013498998314776333,0.01357131410747652,0.01330896592113256
SectionCumProbs: 2_3 0.013054799515086906,0.012975145639356617,0.013225372187480135,0.012895719179968162,0.013602319114081139,0.013248036569547702,0.013414005363020702,0.013245182581257791,0.013516835741588334,0.013158660211203235,0.013051784946555614,0.013505457112484751,0.01300188875955506,0.013479411865335316,0.013574727956607986,0.013381818138639078
