HitRate: 39579/3000000 0.013193
CumReqs: 92891,93902,94016,93770,93789,93599,93476,93925,93894,93999,94055,93736,94019,93106,94156,93640,93489,93322,93962,93411,93231,93641,93837,93575,94099,93904,93906,93823,93801,94552,93293,94181
CumProbs: 0.0003915825980282773,0.00040885679778911936,0.0004165588140438843,0.00041399140295659366,0.000421462957663332,0.00041128337126372714,0.00038888107654863195,0.0003967879475127542,0.0004376521218873256,0.0004150048261480101,0.0004632446380878627,0.00044051943679700124,0.00042632804000345315,0.00045219984435117494,0.0003802936712957987,0.00045184221663822964,0.0004035533610921114,0.00039836059801986215,0.0003794490796339158,0.0003974611035598147,0.00038264624534679344,0.0003959487810285554,0.0004587569311074574,0.0004612477386858467,0.0004455826466261509,0.0004172085333233492,0.00039792463074115643,0.00035314738420649447,0.00038998607673935835,0.0004266368411172401,0.000440076091276645,0.00042905516832176795
SectionCumProbs: 0_3 0.00013943075560585115,0.00012533375690400872,0.00014202355652470421,0.0001292817672083855,0.0001620296587602233,0.00013838022419907447,0.00013409954199909997,0.00012602948169023593,0.00017429186236925497,0.00014116507640794972,0.0001402881506870688,0.00016286969327285137,0.00014930609804092364,0.00015709166203202603,0.00012461871848522558,0.00015185918665912803,0.0001180577256010104,0.00011912040940579976,0.00013330486197191216,0.0001375115447482736,0.00012468490565297334,0.00013457956172060174,0.00017303040005411496,0.00013842123854236735,0.00013812458982659297,0.00012599497756016415,0.0001414645462161199,0.00013718451503746747,0.0001348725213155508,0.00015552487071681685,0.00013112502557838362,0.00013524533952601194
SectionCumProbs: 1_3 0.00012437914263868944,0.00015309591016402787,0.00011796745064434459,0.00014466214594321223,0.00012008109987012536,0.00014679380675890473,0.00013948088424765355,0.00010493074866911046,0.00014406385734819403,0.00012612474781037122,0.00016833414924352755,0.0001355884277627634,0.00014685370072053876,0.00014636152860102427,0.00011670208220127192,0.00014907194737207174,0.0001500295997368942,0.0001352275449432076,0.00012987029048357207,0.00011038760939102869,0.00012803701444051295,0.00013966859539552834,0.00014398638581086305,0.00016052232739243341,0.00016080855976705405,0.00015519198181411173,0.00011568496988903019,0.00011000328980387697,0.0001184090601078419,0.00013615373127746143,0.0001466477609756449,0.000158788657611657
SectionCumProbs: 2_3 0.00012777269978373664,0.0001304271307210827,0.00015656780687483556,0.00014004748980499577,0.0001393521990329833,0.000126109340305748,0.00011530065030187848,0.00016582771715340763,0.00011929640216987657,0.00014771500192968908,0.00015462233815726625,0.00014206131576138654,0.00013016824124199066,0.00014874665371812456,0.0001389728706093011,0.00015091108260702985,0.00013546603575420693,0.0001440126436708548,0.00011627392717843154,0.0001495619494205125,0.00012992432525330713,0.00012170062391242536,0.00014174014524247935,0.00016230417275104597,0.00014664949703250388,0.00013602157394907333,0.00014077511463600638,0.00010595957936515017,0.0001367044953159657,0.00013495823912296182,0.00016230330472261648,0.00013502117118409905
