HitRate: 1753539/3000000 0.584513
CumReqs: 186372,187507,186762,186021,188681,186396,188259,187759,187553,189411,187225,184972,188180,187676,188251,188975
CumProbs: 0.006269233336421629,0.006264584294273741,0.00658171538364726,0.006649458569230711,0.006918438864929718,0.0063894442833883425,0.0063582292861096915,0.0067822883448845446,0.006470138372098037,0.00655614565183389,0.006447557310236885,0.006448221459115165,0.006694620692953016,0.0063565689139140165,0.0064658214043892895,0.006411693270810358
SectionCumProbs: 0_3 0.0021501819933963675,0.0020429219495559,0.0022053063502927065,0.0021817290651141522,0.0022219100722494366,0.0020641747136605133,0.002187042256140306,0.002323856925063749,0.0021581517799355975,0.002170438534183575,0.002260098632749912,0.0021548310355442523,0.0020558728526821482,0.002221245923371167,0.0021598121521312704,0.0021873743305794394
SectionCumProbs: 1_3 0.002054544554925611,0.0021013670508435852,0.002215600657905879,0.0022358571986930884,0.0023656983043947063,0.0021256084849004095,0.0021016991252827202,0.002310906021937502,0.002117306623922045,0.0020704841280040696,0.0020575332248778215,0.0021608083754486745,0.0023378040515074023,0.002016688068864269,0.0022275553377147234,0.0020910727432304132
SectionCumProbs: 2_3 0.0020645067880996483,0.002120295293874256,0.002160808375448674,0.002231872305423474,0.0023308304882855755,0.00219966108482742,0.0020694879046866672,0.002147525397883292,0.0021946799682404003,0.0023152229896462513,0.0021299254526091593,0.002132582048122235,0.002300943788763465,0.002118634921678583,0.0020784539145432992,0.0021332461970005046
