HitRate: 24291714/30000000 0.809724
CumReqs: 30000000
CumProbs: 0.8273637905776244
SectionCumProbs: 0_3 0.7339440721143782
SectionCumProbs: 1_3 0.05719250926995142
SectionCumProbs: 2_3 0.036227209193778885
