HitRate: 2165587/3000000 0.721862
CumReqs: 3000000
CumProbs: 0.7216071607725523
SectionCumProbs: 0_3 0.5964341643583878
SectionCumProbs: 1_3 0.07979229135287039
SectionCumProbs: 2_3 0.04538070506129536
