HitRate: 12310/3000000 0.004103
CumReqs: 186980,186684,188027,186708,187636,186760,187475,187450,188098,187100,187974,187983,187769,187972,187837,187547
CumProbs: 0.0006319444444444445,0.0004652777777777779,0.00041666666666666664,0.0004930555555555556,0.000451388888888889,0.0005208333333333333,0.0004791666666666667,0.0005138888888888889,0.0005000000000000001,0.00048611111111111126,0.000486111111111111,0.0004930555555555555,0.00043055555555555566,0.0004652777777777778,0.0004722222222222222,0.0005902777777777778
SectionCumProbs: 0_3 0.00020833333333333332,0.00015277777777777775,0.000125,0.00015972222222222223,0.00020138888888888892,0.00016666666666666663,0.00015277777777777777,0.00016666666666666666,0.0001944444444444444,0.00013888888888888886,0.00015972222222222223,0.0001597222222222222,0.00013194444444444443,0.00014583333333333332,0.0001597222222222222,0.00019444444444444446
SectionCumProbs: 1_3 0.00022916666666666666,0.00013888888888888886,0.00011805555555555553,0.0001458333333333333,0.00011111111111111109,0.00018055555555555557,0.00016666666666666663,0.00019444444444444443,0.00015277777777777777,0.00020833333333333332,0.00014583333333333332,0.0001527777777777778,0.0001319444444444444,0.00016666666666666666,0.00017361111111111112,0.00019444444444444446
SectionCumProbs: 2_3 0.00019444444444444446,0.00017361111111111112,0.0001736111111111111,0.0001875,0.00013888888888888892,0.00017361111111111112,0.0001597222222222222,0.00015277777777777777,0.00015277777777777777,0.00013888888888888886,0.00018055555555555555,0.00018055555555555555,0.0001666666666666667,0.00015277777777777777,0.00013888888888888886,0.0002013888888888889
