HitRate: 2225434/3000000 0.741811
CumReqs: 190274,189164,187564,183580,185048,189429,193346,190615,186468,185269,187569,188032,187426,184249,185152,186815
CumProbs: 0.044009099485434175,0.04478817391643215,0.04567506523408767,0.04338980188647076,0.041027248120105414,0.04426954871163691,0.04410327688643018,0.044279291201395087,0.04315046138807744,0.04280297925336811,0.04435171037526445,0.04240516092157458,0.04369279331795088,0.043331022198262854,0.043581404185048814,0.04286078469260005
SectionCumProbs: 0_3 0.016804171084615144,0.01681683632130084,0.01725297511280993,0.016763252627630693,0.01622157019707433,0.016389141020915494,0.016004962174783505,0.016548268353632885,0.01624560167181124,0.01494465453943193,0.0166664772293658,0.016807743330859836,0.01490990632596097,0.016377450033205638,0.016073809102408177,0.01668174046332033
SectionCumProbs: 1_3 0.013943451341946776,0.015492182463843188,0.01489496784166505,0.01480208943930348,0.013518354038830324,0.014366600147111603,0.014414013597268205,0.01477221247071164,0.014497149509871576,0.014534495720611369,0.015089817636829211,0.013028306803992466,0.014751428492560784,0.01418246709068147,0.014331202434323441,0.013943451341946779
SectionCumProbs: 2_3 0.013261477058872248,0.012479155131288172,0.013527122279612704,0.011824459819536616,0.011287323884200763,0.013513807543609813,0.013684301114378456,0.012958810377050595,0.012407710206394647,0.013323828993324783,0.01259541550906945,0.012569110786722286,0.014031458499429255,0.01277110507437579,0.013176392648317235,0.012235592887332988
