HitRate: 572823/3000000 0.190941
CumReqs: 375104,373428,375389,375400,375072,374333,376132,375142
CumProbs: 0.053124999999999915,0.05352083333333329,0.05295833333333322,0.05352083333333323,0.05341666666666657,0.05372916666666656,0.05283333333333316,0.05439583333333309
SectionCumProbs: 0_3 0.018083333333333344,0.01756250000000001,0.01714583333333333,0.01762499999999999,0.0178125,0.017687499999999988,0.017499999999999998,0.01747916666666668
SectionCumProbs: 1_3 0.01714583333333335,0.0176875,0.018208333333333358,0.017687499999999995,0.017562500000000012,0.017562499999999995,0.017437500000000005,0.017875
SectionCumProbs: 2_3 0.017895833333333326,0.018270833333333337,0.017604166666666685,0.018208333333333344,0.018041666666666675,0.018479166666666675,0.017895833333333326,0.01904166666666669
