HitRate: 2973388/3000000 0.991129
CumReqs: 3000000
CumProbs: 0.9992102302694942
SectionCumProbs: 0_3 0.6323100363284888
SectionCumProbs: 1_3 0.22334155070837436
SectionCumProbs: 2_3 0.14355864324924722
