HitRate: 363711/3000000 0.121237
CumReqs: 3000000
CumProbs: 0.07986545138889674
SectionCumProbs: 0_3 0.02644097222222239
SectionCumProbs: 1_3 0.026770833333333525
SectionCumProbs: 2_3 0.026653645833333517
