HitRate: 100140/3000000 0.033380
CumReqs: 375227,375367,374071,374441,375605,374434,375936,374919
CumProbs: 0.012500000000000053,0.012500000000000053,0.012500000000000053,0.012500000000000053,0.012500000000000053,0.012500000000000053,0.012500000000000053,0.012500000000000053
SectionCumProbs: 0_3 0.004166666666666673,0.004166666666666673,0.004166666666666673,0.004166666666666673,0.004166666666666673,0.004166666666666673,0.004166666666666673,0.004166666666666673
SectionCumProbs: 1_3 0.004166666666666673,0.004166666666666673,0.004166666666666673,0.004166666666666673,0.004166666666666673,0.004166666666666673,0.004166666666666673,0.004166666666666673
SectionCumProbs: 2_3 0.004166666666666673,0.004166666666666673,0.004166666666666673,0.004166666666666673,0.004166666666666673,0.004166666666666673,0.004166666666666673,0.004166666666666673
