HitRate: 303633/3000000 0.101211
CumReqs: 375338,373077,372523,377123,377964,373573,373059,377343
CumProbs: 0.012697084786662646,0.012691751977722189,0.012527101501685666,0.012678086654812277,0.012046148795368456,0.012183135325026368,0.012465440898311662,0.012653422413462675
SectionCumProbs: 0_3 0.004400567277551041,0.004547886124531088,0.004179922307639749,0.004341906379206045,0.003939279304201754,0.0041665902852886134,0.004423231715547971,0.004109929190296288
SectionCumProbs: 1_3 0.004124927715441315,0.004131260426058103,0.004040602674070383,0.004312242629474769,0.00409293086179859,0.004017271634955896,0.004030603657307032,0.004385568752406014
SectionCumProbs: 2_3 0.004171589793670289,0.004012605427132998,0.004306576519975536,0.004023937646131464,0.004013938629368112,0.003999273404781863,0.004011605525456663,0.0041579244707603755
