HitRate: 363965/3000000 0.121322
CumReqs: 3000000
CumProbs: 0.07894010416667109
SectionCumProbs: 0_3 0.02598611111110884
SectionCumProbs: 1_3 0.026146701388886584
SectionCumProbs: 2_3 0.02680729166666453
