HitRate: 2903669/3000000 0.967890
CumReqs: 187173,187497,186876,185867,188290,186548,187561,187762,188468,190389,186372,184761,188417,187248,187425,189346
CumProbs: 0.057000833692631696,0.0570963452807183,0.05650399265555064,0.0566109535822722,0.05723614773141913,0.05650610174424643,0.05706832453090104,0.05693936882206488,0.05697371683796993,0.05764651613196749,0.0566028185258736,0.055947494538213495,0.05707314530506312,0.05675828849260131,0.056966786975111844,0.05720210101389931
SectionCumProbs: 0_3 0.01937921083324368,0.01955456649338996,0.019374088760696455,0.01932226543845392,0.01942832247002006,0.01945543932468183,0.019292436898325948,0.019465382171391155,0.019302982341805518,0.019916727152317484,0.019373184865541054,0.019041756641896914,0.019374691357466715,0.019274961591988347,0.019684727395766564,0.019758545500123684
SectionCumProbs: 1_3 0.019179450003901817,0.019130639665510558,0.018991138513194908,0.01904205794028202,0.01914751237507796,0.01881548155466349,0.019096592947990768,0.019231875922914626,0.01923097202775922,0.01913033836712546,0.018899845102500187,0.01880674390149473,0.018994754093816502,0.01913455654451726,0.018973060610087033,0.01920686815694873
SectionCumProbs: 2_3 0.01844217285548614,0.01841113912181767,0.018138765381659195,0.018246630203536087,0.018660312886321032,0.018235180864901137,0.018679294684584253,0.018242110727759123,0.01843976246840511,0.018599450612524562,0.0183297885578323,0.018098993994821858,0.018703699853779936,0.018348770356095532,0.01830899896925823,0.018236687356826757
