HitRate: 1343528/3000000 0.447843
CumReqs: 375404,376352,380214,377021,378823,374777,369449,367960
CumProbs: 0.0017040237690152957,0.001772011417925744,0.0015503850133892342,0.0017380175934705196,0.001987305639475495,0.0014773982726471358,0.002185602948797635,0.0020006365510265634
SectionCumProbs: 0_3 0.0006458826646492555,0.0004949100913334077,0.00041025880298412455,0.0007008726747974118,0.0005775617429500306,0.0003312731520440453,0.0005678968320755063,0.0006938739462331011
SectionCumProbs: 1_3 0.0004439193546505719,0.0008111859678825013,0.0006452161190717019,0.0005105739124059128,0.0007655275958200927,0.0005938921096000893,0.0008108526950937247,0.00045091808321488265
SectionCumProbs: 2_3 0.0006142217497154684,0.0004659153587098344,0.0004949100913334077,0.0005265710062671948,0.0006442163007053718,0.0005522330110030011,0.0008068534216284042,0.0008558445215785799
