HitRate: 17742096/30000000 0.591403
CumReqs: 776257,671401,632582,939756,1302084,595877,746505,1464208,986704,833044,702139,720822,717408,716367,765234,694597,891171,1260716,894170,647607,1051007,1108348,644188,977921,746543,735656,1017781,887304,1831449,613828,2810013,617313
CumProbs: 0.013346624367444337,0.009664943968252343,0.007973188243097095,0.01860801398329767,0.030374029830950652,0.007202019155356518,0.012342102771229246,0.03653042590629852,0.02075118657219189,0.014599153782400698,0.0108742402179218,0.011199621413366794,0.011385144318334399,0.01052484429815336,0.012664552904620874,0.010656508937890703,0.017155372968153646,0.028630480907011778,0.016357424631652948,0.008646233367097175,0.022229141305069366,0.024491421597404164,0.009235543377436827,0.01981884237904048,0.012594640413143851,0.011609104105228855,0.02134739123986156,0.01627931848943587,0.04773570959863199,0.007249981988956762,0.08108473410620776,0.008370646919035777
SectionCumProbs: 0_3 0.011195824355706761,0.007243187254196724,0.005349887705350457,0.016215967580055557,0.027404863970908928,0.004867461537388013,0.010281133149922123,0.033428063260446145,0.01864861585424121,0.01180182143523651,0.008097325382561051,0.008817700497218037,0.008728736102394259,0.007489496389247973,0.009746713938036082,0.008427902551646063,0.01392920625807062,0.026340422140216865,0.013081363251616325,0.005819090786549503,0.019942713058317775,0.020955961225646247,0.0062402977266249725,0.016753184623901605,0.009606522572325374,0.008612126463203664,0.01911322249722022,0.013640596568385826,0.04532854157979647,0.004891143186478132,0.07833056830928378,0.005325906288550335
SectionCumProbs: 1_3 0.001272314083816451,0.0013233079020400422,0.001791411834969082,0.0012514635742096776,0.001872349116669493,0.0014261948416172305,0.0012798082765664877,0.0021450045026775414,0.0012571258531763735,0.0018723491166694928,0.0016743358904518215,0.0013461568630468242,0.0019308704351664564,0.0019834297069867223,0.001938797625719829,0.0016898571963252342,0.002196031628424467,0.0013668741425602634,0.0023562075081352794,0.0015877030222613824,0.0015949307548247527,0.0027969326568841797,0.0017301592995587712,0.0018370098344126467,0.0016963521633752664,0.0020926117684739436,0.0014650980288707616,0.0015920330002947383,0.0016981507696352757,0.0010592791645753707,0.00188174183824954,0.0016809973951185228
SectionCumProbs: 2_3 0.00087848592792112,0.001098448812015569,0.0008318887027775511,0.0011405828290324495,0.0010968167433722269,0.0009083627763512722,0.0007811613447406272,0.0009573581431748539,0.0008454448647742865,0.0009249832304946893,0.0011025789449089231,0.0010357640531019176,0.0007255377807736784,0.001051918201918667,0.000979041340864964,0.0005387491899193982,0.0010301350816585564,0.0009231846242346805,0.0009198538719013299,0.0012394395582862841,0.0006914974919268389,0.0007385277148737442,0.0012650863512530803,0.0012286479207262286,0.0012917656774432153,0.0009043658735512516,0.0007690707137705658,0.0010466889207553067,0.0007090172492002612,0.0012995596379032554,0.0008724239586744237,0.0013637432353669143
