HitRate: 2851790/3000000 0.950597
CumReqs: 3000000
CumProbs: 0.848986111111129
SectionCumProbs: 0_3 0.2422222222222181
SectionCumProbs: 1_3 0.2714583333333267
SectionCumProbs: 2_3 0.3353055555555528
