HitRate: 29736019/30000000 0.991201
CumReqs: 30000000
CumProbs: 0.9975605822978643
SectionCumProbs: 0_3 0.8996489446714594
SectionCumProbs: 1_3 0.06480888373528902
SectionCumProbs: 2_3 0.033102753891236875
