HitRate: 3965569/30000000 0.132186
CumReqs: 1876225,1873955,1871707,1873467,1875182,1873277,1876178,1879197,1875246,1875286,1874557,1874668,1873959,1874557,1875083,1877456
CumProbs: 0.008258647098661752,0.008173087372994079,0.008262918999045634,0.008265162179470199,0.008334625477962869,0.008180203370185705,0.008313191696993604,0.008228270847541325,0.0082309427752862,0.008232710498612954,0.008214223339852283,0.008359354845973537,0.008248573663356885,0.008330676778683935,0.008260111803048958,0.008247032744168202
SectionCumProbs: 0_3 0.0027920761519303686,0.0027383385884850483,0.002818166570462249,0.0027167503553561403,0.0027730324081067133,0.0027559494853612383,0.0027755286425052254,0.0027650588468304265,0.0028079282056326727,0.0027467208798456545,0.00275067138466886,0.0028037711482809843,0.002766595425768463,0.0027958522394409026,0.0027347841228532728,0.0027750874126240277
SectionCumProbs: 1_3 0.0026989143991226865,0.0026898049334874805,0.00273423629641608,0.002810382105226335,0.0027802333960865885,0.0027779796428114467,0.002774859488701332,0.0027585363441933464,0.002719050557993741,0.002716093935847655,0.002754979231008665,0.00277960023164109,0.002741878149696099,0.002730417223063098,0.0027606474421100788,0.0027155243821157028
SectionCumProbs: 2_3 0.002767656547608667,0.0027449438510215433,0.0027105161321673136,0.0027380297188877075,0.0027813596737695646,0.0026462742420130156,0.0027628035657870655,0.0027046756565175544,0.002703964011659791,0.002769895682919607,0.00270857272417474,0.0027759834660514605,0.002740100087892333,0.002804407316179931,0.0027646802380856296,0.0027564209494284732
