HitRate: 2412646/3000000 0.804215
CumReqs: 371384,374898,377436,376660,378045,376746,373389,371442
CumProbs: 0.13011972897692756,0.12875540793328857,0.13085391457061787,0.1322970025455008,0.13278872861421095,0.13225972601425393,0.1308117758831218,0.1307333330956277
SectionCumProbs: 0_3 0.04564721944629109,0.04630523125873773,0.04847504952106141,0.049178441458504245,0.04912106801475891,0.04762157902738071,0.04804166932734662,0.04868703953354424
SectionCumProbs: 1_3 0.043778206583943,0.04202588547158543,0.04191438002159457,0.043890036177683944,0.044489702115135164,0.04432633366514848,0.04306022817775135,0.04155133902162396
SectionCumProbs: 2_3 0.0406943029466936,0.04042429120296557,0.04046448502796226,0.03922852490931268,0.0391779584843168,0.04031181332172466,0.03970987837802348,0.040494954540459815
