HitRate: 351146/30000000 0.011705
CumReqs: 30000000
CumProbs: 0.008239583333333378
SectionCumProbs: 0_3 0.0027583333333333544
SectionCumProbs: 1_3 0.0027083333333333547
SectionCumProbs: 2_3 0.0027729166666666865
