HitRate: 598599/3000000 0.199533
CumReqs: 374973,375360,375578,374423,375132,375421,374128,374985
CumProbs: 0.05054166666666765,0.05080555555555655,0.049958333333334375,0.04950000000000103,0.05145833333333433,0.051069444444445465,0.05061111111111221,0.051166666666667644
SectionCumProbs: 0_3 0.015972222222222287,0.016861111111111184,0.01627777777777786,0.01618055555555562,0.017152777777777836,0.016805555555555594,0.016652777777777832,0.016555555555555615
SectionCumProbs: 1_3 0.01783333333333339,0.016763888888888936,0.016708333333333412,0.016194444444444504,0.017138888888888957,0.0168194444444445,0.01690277777777784,0.017166666666666733
SectionCumProbs: 2_3 0.016736111111111177,0.017180555555555626,0.016972222222222284,0.01712500000000005,0.017166666666666733,0.01744444444444452,0.01705555555555562,0.017444444444444488
