HitRate: 18829809/30000000 0.627660
CumReqs: 3750745,3749056,3749590,3753338,3749432,3749185,3748580,3750074
CumProbs: 0.07830370550651802,0.07847465625157238,0.0785318558490756,0.07853214917874177,0.07836966537646138,0.07831239525900718,0.0782991131333665,0.07832468368179021
SectionCumProbs: 0_3 0.027352570140534646,0.02737072970520612,0.027571835802483968,0.02759456683778969,0.02719938778448611,0.027289958839844784,0.027273517170366173,0.027172800095999834
SectionCumProbs: 1_3 0.026239505477492632,0.026307662090810383,0.026048048599876965,0.026140140816776545,0.026229896812879062,0.02620843079648284,0.02635842774096025,0.02627264961180086
SectionCumProbs: 2_3 0.024711629888490617,0.024796264455555498,0.02491197144671417,0.024797441524175498,0.0249403807790965,0.024814005622679297,0.02466716822204079,0.024879233973989265
