HitRate: 573538/3000000 0.191179
CumReqs: 187627,187612,186896,187321,186956,188165,187452,187860,187759,187398,187864,187345,187623,188081,186809,187232
CumProbs: 0.026614583333333323,0.026999999999999972,0.02614583333333331,0.027239583333333307,0.026885416666666582,0.02688541666666665,0.02673958333333328,0.026447916666666585,0.0267604166666666,0.026854166666666606,0.026958333333333296,0.02683333333333329,0.026229166666666595,0.02683333333333327,0.02677083333333327,0.026718749999999934
SectionCumProbs: 0_3 0.008760416666666666,0.008802083333333342,0.008427083333333333,0.00919791666666667,0.008968750000000015,0.00880208333333334,0.008708333333333339,0.008427083333333325,0.008697916666666661,0.008677083333333347,0.008635416666666668,0.00872916666666667,0.008614583333333332,0.008875000000000003,0.008812500000000003,0.009093750000000006
SectionCumProbs: 1_3 0.008750000000000008,0.008854166666666675,0.008645833333333323,0.008697916666666678,0.008885416666666666,0.008968750000000003,0.009135416666666677,0.008958333333333344,0.009177083333333344,0.009187500000000013,0.008906250000000003,0.009093750000000005,0.008958333333333344,0.008958333333333339,0.008968750000000013,0.008739583333333337
SectionCumProbs: 2_3 0.009104166666666677,0.009343750000000008,0.009072916666666677,0.00934375,0.00903125000000001,0.009114583333333327,0.00889583333333334,0.0090625,0.008885416666666665,0.008989583333333346,0.009416666666666672,0.009010416666666668,0.008656249999999999,0.009,0.008989583333333348,0.008885416666666679
