HitRate: 1511282/3000000 0.503761
CumReqs: 3000000
CumProbs: 0.5538642384952863
SectionCumProbs: 0_3 0.1904472455915293
SectionCumProbs: 1_3 0.18492508422686924
SectionCumProbs: 2_3 0.1784919086767159
