HitRate: 2427137/3000000 0.809046
CumReqs: 293870,290587,244827,141966,205555,178006,177576,132020,147029,151359,132797,131272,154016,201415,195720,221985
CumProbs: 0.25923033706934123,0.2557259030803422,0.20884113044760858,0.10731827771305273,0.17092774860086132,0.1416847998117358,0.1407003896209358,0.09725044621623552,0.11100401553180528,0.11618824441877543,0.09276591090259147,0.09501281887681122,0.1161971936023281,0.16336668285253575,0.1606219351117902,0.18853974183262695
SectionCumProbs: 0_3 0.2274557636885221,0.21808099674017706,0.1802007600176995,0.08173289338705055,0.1416609353222617,0.11432250537365325,0.11379582934901322,0.06526838435749005,0.08212964052455476,0.08490256162092918,0.06737343119983696,0.0649651064704254,0.08979577631681433,0.13407931959688896,0.13051323567674877,0.15598062336035207
SectionCumProbs: 1_3 0.0220832704957019,0.026648017010077768,0.019926848710737535,0.0168910867789071,0.01767264880917855,0.016160899691253162,0.016659733811506997,0.022784952776484197,0.018565247005752326,0.023266551432117956,0.016848661019842323,0.02085888960519185,0.01761597064667794,0.019804543202183597,0.01938459447769085,0.0204647940776292
SectionCumProbs: 2_3 0.00969130288511734,0.010996889330087323,0.008713521719171302,0.00869429754709508,0.011594164469421136,0.01120139474682925,0.010244826460415603,0.009197109082261228,0.010309128001498157,0.008019131365728275,0.008543818682912199,0.009188822801193885,0.008785446638835811,0.009482820053463084,0.01072410495735051,0.012094324394645735
