HitRate: 1512388/3000000 0.504129
CumReqs: 375443,376043,375009,374593,375319,375053,375393,373147
CumProbs: 0.0633376243386174,0.06329652614176771,0.06318317466335943,0.0632037237617842,0.06352356053565533,0.06320604382128384,0.0634267809108156,0.06312716179829805
SectionCumProbs: 0_3 0.021257048009322644,0.02128952884231681,0.021036310919790906,0.020944502851021687,0.021367747991159907,0.02122788154704219,0.021269974055106014,0.021226887235828062
SectionCumProbs: 1_3 0.021180486045836402,0.021126461803203263,0.021099946837493787,0.021156622576697863,0.02116490850348209,0.021161594132768382,0.021246442023038856,0.021084369295139408
SectionCumProbs: 2_3 0.020900090283458257,0.02088053549624747,0.021046916906074728,0.021102598334064717,0.020990904041013343,0.020816568141473247,0.020910364832670673,0.020815905267330497
