HitRate: 2999134/30000000 0.099971
CumReqs: 30000000
CumProbs: 0.1000000000004471
SectionCumProbs: 0_3 0.03333333333334369
SectionCumProbs: 1_3 0.03333333333334369
SectionCumProbs: 2_3 0.03333333333334369
