HitRate: 2706731/3000000 0.902244
CumReqs: 3000000
CumProbs: 0.9027668598516901
SectionCumProbs: 0_3 0.30263162701508395
SectionCumProbs: 1_3 0.30172664302748886
SectionCumProbs: 2_3 0.2984085898091168
