HitRate: 1640511/3000000 0.546837
CumReqs: 371000,373782,377612,377689,377944,377091,374468,370414
CumProbs: 0.017755104417811016,0.01672415428311861,0.015628644972786973,0.017231975427579753,0.017039296238429688,0.017873906612157417,0.01603862901602165,0.0169777320760933
SectionCumProbs: 0_3 0.0071477656368812564,0.006124469425073915,0.006001673879657039,0.006737781593646578,0.005581373679490315,0.006581375343386596,0.005541440168785639,0.005740109384541402
SectionCumProbs: 1_3 0.00563129056787116,0.005348760979635574,0.004941106391192,0.005581040900234441,0.005913487376850876,0.006049594092502653,0.005052920221165094,0.005338777601959407
SectionCumProbs: 2_3 0.00497604821305859,0.005250923878409114,0.004685864701937942,0.004913152933698723,0.0055444351820884905,0.005242937176268179,0.005444268626070925,0.0058988450895924955
