HitRate: 34884/3000000 0.011628
CumReqs: 3000000
CumProbs: 0.00822656249999994
SectionCumProbs: 0_3 0.0026458333333333386
SectionCumProbs: 1_3 0.002807291666666673
SectionCumProbs: 2_3 0.0027734375000000025
