HitRate: 1218907/30000000 0.040630
CumReqs: 3748686,3747837,3750451,3749743,3751346,3752678,3752779,3746480
CumProbs: 0.009737500000000433,0.009881944444444903,0.00980416666666712,0.009916666666667094,0.009783333333333784,0.009701388888889306,0.009798611111111542,0.009922222222222658
SectionCumProbs: 0_3 0.0032013888888888717,0.00335277777777776,0.0032666666666666495,0.0032930555555555382,0.003176388888888872,0.003151388888888872,0.003331944444444427,0.00334027777777776
SectionCumProbs: 1_3 0.0032986111111110938,0.003249999999999983,0.0032138888888888716,0.003294444444444427,0.0032208333333333164,0.0032180555555555383,0.0032069444444444276,0.0032583333333333162
SectionCumProbs: 2_3 0.003237499999999983,0.0032791666666666494,0.0033236111111110936,0.003329166666666649,0.003386111111111093,0.003331944444444427,0.003259722222222205,0.0033236111111110936
