HitRate: 2727548/3000000 0.909183
CumReqs: 3000000
CumProbs: 0.9111234351324053
SectionCumProbs: 0_3 0.7728849314524139
SectionCumProbs: 1_3 0.08577703370504007
SectionCumProbs: 2_3 0.052461469974960796
