HitRate: 2963707/3000000 0.987902
CumReqs: 3000000
CumProbs: 0.9625888733793989
SectionCumProbs: 0_3 0.6009480726407909
SectionCumProbs: 1_3 0.20429721707685192
SectionCumProbs: 2_3 0.15734358366170345
