HitRate: 16810095/30000000 0.560337
CumReqs: 30000000
CumProbs: 0.4397574869916628
SectionCumProbs: 0_3 0.14092246094011038
SectionCumProbs: 1_3 0.14604479166942058
SectionCumProbs: 2_3 0.1527902343779451
