HitRate: 1745910/3000000 0.581970
CumReqs: 187385,187343,186711,187387,187301,187170,188095,187496,187002,187918,187966,187832,188446,187681,187221,187046
CumProbs: 0.026097222222222764,0.025930555555556047,0.02579861111111161,0.026444444444444985,0.02609722222222274,0.02611805555555607,0.02634027777777827,0.025881944444444936,0.026402777777778264,0.025500000000000522,0.02675000000000047,0.026034722222222712,0.0259305555555561,0.026291666666667178,0.026284722222222744,0.025923611111111623
SectionCumProbs: 0_3 0.00836805555555558,0.008104166666666699,0.008055555555555588,0.00820833333333336,0.00800000000000003,0.007993055555555588,0.008451388888888918,0.008083333333333356,0.008236111111111144,0.008138888888888921,0.008625000000000028,0.008312500000000033,0.008159722222222252,0.008354166666666699,0.008194444444444466,0.008062500000000035
SectionCumProbs: 1_3 0.008555555555555587,0.008444444444444468,0.008562500000000032,0.008715277777777796,0.008500000000000025,0.008791666666666701,0.008576388888888911,0.008659722222222258,0.008805555555555582,0.008375000000000027,0.009048611111111137,0.008368055555555583,0.00862500000000003,0.008923611111111143,0.008736111111111134,0.00887500000000003
SectionCumProbs: 2_3 0.009173611111111145,0.00938194444444447,0.009180555555555572,0.00952083333333336,0.009597222222222259,0.009333333333333355,0.009312500000000034,0.009138888888888926,0.009361111111111134,0.00898611111111114,0.009076388888888915,0.00935416666666669,0.009145833333333356,0.009013888888888912,0.009354166666666695,0.008986111111111132
