HitRate: 2957397/3000000 0.985799
CumReqs: 3000000
CumProbs: 0.9187414631291844
SectionCumProbs: 0_3 0.3341334700772576
SectionCumProbs: 1_3 0.3013903838839284
SectionCumProbs: 2_3 0.28321760916800426
