HitRate: 28517045/30000000 0.950568
CumReqs: 30000000
CumProbs: 0.849359548616454
SectionCumProbs: 0_3 0.24248237846983042
SectionCumProbs: 1_3 0.27015894097027504
SectionCumProbs: 2_3 0.33671822916387717
