HitRate: 898945/3000000 0.299648
CumReqs: 94334,93890,93780,93833,93508,93659,93554,93882,94139,94046,93524,93907,93721,93603,93774,93798,93885,93933,93984,94075,93498,93567,93226,94150,93704,93099,93883,93894,93299,93984,93924,92943
CumProbs: 0.02812499999999991,0.02812499999999991,0.02812499999999991,0.02812499999999991,0.02812499999999991,0.02812499999999991,0.02812499999999991,0.02812499999999991,0.02812499999999991,0.02812499999999991,0.02812499999999991,0.02812499999999991,0.02812499999999991,0.02812499999999991,0.02812499999999991,0.02812499999999991,0.02812499999999991,0.02812499999999991,0.02812499999999991,0.02812499999999991,0.02812499999999991,0.02812499999999991,0.02812499999999991,0.02812499999999991,0.02812499999999991,0.02812499999999991,0.02812499999999991,0.02812499999999991,0.02812499999999991,0.02812499999999991,0.02812499999999991,0.02812499999999991
SectionCumProbs: 0_3 0.009375,0.009375,0.009375,0.009375,0.009375,0.009375,0.009375,0.009375,0.009375,0.009375,0.009375,0.009375,0.009375,0.009375,0.009375,0.009375,0.009375,0.009375,0.009375,0.009375,0.009375,0.009375,0.009375,0.009375,0.009375,0.009375,0.009375,0.009375,0.009375,0.009375,0.009375,0.009375
SectionCumProbs: 1_3 0.009375,0.009375,0.009375,0.009375,0.009375,0.009375,0.009375,0.009375,0.009375,0.009375,0.009375,0.009375,0.009375,0.009375,0.009375,0.009375,0.009375,0.009375,0.009375,0.009375,0.009375,0.009375,0.009375,0.009375,0.009375,0.009375,0.009375,0.009375,0.009375,0.009375,0.009375,0.009375
SectionCumProbs: 2_3 0.009375,0.009375,0.009375,0.009375,0.009375,0.009375,0.009375,0.009375,0.009375,0.009375,0.009375,0.009375,0.009375,0.009375,0.009375,0.009375,0.009375,0.009375,0.009375,0.009375,0.009375,0.009375,0.009375,0.009375,0.009375,0.009375,0.009375,0.009375,0.009375,0.009375,0.009375,0.009375
