HitRate: 1016618/3000000 0.338873
CumReqs: 93239,93609,93970,93897,93688,93214,93996,93261,94310,94194,93658,93514,93943,93939,93585,93222,93648,94052,93946,93636,94033,93622,93517,93619,93730,94008,94067,93135,94121,93807,93778,94042
CumProbs: 0.024895833333333364,0.02427083333333335,0.024739583333333356,0.023958333333333373,0.024583333333333363,0.023697916666666697,0.025000000000000012,0.023906250000000018,0.024739583333333343,0.02364583333333336,0.024687500000000032,0.025052083333333353,0.025520833333333336,0.024947916666666674,0.024687500000000022,0.024427083333333356,0.02447916666666669,0.02427083333333335,0.025000000000000026,0.024322916666666687,0.024010416666666687,0.023854166666666708,0.024479166666666715,0.024843750000000015,0.024010416666666694,0.02473958333333336,0.023750000000000028,0.024583333333333363,0.02526041666666668,0.02385416666666669,0.023541666666666686,0.022916666666666707
SectionCumProbs: 0_3 0.00807291666666667,0.007812500000000005,0.008385416666666668,0.008281250000000006,0.00817708333333334,0.006927083333333334,0.008177083333333335,0.0075520833333333325,0.007916666666666673,0.007760416666666666,0.007968750000000002,0.008020833333333336,0.007864583333333336,0.007760416666666671,0.007708333333333336,0.007343750000000005,0.007708333333333338,0.007968750000000005,0.00791666666666667,0.008072916666666673,0.008072916666666666,0.007708333333333337,0.008125000000000002,0.007864583333333338,0.007187500000000003,0.007708333333333336,0.007500000000000004,0.008125000000000002,0.00838541666666667,0.007552083333333333,0.00791666666666667,0.007395833333333338
SectionCumProbs: 1_3 0.008333333333333337,0.00802083333333334,0.007916666666666669,0.007760416666666668,0.00828125,0.008385416666666673,0.008281249999999997,0.007916666666666669,0.008333333333333337,0.007812500000000002,0.008020833333333333,0.008125000000000004,0.008541666666666666,0.007916666666666667,0.008229166666666668,0.008802083333333332,0.008125000000000002,0.008177083333333335,0.00796875,0.007500000000000003,0.007812500000000003,0.00791666666666667,0.008020833333333333,0.008333333333333338,0.00807291666666667,0.007812500000000003,0.008177083333333333,0.0076562500000000025,0.008697916666666665,0.008281250000000004,0.007708333333333333,0.008177083333333337
SectionCumProbs: 2_3 0.008489583333333335,0.008437500000000002,0.008437500000000002,0.007916666666666669,0.008125000000000005,0.008385416666666668,0.00854166666666667,0.0084375,0.008489583333333337,0.008072916666666667,0.008697916666666668,0.008906250000000003,0.009114583333333336,0.00927083333333334,0.008749999999999999,0.008281250000000007,0.008645833333333333,0.008125000000000007,0.009114583333333332,0.008750000000000006,0.008125000000000005,0.00822916666666667,0.008333333333333335,0.008645833333333337,0.008750000000000003,0.00921875,0.008072916666666671,0.008802083333333339,0.008177083333333335,0.008020833333333336,0.007916666666666673,0.007343750000000005
