HitRate: 12086/3000000 0.004029
CumReqs: 374040,374912,374691,375797,375393,374715,374917,375535
CumProbs: 0.000902777777777778,0.0010694444444444445,0.0011666666666666668,0.0008472222222222223,0.0011388888888888887,0.0010555555555555555,0.0010555555555555559,0.0010694444444444445
SectionCumProbs: 0_3 0.00030555555555555555,0.0003333333333333334,0.0004166666666666667,0.00023611111111111106,0.00031944444444444446,0.000375,0.000375,0.000375
SectionCumProbs: 1_3 0.00033333333333333327,0.0003888888888888889,0.00030555555555555555,0.0003194444444444444,0.0003888888888888889,0.0003611111111111111,0.000375,0.0004027777777777778
SectionCumProbs: 2_3 0.0002638888888888889,0.00034722222222222224,0.00044444444444444447,0.00029166666666666664,0.00043055555555555555,0.00031944444444444435,0.00030555555555555555,0.00029166666666666664
