HitRate: 27000095/30000000 0.900003
CumReqs: 30000000
CumProbs: 0.8999999999944058
SectionCumProbs: 0_3 0.3000000000011333
SectionCumProbs: 1_3 0.3000000000011333
SectionCumProbs: 2_3 0.3000000000011333
