HitRate: 3639528/30000000 0.121318
CumReqs: 30000000
CumProbs: 0.078713194444439
SectionCumProbs: 0_3 0.025959722222222432
SectionCumProbs: 1_3 0.026150000000000177
SectionCumProbs: 2_3 0.026603472222222303
