HitRate: 1255078/3000000 0.418359
CumReqs: 374772,374230,375737,374905,375325,375093,374722,375216
CumProbs: 0.06272280964503024,0.06222114442295509,0.06262420877800884,0.06187737383252907,0.06217251021151884,0.06273213675407278,0.062361717280668014,0.06258256989835448
SectionCumProbs: 0_3 0.02086041248473519,0.020918373805213986,0.02083809404524047,0.020670206082474295,0.02075648184111803,0.020983996679549182,0.020897387809868218,0.02089872025401715
SectionCumProbs: 1_3 0.020850086042580915,0.020773137392979753,0.02085108537569261,0.020378067702819642,0.02055361721944222,0.020835429156942597,0.02073482962369778,0.020969339793910864
SectionCumProbs: 2_3 0.021012311117714115,0.020529633224761347,0.02093502935707571,0.020829100047235146,0.020862411150958594,0.020912710917581,0.020729499847102036,0.02071450985042648
