HitRate: 347828/3000000 0.115943
CumReqs: 3000000
CumProbs: 0.08316666666666413
SectionCumProbs: 0_3 0.027687500000000104
SectionCumProbs: 1_3 0.027500000000000045
SectionCumProbs: 2_3 0.027979166666666715
