HitRate: 30193/3000000 0.010064
CumReqs: 3000000
CumProbs: 0.022649664910165918
SectionCumProbs: 0_3 0.007554824806784977
SectionCumProbs: 1_3 0.007520269282969311
SectionCumProbs: 2_3 0.007574570820393928
