HitRate: 1399480/3000000 0.466493
CumReqs: 187943,187229,188404,188840,188713,188557,187884,186256,186250,186285,187036,187574,187155,186804,186734,188336
CumProbs: 0.04748522686995504,0.04723363334747131,0.04760782787051862,0.04796836777975873,0.04779695879792845,0.04785535406122981,0.047801607177096396,0.04714240890629353,0.04693497498590875,0.0470305572825566,0.04682660964654816,0.04741172437435655,0.047125268008110704,0.047389063525910956,0.04739894133164344,0.04735042387407457
SectionCumProbs: 0_3 0.015988390673027108,0.01601599042433879,0.01622400539211974,0.016283853273911415,0.016159799654857716,0.016250152524941355,0.016255962998901776,0.016133943045734154,0.015877991667780224,0.01607845301941272,0.015777760991963995,0.015870438051631734,0.01594887945009664,0.01603952284387827,0.015878863238874278,0.01589890937403754
SectionCumProbs: 1_3 0.01592389441206706,0.015743188671899833,0.015759167475290874,0.01605085326810097,0.01613539566422424,0.016130166237659893,0.01598258019906671,0.01582104902296871,0.015726047773716802,0.015407633800689024,0.015596764728098771,0.015880896904760362,0.01584341934771605,0.015937258502175904,0.015991876957403246,0.015778051515662063
SectionCumProbs: 2_3 0.015572941784861278,0.015474454251233154,0.015624655003108487,0.015633661237747037,0.01550176347884683,0.015475035298629179,0.015563063979128669,0.015187416837591342,0.015330935544412196,0.015544470462455487,0.015452083926485753,0.015660389417964653,0.015332969210298367,0.015412282179857295,0.015528201135366492,0.015673462984375584
