HitRate: 399782/30000000 0.013326
CumReqs: 3750871,3749267,3749498,3753098,3749528,3749185,3748495,3750058
CumProbs: 0.0016253339541024707,0.0016178870680221408,0.0016502643716380528,0.0017042364747626687,0.001651992301427759,0.001573466720500248,0.0016383865340003259,0.0016682045987734802
SectionCumProbs: 0_3 0.0005649920348021693,0.0005429030748038254,0.0005354123698267865,0.0005648243285651699,0.0005739503950445775,0.0005348320298588341,0.000546063104747786,0.0005557279144928839
SectionCumProbs: 1_3 0.0005196323934659278,0.0005450849572524411,0.0005553766341616779,0.0005702275596357049,0.0005214583428637191,0.0005106681999631022,0.0005340464494008394,0.0005528804500862877
SectionCumProbs: 2_3 0.0005407095258343747,0.0005298990359658731,0.0005594753676495894,0.0005691845865617936,0.0005565835635194637,0.0005279664906783122,0.0005582769798517009,0.0005595962341943087
