HitRate: 1753881/3000000 0.584627
CumReqs: 3000000
CumProbs: 0.10365829549777644
SectionCumProbs: 0_3 0.034530947076735964
SectionCumProbs: 1_3 0.0343206295570872
SectionCumProbs: 2_3 0.03480671886395311
