HitRate: 2759764/3000000 0.919921
CumReqs: 3000000
CumProbs: 0.6986805483320763
SectionCumProbs: 0_3 0.31547771021868903
SectionCumProbs: 1_3 0.2009027495406046
SectionCumProbs: 2_3 0.18230008857285845
