HitRate: 28104842/30000000 0.936828
CumReqs: 937323,937439,937985,937433,937178,937677,936513,939098,935919,937663,937621,937922,938328,936289,937909,936054,937617,938358,936641,937054,937775,936433,939128,939173,938397,936451,938043,936956,937787,937451,937867,936518
CumProbs: 0.02697656249999728,0.026998437499997283,0.02698593749999728,0.026969791666663953,0.026989583333330614,0.026981770833330615,0.026968229166663953,0.026970833333330616,0.026998437499997283,0.026939062499997283,0.02697760416666395,0.026979166666663952,0.026985937499997285,0.026988020833330618,0.02695208333333062,0.02700781249999728,0.026963541666663954,0.02697916666666395,0.02697395833333062,0.02695520833333062,0.026969270833330616,0.026978124999997286,0.026957291666663958,0.026969270833330616,0.026968229166663953,0.026959895833330617,0.026973437499997286,0.026976562499997282,0.02698333333333062,0.02698177083333062,0.02698177083333061,0.026980208333330615
SectionCumProbs: 0_3 0.008059895833332695,0.008070833333332689,0.008010937499999366,0.008014062499999367,0.00807864583333269,0.008065104166666023,0.008046354166666032,0.008079687499999355,0.008074999999999357,0.00805156249999936,0.00804531249999936,0.00801562499999936,0.00803697916666603,0.008041145833332696,0.008026041666666029,0.008017708333332697,0.008051041666666025,0.008046354166666027,0.008059895833332692,0.00802499999999936,0.00803541666666603,0.008054166666666026,0.007991145833332693,0.008066666666666026,0.008111458333332685,0.008030729166666029,0.008040104166666028,0.00802447916666603,0.008078124999999355,0.008060937499999359,0.008060416666666027,0.00811510416666602
SectionCumProbs: 1_3 0.008683333333332629,0.008677083333332626,0.00870989583333263,0.008714583333332629,0.008697916666665959,0.00868333333333263,0.00869583333333263,0.008693229166665959,0.008703645833332625,0.008708854166665959,0.008673958333332626,0.008742187499999285,0.008688020833332628,0.00872812499999929,0.008691666666665957,0.008673958333332626,0.008676041666665964,0.008695833333332625,0.008689062499999295,0.008736979166665956,0.008717708333332623,0.008701562499999291,0.008736458333332626,0.008690624999999293,0.008665104166665966,0.008660937499999296,0.008695833333332632,0.008713541666665957,0.008719791666665958,0.008670833333332632,0.008677083333332633,0.008672916666665961
SectionCumProbs: 2_3 0.010233333333332463,0.010250520833332465,0.010265104166665795,0.010241145833332466,0.010213020833332465,0.010233333333332463,0.010226041666665799,0.010197916666665804,0.010219791666665801,0.01017864583333247,0.010258333333332464,0.010221354166665801,0.010260937499999128,0.010218749999999133,0.010234374999999133,0.010316145833332459,0.010236458333332466,0.010236979166665798,0.01022499999999913,0.010193229166665803,0.010216145833332467,0.010222395833332466,0.010229687499999134,0.010211979166665799,0.010191666666665801,0.010268229166665793,0.010237499999999133,0.010238541666665796,0.010185416666665802,0.010249999999999128,0.010244270833332464,0.010192187499999138
