HitRate: 3001956/30000000 0.100065
CumReqs: 938549,936585,936207,938300,937513,937045,937601,939353,936513,936018,939374,938925,937565,938765,937711,935656,938662,936520,936522,938267,938128,937002,936955,938710,937956,936871,939788,936546,935729,937673,936456,936535
CumProbs: 0.003124999999999961,0.003124999999999961,0.003124999999999961,0.003124999999999961,0.003124999999999961,0.003124999999999961,0.003124999999999961,0.003124999999999961,0.003124999999999961,0.003124999999999961,0.003124999999999961,0.003124999999999961,0.003124999999999961,0.003124999999999961,0.003124999999999961,0.003124999999999961,0.003124999999999961,0.003124999999999961,0.003124999999999961,0.003124999999999961,0.003124999999999961,0.003124999999999961,0.003124999999999961,0.003124999999999961,0.003124999999999961,0.003124999999999961,0.003124999999999961,0.003124999999999961,0.003124999999999961,0.003124999999999961,0.003124999999999961,0.003124999999999961
SectionCumProbs: 0_3 0.0010416666666666675,0.0010416666666666675,0.0010416666666666675,0.0010416666666666675,0.0010416666666666675,0.0010416666666666675,0.0010416666666666675,0.0010416666666666675,0.0010416666666666675,0.0010416666666666675,0.0010416666666666675,0.0010416666666666675,0.0010416666666666675,0.0010416666666666675,0.0010416666666666675,0.0010416666666666675,0.0010416666666666675,0.0010416666666666675,0.0010416666666666675,0.0010416666666666675,0.0010416666666666675,0.0010416666666666675,0.0010416666666666675,0.0010416666666666675,0.0010416666666666675,0.0010416666666666675,0.0010416666666666675,0.0010416666666666675,0.0010416666666666675,0.0010416666666666675,0.0010416666666666675,0.0010416666666666675
SectionCumProbs: 1_3 0.0010416666666666675,0.0010416666666666675,0.0010416666666666675,0.0010416666666666675,0.0010416666666666675,0.0010416666666666675,0.0010416666666666675,0.0010416666666666675,0.0010416666666666675,0.0010416666666666675,0.0010416666666666675,0.0010416666666666675,0.0010416666666666675,0.0010416666666666675,0.0010416666666666675,0.0010416666666666675,0.0010416666666666675,0.0010416666666666675,0.0010416666666666675,0.0010416666666666675,0.0010416666666666675,0.0010416666666666675,0.0010416666666666675,0.0010416666666666675,0.0010416666666666675,0.0010416666666666675,0.0010416666666666675,0.0010416666666666675,0.0010416666666666675,0.0010416666666666675,0.0010416666666666675,0.0010416666666666675
SectionCumProbs: 2_3 0.0010416666666666675,0.0010416666666666675,0.0010416666666666675,0.0010416666666666675,0.0010416666666666675,0.0010416666666666675,0.0010416666666666675,0.0010416666666666675,0.0010416666666666675,0.0010416666666666675,0.0010416666666666675,0.0010416666666666675,0.0010416666666666675,0.0010416666666666675,0.0010416666666666675,0.0010416666666666675,0.0010416666666666675,0.0010416666666666675,0.0010416666666666675,0.0010416666666666675,0.0010416666666666675,0.0010416666666666675,0.0010416666666666675,0.0010416666666666675,0.0010416666666666675,0.0010416666666666675,0.0010416666666666675,0.0010416666666666675,0.0010416666666666675,0.0010416666666666675,0.0010416666666666675,0.0010416666666666675
