HitRate: 1510924/3000000 0.503641
CumReqs: 3000000
CumProbs: 0.5082402288623801
SectionCumProbs: 0_3 0.16966780395249464
SectionCumProbs: 1_3 0.17003816245357722
SectionCumProbs: 2_3 0.16853426245631858
