HitRate: 1511104/3000000 0.503701
CumReqs: 186972,185858,188314,186895,188829,186780,188573,187181,187239,188042,187193,188189,187001,187590,187045,188299
CumProbs: 0.03155150073708503,0.030822072866881253,0.03156248709934733,0.03121957942873579,0.032033568996352534,0.03124088631312331,0.03141267306849764,0.0314179997895945,0.031217581908324472,0.03194767561866536,0.03177888514390804,0.0316803408036158,0.03176889754185137,0.03161408970997336,0.031577468502432315,0.03164305375593764
SectionCumProbs: 0_3 0.010689397561160744,0.010390768259666998,0.010706709404725602,0.010250941830873946,0.010717029926850802,0.010379116057267579,0.010452025552281106,0.010543911491202254,0.010294887279923188,0.01074133309185531,0.010742331852060978,0.010757979095283053,0.010883157041059698,0.010658768914853694,0.010592850741279825,0.01059884330251381
SectionCumProbs: 1_3 0.010530594688460059,0.01036746385486816,0.010480323758108269,0.010518276645923525,0.010609496744707571,0.010412740984191626,0.010570545096686642,0.01039409746035255,0.010386440298775786,0.010783281020493229,0.010550236972504795,0.010646783792385718,0.010343826530000759,0.010721690807810571,0.010484651718999483,0.010784279780698888
SectionCumProbs: 2_3 0.010331508487464228,0.01006384075234609,0.010375453936513476,0.010450360951938324,0.010707042324794157,0.010449029271664115,0.010390102419529892,0.010479990838039714,0.01053625432962549,0.010423061506316826,0.010486316319342255,0.010275577915947008,0.010541913970790927,0.01023362998730909,0.010499966042153005,0.010259930672724925
