HitRate: 2359214/3000000 0.786405
CumReqs: 93171,92031,89528,89663,94396,95524,98801,94437,95334,92768,94147,92335,92643,91448,93610,92766,93791,93829,95758,97384,96306,96342,93978,93999,94039,92687,93474,90731,92678,92340,95089,94973
CumProbs: 0.053231730626434576,0.0524441774989509,0.05153337662068736,0.05076451606873849,0.05285870076740727,0.052795228175755875,0.0543662261723639,0.053742181727581675,0.05401989999267215,0.052974964478976816,0.05428858008937243,0.051942148327440915,0.05318571813281039,0.052489779166739255,0.05386419700085376,0.05330095477978939,0.05346754465626018,0.05301666330132371,0.05500115750179839,0.055890390023675234,0.05528134072190447,0.05426290347462674,0.05390630664903673,0.052051017173963425,0.05291642179735602,0.05261405398210925,0.052198503649062825,0.050608813076920084,0.05182321424793824,0.05281679653214224,0.052784752116939414,0.053275072752125556
SectionCumProbs: 0_3 0.02340700741520177,0.02280473673972379,0.023510740938774664,0.021840733915707032,0.02338235786504562,0.024191479348915624,0.024533081031493924,0.02323137937034022,0.023479312762325903,0.02327369443144138,0.02355757508407112,0.02240520861427894,0.02302165278109642,0.02250421764073874,0.02319152926425474,0.022335573635088316,0.023799551501435697,0.0235183412167396,0.02387206226147775,0.024222291286610614,0.02454478956781804,0.024806896451143437,0.0235442232444032,0.02266916421386591,0.02281480197270418,0.022867593092621596,0.022521472325847915,0.022021497283517523,0.022568511884062347,0.02273777212846673,0.022928189903421745,0.022773513976192972
SectionCumProbs: 1_3 0.015315997989418495,0.01541911527423774,0.014020664128721676,0.014788292203162563,0.015120034065678495,0.01471270024935087,0.015204253362044748,0.016693291604384076,0.01634532212134878,0.015254784939864485,0.01618694876159656,0.015668486556649017,0.015966540700618502,0.01515105141629141,0.01584904451154169,0.015908614257751936,0.015649383155278127,0.015146943157932087,0.01569087656470736,0.01575866282763639,0.015650615632785903,0.014984461539820585,0.01526978008287606,0.01541110417043702,0.016016045213848404,0.015158035455502268,0.015359340115109473,0.014625605172133108,0.01648418125389416,0.015864861306225077,0.01570669335939076,0.015446024366491286
SectionCumProbs: 2_3 0.01450872522181021,0.01422032548498527,0.014001971553186903,0.014135489949865064,0.014356308836679061,0.013891048577484888,0.014628891778820659,0.01381751075285297,0.014195265108993393,0.01444648510766638,0.014544056243700476,0.013868453156508679,0.014197524651090986,0.014834510109705093,0.014823623225052892,0.015056766886944855,0.0140186099995422,0.01435137892664797,0.01543821867560871,0.01590943590942389,0.015085935521296109,0.014471545483658275,0.01509230332175308,0.013970748789655969,0.014085574610799257,0.014588425433981244,0.01431769120810137,0.013961710621265468,0.012770521109977681,0.01421416309744629,0.014149868854122769,0.01505553440943706
