HitRate: 2809177/3000000 0.936392
CumReqs: 3000000
CumProbs: 0.8657812499999606
SectionCumProbs: 0_3 0.255989583333332
SectionCumProbs: 1_3 0.2827083333333346
SectionCumProbs: 2_3 0.32708333333334083
