HitRate: 395420/3000000 0.131807
CumReqs: 3000000
CumProbs: 0.1292174917397554
SectionCumProbs: 0_3 0.04643885362977534
SectionCumProbs: 1_3 0.04120141567757862
SectionCumProbs: 2_3 0.04157722243240142
