HitRate: 2380398/3000000 0.793466
CumReqs: 430383,429513,382722,264639,409904,398611,379607,304621
CumProbs: 0.35156068679928365,0.34797659684690546,0.3067088551195065,0.1932605542621044,0.32794905199008595,0.3226405821793688,0.3032231871567286,0.22537272340960382
SectionCumProbs: 0_3 0.2889825892830421,0.29464517875228846,0.25529932587587273,0.13752910265081011,0.26599307455000215,0.2510904557935639,0.24888693374936566,0.1618446541896844
SectionCumProbs: 1_3 0.03915100393754461,0.032098536371912754,0.03429208321446216,0.03329589307647855,0.04317899036329018,0.05063711612930255,0.034971726953460354,0.0395822651554901
SectionCumProbs: 2_3 0.0234270935786967,0.02123288172270402,0.017117446029171483,0.02243555853481578,0.018776987076793747,0.020913010256502336,0.01936452645390226,0.02394580406442916
