HitRate: 2204473/3000000 0.734824
CumReqs: 91932,95281,91250,90940,93379,90274,96349,93734,90254,95444,95366,90941,96627,97445,103009,99538,90839,93796,92092,95755,94827,92974,92484,96133,90475,90756,92681,89045,90246,99117,94560,92457
CumProbs: 0.005886152710398645,0.006069065070660187,0.005487370807846436,0.005135717675595853,0.005807055473528786,0.005551307740982905,0.005591515503058423,0.005076724319763752,0.005153844125711865,0.005974807530056937,0.00603413045770933,0.005103090065387038,0.0063330520987133435,0.0055219758489769965,0.005761904134148904,0.0063732598607888526,0.005089248048934816,0.005144286542923422,0.005462323349504314,0.005906256591436392,0.006178153343176535,0.005842978801940508,0.006202871229698363,0.0055427388736553375,0.005127478380088579,0.00598502425648596,0.006444776945792017,0.006430605357519498,0.004757369225901699,0.00575168740771988,0.00568906876186457,0.0056584185825775055
SectionCumProbs: 0_3 0.0024012602826407915,0.002692272199957815,0.002148808268297827,0.001783313119595021,0.0022911832946635718,0.002187697743092173,0.002172537439358784,0.002005114954650917,0.002067074456865639,0.002388736553469732,0.002343914785910144,0.0018933901075722413,0.002839920375448215,0.0022582261126344637,0.002505734549673064,0.0032159618224003365,0.0018594442100822604,0.0019995122337059675,0.0022631696899388294,0.0024846419531744345,0.002674145749841803,0.002742037544821766,0.0026319605568445466,0.0021557292765239404,0.0024592649230120224,0.0021451829782746248,0.002331720628559375,0.00219890318498207,0.0021497969837586998,0.00255648860999789,0.0019461215988188136,0.0021290339590803605
SectionCumProbs: 1_3 0.0020219231174857626,0.0014817549040286855,0.0015351455389158403,0.0016607124024467404,0.0020295032693524563,0.0021642981438515065,0.0018456021936300352,0.0014886759122547978,0.001848238768192364,0.0018100084370385988,0.002280966568234549,0.0018647173592069167,0.0021171693735498823,0.0018907535330099123,0.0017335477747310677,0.0016139132039654077,0.0017622205230963923,0.0019217332841172739,0.0017671641004007594,0.0017187170428179701,0.001769141531322505,0.0013413573085846859,0.001980067496308795,0.0018103380088588903,0.0012665445053786117,0.002334686774941994,0.0020130246783379028,0.0023445739295507263,0.0013720074878717558,0.0019962165155030572,0.0022255985024256476,0.0017038863109048715
SectionCumProbs: 2_3 0.0014629693102720938,0.0018950379666736968,0.0018034170006327771,0.001691692153554102,0.00148636890951276,0.001199311854039232,0.0015733758700696044,0.001582933452858046,0.00123853090065387,0.0017760625395486177,0.0014092491035646475,0.0013449825986078874,0.0013759623497152495,0.0013729962033326294,0.0015226218097447793,0.0015433848344231168,0.0014675833157561688,0.0012230410251001893,0.0014319895591647326,0.0017028975954439982,0.0017348660620122324,0.001759583948534064,0.0015908431765450323,0.001576671588272516,0.0014016689516979535,0.0015051545032693516,0.0021000316388947475,0.0018871282429867107,0.0012355647542712498,0.0011989822822189413,0.0015173486606201226,0.0018254983125922802
