HitRate: 14995669/30000000 0.499856
CumReqs: 1874407,1873203,1872493,1875442,1874956,1875751,1875400,1875865,1873698,1873332,1876921,1875773,1875996,1877893,1876371,1872499
CumProbs: 0.03124999999999717,0.03124999999999717,0.03124999999999717,0.03124999999999717,0.03124999999999717,0.03124999999999717,0.03124999999999717,0.03124999999999717,0.03124999999999717,0.03124999999999717,0.03124999999999717,0.03124999999999717,0.03124999999999717,0.03124999999999717,0.03124999999999717,0.03124999999999717
SectionCumProbs: 0_3 0.01041666666666613,0.01041666666666613,0.01041666666666613,0.01041666666666613,0.01041666666666613,0.01041666666666613,0.01041666666666613,0.01041666666666613,0.01041666666666613,0.01041666666666613,0.01041666666666613,0.01041666666666613,0.01041666666666613,0.01041666666666613,0.01041666666666613,0.01041666666666613
SectionCumProbs: 1_3 0.01041666666666613,0.01041666666666613,0.01041666666666613,0.01041666666666613,0.01041666666666613,0.01041666666666613,0.01041666666666613,0.01041666666666613,0.01041666666666613,0.01041666666666613,0.01041666666666613,0.01041666666666613,0.01041666666666613,0.01041666666666613,0.01041666666666613,0.01041666666666613
SectionCumProbs: 2_3 0.01041666666666613,0.01041666666666613,0.01041666666666613,0.01041666666666613,0.01041666666666613,0.01041666666666613,0.01041666666666613,0.01041666666666613,0.01041666666666613,0.01041666666666613,0.01041666666666613,0.01041666666666613,0.01041666666666613,0.01041666666666613,0.01041666666666613,0.01041666666666613
