HitRate: 302990/3000000 0.100997
CumReqs: 375437,375959,374978,374671,375385,375000,375392,373178
CumProbs: 0.012621180416904935,0.012602197191748231,0.012746736134169429,0.012853641665315075,0.012789698170050405,0.012739742314374877,0.012610190128656324,0.012642827954364328
SectionCumProbs: 0_3 0.004325511023425633,0.004199289228085447,0.00416798355852878,0.004301532212701376,0.0043098581886473,0.0042535745912528605,0.004212943828636764,0.004154995036053141
SectionCumProbs: 1_3 0.0041683165975666195,0.004103373985188423,0.0042375887174366895,0.004218605492279988,0.004269227426031197,0.004240919107815062,0.00427322389448524,0.004187299822723321
SectionCumProbs: 2_3 0.004127352795912679,0.004299533978474356,0.004341163858203969,0.00433350396033372,0.004210612555371903,0.00424524861530694,0.004124022405534308,0.004300533095587865
