HitRate: 1679895/3000000 0.559965
CumReqs: 3000000
CumProbs: 0.44143750000005355
SectionCumProbs: 0_3 0.14114583333332448
SectionCumProbs: 1_3 0.1463541666666572
SectionCumProbs: 2_3 0.15393749999998987
