HitRate: 363872/3000000 0.121291
CumReqs: 3000000
CumProbs: 0.07874999999999986
SectionCumProbs: 0_3 0.02489583333333329
SectionCumProbs: 1_3 0.026319444444444406
SectionCumProbs: 2_3 0.027534722222222145
