HitRate: 26997443/30000000 0.899915
CumReqs: 30000000
CumProbs: 0.900000000004232
SectionCumProbs: 0_3 0.30000000000030125
SectionCumProbs: 1_3 0.30000000000030125
SectionCumProbs: 2_3 0.30000000000030125
