HitRate: 39588/3000000 0.013196
CumReqs: 3000000
CumProbs: 0.013322764433289664
SectionCumProbs: 0_3 0.004416563587332218
SectionCumProbs: 1_3 0.004391795047118366
SectionCumProbs: 2_3 0.004514405798839097
