HitRate: 2325095/3000000 0.775032
CumReqs: 87818,94816,90913,94097,100299,94635,93816,88243,95163,90162,96845,94998,95566,91580,96304,90540,91843,97817,92677,98783,95682,94740,90058,90247,93899,94273,92684,94386,92094,95914,94480,94628
CumProbs: 0.011346098153089828,0.010467752065662823,0.011098504666437206,0.011414029940041455,0.011292765741404169,0.011383341457339642,0.011984001468280258,0.010807708946854887,0.01096800412834596,0.011163159042614865,0.010582759389186134,0.01065456447977975,0.010547601709974326,0.01227092388422064,0.01202601191547402,0.010878918144580522,0.010743352517111233,0.011987874771922239,0.011928285485122555,0.012123142452957458,0.010455238315434885,0.011641661015616164,0.010888750376902455,0.010229394918464127,0.01173968539240161,0.010951319128042099,0.010858359840634624,0.011644938426390207,0.010110514291298849,0.01193752182457655,0.011005843325463746,0.011474811012577132
SectionCumProbs: 0_3 0.0053478405438356705,0.005242367506200277,0.00517205214777668,0.005371676258555535,0.00593390117951036,0.005767349122905307,0.005980976716082087,0.005774201890887257,0.0052593504529381725,0.006170172701671016,0.0055602763512764795,0.005671410371157856,0.005542697511670576,0.006692472800470057,0.006598917620194603,0.0055763654587123795,0.005458080724415042,0.006000343234291976,0.006402272973755694,0.006093600468133463,0.005311491078887884,0.006362944044467933,0.005330559650663769,0.005173541879946666,0.006041161895749748,0.005549848226086531,0.005560872244144478,0.00634447136556004,0.00526322375658016,0.005991106894838049,0.00615467948710312,0.005896955821694572
SectionCumProbs: 1_3 0.0030995367528844028,0.002927323714033374,0.0035264939928039743,0.0031245642533402626,0.003030413180196802,0.0030077692512129237,0.0034430689912844465,0.0028418130874758654,0.0031835576472719197,0.0027226345138765475,0.002746470228596403,0.002445544330258118,0.0028656488021957297,0.002990786304475016,0.0029887006794370313,0.0030241563050828297,0.002913022285201462,0.0030843414847504876,0.0030190912157048596,0.003381394079446803,0.0028370459445318913,0.003019389162138855,0.0030018103225329567,0.002938645678525316,0.0035503297075238343,0.0028436007660798597,0.002721144781706556,0.002736042103406468,0.002730679067594494,0.0030691462166165715,0.002470273884279974,0.0033173355961371594
SectionCumProbs: 2_3 0.00289872085636954,0.0022980608454289597,0.0023999585258563773,0.0029177894281454345,0.002328451381696788,0.0026082230832211897,0.0025599557609134703,0.0021916939684915684,0.0025250960281356662,0.002270351827067108,0.002276012809313078,0.002537609778363598,0.002139255396107863,0.00258766477927531,0.002438393615842159,0.0022783963807850704,0.002372249507494533,0.0029031900528795154,0.0025069212956617703,0.002648147905376965,0.002306701292014905,0.0022593278090091776,0.002556380403705487,0.0021172073599919883,0.002148193789127811,0.002557870135875477,0.0025763428147833715,0.0025644249574234405,0.0021166114671239927,0.002877268713121666,0.0023808899540804893,0.0022605195947451727
