HitRate: 29680672/30000000 0.989356
CumReqs: 2608472,4188041,3264227,2768882,7151923,3146532,2770201,4101722
CumProbs: 0.08580279473312327,0.13844566953987603,0.10763246401372244,0.09109379318994049,0.23718486684495182,0.1036839717234156,0.09116542170052926,0.13558507928806748
SectionCumProbs: 0_3 0.07120399424059924,0.12367619357170712,0.09268732205892886,0.07619978929475665,0.22242730939125346,0.08875644333680004,0.07616561897249156,0.12087945250454542
SectionCumProbs: 1_3 0.009199243743836715,0.009319368278809192,0.009500435759676665,0.009467850658547803,0.009269169609502416,0.009478448155401413,0.009526445128685926,0.009263063572534128
SectionCumProbs: 2_3 0.005399556748685614,0.005450107689355859,0.005444706195114685,0.005426153236634073,0.005488387844195573,0.00544908023121214,0.005473357599350559,0.005442563210986422
