HitRate: 29680695/30000000 0.989356
CumReqs: 30000000
CumProbs: 0.9905947799639246
SectionCumProbs: 0_3 0.8721076760985298
SectionCumProbs: 1_3 0.07496546281589654
SectionCumProbs: 2_3 0.04352164104949993
