HitRate: 2283630/3000000 0.761210
CumReqs: 391722,361581,329703,346055,375767,410632,401487,383053
CumProbs: 0.18279283678105274,0.17862510627433167,0.16234407614374852,0.15588634766380718,0.19012576563581685,0.17624199487777464,0.19452479909874096,0.18146292703855854
SectionCumProbs: 0_3 0.1248973449184418,0.1151513636016668,0.1090950428124334,0.10172723755175525,0.12892162152913966,0.12087504244392806,0.11147650909550348,0.11680305754212142
SectionCumProbs: 1_3 0.03295557140713798,0.04108144496239928,0.03534131498527292,0.031099883394356105,0.04026086235532876,0.03893095261283504,0.04183951325698246,0.04562031307167691
SectionCumProbs: 2_3 0.02493992045547272,0.022392297710265255,0.01790771834604239,0.023059226717695894,0.02094328175134834,0.01643599982101168,0.04120877674625505,0.019039556424760413
