HitRate: 2967485/3000000 0.989162
CumReqs: 3000000
CumProbs: 0.9839468034668698
SectionCumProbs: 0_3 0.6836718172583697
SectionCumProbs: 1_3 0.17603399371172596
SectionCumProbs: 2_3 0.1242409924969032
