HitRate: 1742005/3000000 0.580668
CumReqs: 3000000
CumProbs: 0.1035995626979198
SectionCumProbs: 0_3 0.034778017324503904
SectionCumProbs: 1_3 0.034477771142584636
SectionCumProbs: 2_3 0.03434377423083107
