HitRate: 1510870/3000000 0.503623
CumReqs: 3000000
CumProbs: 0.5126343609679745
SectionCumProbs: 0_3 0.1727484824256803
SectionCumProbs: 1_3 0.17064567616193882
SectionCumProbs: 2_3 0.16924020238036308
