HitRate: 2964322/3000000 0.988107
CumReqs: 3000000
CumProbs: 0.9626997380111725
SectionCumProbs: 0_3 0.41931313671659465
SectionCumProbs: 1_3 0.30293392075514874
SectionCumProbs: 2_3 0.24045268053928787
