HitRate: 29401038/30000000 0.980035
CumReqs: 30000000
CumProbs: 0.9800330528654934
SectionCumProbs: 0_3 0.38767169636799176
SectionCumProbs: 1_3 0.34992349756036
SectionCumProbs: 2_3 0.24243785893715497
