HitRate: 1541971/3000000 0.513990
CumReqs: 432543,114979,81055,120977,151445,169247,71366,66359,68290,120775,67737,73724,98256,110045,95248,79797,54790,55104,79999,65355,79206,60032,96877,67859,100605,55884,58683,51145,62622,88451,52094,49451
CumProbs: 0.12916265338720787,0.022816409616949963,0.010548763510264004,0.026213542436849962,0.033895392288908165,0.040666344272101015,0.0088605217196686,0.008480842169209189,0.007801748657466431,0.02369366920985355,0.0068235742366775775,0.007288182107634489,0.01947189905053468,0.021159807788892843,0.01656135554924977,0.012842161215933751,0.0038873857131247894,0.0029734903741242386,0.01236523041219877,0.005999269949495959,0.011287140320236384,0.005781453786337664,0.016037464380063222,0.006157802814424626,0.01827857288448549,0.00527887796033481,0.0063216645151492135,0.0013824998368044037,0.0064768668577054305,0.01435754889539895,0.0036765636469486425,0.0018577653793531593
SectionCumProbs: 0_3 0.1266134715633339,0.020631586940622115,0.007987924858086443,0.016752860585665698,0.0305738623268628,0.03492485675423276,0.0071449696456190965,0.005583953809651322,0.0028735747029507096,0.01690972818940814,0.003945336802405436,0.004322684987204133,0.011670483445305493,0.019189137701113593,0.010480820853866006,0.0071885994886982055,0.002187487094225807,0.0011107292112124032,0.006660711692664724,0.0014218000007993254,0.0074423852934789704,0.0017635115962127963,0.01510658337696318,0.0016279593356540415,0.012721596306051026,0.003153338582236592,0.0028042998376037295,0.0005015766692911183,0.0006268043104952753,0.01278454317889035,0.001231294121095129,0.0010194728982072464
SectionCumProbs: 1_3 0.002097896042406875,0.0013238826430492664,0.0006377950343243635,0.008345622960887679,0.0024202906080601307,0.0033172002829611807,0.0011423691737506877,0.0013641819637559235,0.0037201934900277503,0.006159801127848096,0.002546850458213268,0.002736024128968484,0.002080244273832885,0.0008616061377530697,0.004599784448592055,0.005275880490199605,0.0007653540411892363,0.0007843380187122069,0.004038258376596819,0.003645922841122093,0.002387984541047356,0.002695058703787337,0.0003833431250691083,0.0014970698064167177,0.004015943876701397,0.00040432541601554957,0.0029445148294839157,0.00038134481164563773,0.0052818754304700165,0.0006604425864570302,0.0020006447891313065,8.925799958168639e-05
SectionCumProbs: 2_3 0.0004512857814671084,0.0008609400332785796,0.0019230436178531989,0.0011150588902965896,0.0009012393539852364,0.0024242872349070723,0.0005731829002988144,0.0015327063958019433,0.0012079804644879722,0.0006241398925973145,0.00033138697605887297,0.00022947299146187288,0.005721171331396302,0.001109063950026178,0.001480750246791708,0.00037768123703594165,0.0009345445777097463,0.0010784231441996288,0.0016662603429372274,0.0009315471075745404,0.0014567704857100607,0.0013228834863375312,0.0005475378780309417,0.003032773672353867,0.0015410327017330706,0.0017212139620826688,0.0005728498480615694,0.0004995783558676477,0.000568187116740138,0.0009125631300515699,0.0004446247367222064,0.0007490344815642264
