HitRate: 132357/3000000 0.044119
CumReqs: 375698,375218,375294,375304,374537,375357,374800,373792
CumProbs: 0.016620191212307112,0.017542302142356032,0.018044798846997202,0.015033633293926587,0.017294695070503862,0.01496288841625454,0.016710009463861333,0.018548682706102545
SectionCumProbs: 0_3 0.005831250578703504,0.005785474481386296,0.0056328874903289325,0.005174086151308729,0.005437992288114756,0.006316061063926667,0.005508737165786807,0.005435564767802481
SectionCumProbs: 1_3 0.0057875552130825314,0.005571505905289948,0.006040710902791337,0.004955609323203869,0.0051612549725152685,0.0047738920883991925,0.005308986922948078,0.006101052121982201
SectionCumProbs: 2_3 0.005001385420521079,0.006185321755679791,0.00637120045387694,0.0049039378194139895,0.006695447809873836,0.003872935263928678,0.005892285375126448,0.007012065816317862
