HitRate: 2159474/3000000 0.719825
CumReqs: 179168,190898,205755,201731,214751,197260,212041,194815,187084,192834,165240,163687,148568,172729,180801,192638
CumProbs: 0.0746350987489385,0.0656519677635372,0.0815680396445451,0.08848934306802336,0.08174692421611651,0.05982325672330013,0.1002983847853684,0.07535562452327925,0.0774141270931656,0.0757765685151184,0.05888328147454088,0.06810813938100621,0.05898968121971345,0.08119929802768122,0.06905210462020941,0.0800009708976747
SectionCumProbs: 0_3 0.038731834737255805,0.03259024194637054,0.05239821700627028,0.053777756202273895,0.03283762135389686,0.03601697873933592,0.04387991990759181,0.05113970752040049,0.04809002482439055,0.0449665273051671,0.030507466934616704,0.04153812801618341,0.03720466589482518,0.04157403793017915,0.0447048504318832,0.04160529285532361
SectionCumProbs: 1_3 0.018560105548547215,0.022226906766558294,0.01849992319268396,0.027215724818339056,0.03718837343384562,0.0159968691874983,0.03247619471951365,0.012245613171756453,0.01648331552245932,0.01893749214470632,0.019245053908095885,0.019310556251217786,0.009946381178417079,0.021199484227235273,0.013767794526132108,0.0287502086432503
SectionCumProbs: 2_3 0.017343158463135482,0.01083481905060837,0.010669899445590826,0.007495862047410396,0.011720929428374017,0.007809408796465933,0.023942270158262967,0.011970303831122324,0.01284078674631574,0.011872549065244988,0.009130760631828288,0.007259455113605001,0.01183863414647122,0.018425775870266784,0.010579459662194111,0.009645469399100786
