HitRate: 2706972/3000000 0.902324
CumReqs: 94311,93952,93741,93920,94051,93659,93465,93482,93469,94534,93706,94036,93443,94287,93556,93320,93933,93959,93797,93561,93361,93821,94030,93356,94034,93352,93385,94179,93470,93583,93769,93478
CumProbs: 0.0286960470939298,0.02847190511714601,0.02837482845409754,0.028496947186276374,0.028439134014333525,0.028359988709427672,0.028317942766196553,0.0282959923105391,0.028284553340689397,0.02864565379432186,0.028442534789153606,0.028475615053313478,0.028312687023292586,0.02858258487947511,0.02836400780694243,0.0282755876616181,0.028391523166851135,0.028417183558676035,0.028432023303345905,0.028359370386733113,0.028287954115509592,0.02838997736011465,0.028420275172148905,0.02828455334068942,0.028444389757237343,0.028405435427479035,0.028317633604849252,0.02850220292918019,0.028304957989610472,0.02837359180870843,0.02844006149837527,0.028268786111977796
SectionCumProbs: 0_3 0.009780937544152107,0.009677677654157885,0.009712612886401434,0.00976300618600939,0.00958307428188775,0.009642124099219763,0.009682624235714503,0.009660673780057052,0.00958214679784589,0.009756822959063629,0.00978248335088854,0.00974569315056127,0.009705193014066527,0.00975960541118924,0.00971725030661077,0.009722506049514657,0.00953979169326742,0.009718486951999923,0.00971044875697042,0.009636250033621282,0.009640887453830602,0.00971848695199991,0.009768571090260579,0.009640269131136041,0.00981989187391039,0.009714158693137897,0.009667475329697387,0.009754658829632628,0.009567616214523345,0.009677677654157887,0.009697773141731618,0.009607498028323495
SectionCumProbs: 1_3 0.009629139322633682,0.009622028611646046,0.00954411995212945,0.009527425239375912,0.009545047436171315,0.009539173370572846,0.009481051037282685,0.009464047163181853,0.009502074008898284,0.009545974920213189,0.009557104728715557,0.009547829888296921,0.009417672961088643,0.009550303179075221,0.009462501356445416,0.009449516579859308,0.00957349028012182,0.009556177244673681,0.009550612340422503,0.009499291556772697,0.00951629543087354,0.009457863936236089,0.009495581620605232,0.009510112203927772,0.009553394792548109,0.009440241739440663,0.009525570271292161,0.00948754342557574,0.009530207691501504,0.009479505230546253,0.009566688730481483,0.009557413890062838
SectionCumProbs: 2_3 0.009285970227143944,0.009172198851341943,0.009118095615566523,0.009206515760890904,0.009311012296274273,0.009178691239634976,0.009154267493199225,0.009171271367300074,0.009200332533945125,0.009342855915044935,0.009102946709549397,0.009182092014455146,0.009189821048137349,0.009272676289210559,0.009184256143886165,0.009103565032243967,0.009278241193461729,0.00914251936200228,0.009170962205952784,0.009223828796339041,0.009130771230805336,0.009213626471878523,0.009156122461282954,0.009134172005625508,0.009071103090778746,0.009251034994900386,0.00912458800385957,0.009260000673971747,0.009207134083585474,0.009216408924004136,0.00917559962616211,0.009103874193591275
