HitRate: 2939749/3000000 0.979916
CumReqs: 3000000
CumProbs: 0.9801161096625003
SectionCumProbs: 0_3 0.3894191380048731
SectionCumProbs: 1_3 0.348285303301654
SectionCumProbs: 2_3 0.24241166835597264
