HitRate: 2852592/3000000 0.950864
CumReqs: 3000000
CumProbs: 0.8506944444445379
SectionCumProbs: 0_3 0.24454861111111256
SectionCumProbs: 1_3 0.2693750000000029
SectionCumProbs: 2_3 0.3367708333333441
