HitRate: 2964811/3000000 0.988270
CumReqs: 3000000
CumProbs: 0.9915909494787429
SectionCumProbs: 0_3 0.8615864144814808
SectionCumProbs: 1_3 0.0833691264770236
SectionCumProbs: 2_3 0.04663540852027606
