HitRate: 29401354/30000000 0.980045
CumReqs: 3751157,3748733,3749795,3753496,3748957,3749259,3748940,3749663
CumProbs: 0.12246945339841392,0.12255176080706741,0.12246721825274155,0.12255154098342695,0.12252407219484321,0.12247251273517096,0.12244152965023936,0.1224802285762233
SectionCumProbs: 0_3 0.048818548967831735,0.0483072106026347,0.04826973756410472,0.048579351541141236,0.04861212762449445,0.048360678510672835,0.048402888364992645,0.04830553965129903
SectionCumProbs: 1_3 0.04360661734632458,0.04380798236397703,0.0439231013416528,0.043444228230360725,0.04400097450017983,0.043981249816183496,0.0439040853987968,0.04391016303115974
SectionCumProbs: 2_3 0.030044287084257004,0.030436567840456168,0.030274379346984702,0.03052796121192498,0.029910970070168928,0.03013058440831545,0.03013455588644957,0.03026452589376439
