HitRate: 2909927/3000000 0.969976
CumReqs: 92438,92886,94040,93360,94987,94115,94092,94512,94490,93614,93684,92650,93860,94705,93284,95597,93549,94543,91982,93035,94742,93749,94272,92635,93998,93497,93624,94064,93036,94582,92738,93640
CumProbs: 0.030315479781081456,0.029972513186694343,0.030288414101665734,0.030129251748086637,0.0305271576320341,0.030530894311654875,0.03028760617093677,0.030473531229908365,0.03038627471119499,0.03040061548163147,0.030326386845920646,0.030139350882197026,0.030397282767375203,0.03061401018538297,0.030299624140528038,0.030701266704096553,0.030290736902511085,0.030374559715627022,0.030149551007648635,0.030388294538016992,0.030386375702535957,0.03018540293374033,0.030391223286908898,0.02999614516051239,0.0303752666550146,0.03045525179716865,0.030276800097438907,0.030479489719033387,0.03049635527299771,0.03055240546731005,0.030279526863648532,0.030159549150417873
SectionCumProbs: 0_3 0.011737213663037673,0.011640362966919489,0.011619053793946694,0.011632081676949005,0.011768823952803025,0.011810735359360888,0.011592291088554231,0.011663893949396565,0.01173226508732362,0.011793566831373326,0.011742061247410614,0.011512911894446953,0.011708532122164285,0.011815481952392784,0.011634000512429965,0.011980905769120195,0.011683789243593914,0.011686213035780421,0.01168722294919142,0.011726205606857353,0.011702775615721384,0.01154896580322091,0.01177114675364837,0.011535028998148587,0.011784073645309616,0.011634202495112177,0.011627234092576072,0.011793162866008946,0.011633596547065557,0.011597340655609401,0.01164096891496609,0.01166429791476096
SectionCumProbs: 1_3 0.010432910492687221,0.010417963774203853,0.0105054222755994,0.010348380740183613,0.010488152756270743,0.01049875684708659,0.010614088958626712,0.010536729591341488,0.010468762418778895,0.010523297742974698,0.010501988570001909,0.010397967488665399,0.010455431561753232,0.010540668253644492,0.01057874198924054,0.01058793220128092,0.010477144700090469,0.010520268002741598,0.01035403625528541,0.010471388193647598,0.010425134159422242,0.010580458842039283,0.01049087952248045,0.010397159557936539,0.01041543899067629,0.010612372105827963,0.01057874198924047,0.010498958829768814,0.010567531950377997,0.010748609424976375,0.010522792786269221,0.01036867999974544
SectionCumProbs: 2_3 0.008145355625353918,0.007914186445568213,0.008163938032116971,0.008148789330951381,0.008270180922957724,0.008221402105204757,0.008081226123753242,0.008272907689167521,0.008185247205089792,0.008083750907280841,0.008082337028505394,0.008228471499082034,0.008233319083454965,0.008257859979343158,0.008086881638855044,0.008132428733692633,0.008129802958823984,0.00816807867710219,0.008108291803168936,0.008190700737509339,0.008258465927389718,0.008055978288477398,0.008129197010777392,0.00806395660442455,0.008175754019026048,0.008208677196225764,0.008070824015619572,0.008187368023252931,0.008295226775551352,0.008206455386721472,0.00811576516241059,0.008126571235908707
