HitRate: 1679844/3000000 0.559948
CumReqs: 374143,374712,374767,376414,374840,374418,375480,375226
CumProbs: 0.054479166666666655,0.05512499999999995,0.05558333333333327,0.055541666666666656,0.05537499999999992,0.05499999999999991,0.05564583333333328,0.05554166666666658
SectionCumProbs: 0_3 0.017249999999999977,0.017791666666666688,0.017541666666666674,0.01731250000000002,0.01822916666666668,0.01754166666666667,0.018562500000000016,0.017979166666666678
SectionCumProbs: 1_3 0.018500000000000006,0.01829166666666669,0.01812499999999999,0.018750000000000013,0.018187499999999995,0.01795833333333333,0.018125000000000002,0.01837500000000002
SectionCumProbs: 2_3 0.01872916666666667,0.019041666666666672,0.019916666666666683,0.019479166666666693,0.018958333333333362,0.01950000000000001,0.018958333333333355,0.01918750000000003
