HitRate: 2967372/3000000 0.989124
CumReqs: 3000000
CumProbs: 0.9947107701988667
SectionCumProbs: 0_3 0.8742780691096441
SectionCumProbs: 1_3 0.07841595956641222
SectionCumProbs: 2_3 0.042016741522819694
