HitRate: 1848357/3000000 0.616119
CumReqs: 369336,377105,377220,377034,378077,375981,372537,372710
CumProbs: 0.040052570655312696,0.040167082289367495,0.04092384060242141,0.03900200820688382,0.042780564954596235,0.041136832241763406,0.040593719920246095,0.0407291708245281
SectionCumProbs: 0_3 0.016423585732243017,0.016312018683063863,0.016825030803629567,0.015778067292271037,0.017327246112984366,0.01833625719705616,0.017015774468355185,0.01735211149637914
SectionCumProbs: 1_3 0.012566833897275911,0.013024553257397991,0.013118779973420267,0.013163930274847604,0.013352056530794845,0.01236987388670158,0.012335193220387832,0.012466390835404951
SectionCumProbs: 2_3 0.01106215102579526,0.010830510348907174,0.010980029825373069,0.010060010639766722,0.012101262310818647,0.01043070115800712,0.011242752231504614,0.010910668492745568
