HitRate: 2965502/3000000 0.988501
CumReqs: 88441,63802,88466,98608,87472,103496,103646,95784,105454,208111,77231,91635,108115,85754,105292,115348,57168,117461,91000,71942,94336,66763,62935,96760,67807,84223,119442,76499,88429,115163,98559,64858
CumProbs: 0.032479061731063054,0.02897354632995978,0.027927316443308342,0.03432718974952813,0.033556571332076054,0.03343735843468422,0.03316787166480033,0.03159535511553468,0.03048328471124112,0.05216450154900182,0.029247189145807848,0.02824098854396859,0.03686128409133394,0.027451121071524736,0.04017518389956525,0.03281876380381439,0.020732544661635526,0.03301169183225386,0.02969866698106782,0.025138609601384764,0.030891014694247255,0.022332403618559843,0.0309938221470439,0.02873315188182464,0.025816263832797427,0.02571958107931627,0.03555103591633037,0.021894925096021048,0.02693205280453252,0.03974426755486465,0.028421010955993333,0.021593283654730493
SectionCumProbs: 0_3 0.01522775241252997,0.013179915448525948,0.020314315194088422,0.026904054179090146,0.020810197099386137,0.021485445198924768,0.015864283662823893,0.021604220617793973,0.023224203586755136,0.038167157481112414,0.022364995768488972,0.018598961907213867,0.02328763797252329,0.022514613423197275,0.0200664836110702,0.018316788260176322,0.013947034037797672,0.019932615183173352,0.025629897982195914,0.016328448375237545,0.02018329037658806,0.018272602929399903,0.016697024030476484,0.02429602596697519,0.014738651424331648,0.01979087214187078,0.024755815894163445,0.014799679678225808,0.018723862025398656,0.02480131366050748,0.019268960264482007,0.012630661163478484
SectionCumProbs: 1_3 0.009475128580406281,0.011072581405456616,0.003217435794011498,0.005510479469898509,0.007822115982993446,0.008872720654870339,0.0025550933108877696,0.005793309334719853,0.002779082314427634,0.010913339223252539,0.0025109079801113585,0.0035582315630692096,0.007165023242140207,0.003446237061299277,0.015523706633027472,0.004095236449485558,0.005284521813007223,0.008716759561585281,0.0025927164638261104,0.002854547359565568,0.005789153288755715,0.002599716120186729,0.012836494808333007,0.002943574238902214,0.00746185241968276,0.004491591990905693,0.004950069482526332,0.003105660031502836,0.0026113093010340115,0.010044069398967927,0.006050546705972646,0.007447853106961518
SectionCumProbs: 2_3 0.007776180738126861,0.00472104947597729,0.004395565455208435,0.0019126561005395704,0.004924258249696538,0.0030791925808892366,0.014748494691088802,0.004197825163020907,0.0044799988100584056,0.003084004844637164,0.004371285397207524,0.006083795073685565,0.00640862287667065,0.0014902705870283768,0.004584993655467734,0.010406739094152635,0.0015009888108305739,0.004362317087495474,0.0014760525350458631,0.00595561386658173,0.004918571028903532,0.0014600845689731986,0.0014603033082344681,0.001493551675947416,0.0036157599887830603,0.0014371169465399098,0.005845150539640698,0.00398958538629244,0.005596881478099901,0.0048988844953892765,0.003101503985538715,0.0015147693842905445
