HitRate: 30364/3000000 0.010121
CumReqs: 375338,374534,375558,374780,375997,374583,374722,374488
CumProbs: 0.0014167933643180562,0.0013565113711489038,0.0013868188925764886,0.001334197042185739,0.0013685011598455303,0.0013288682472094597,0.0013918146378667502,0.0013671689611014614
SectionCumProbs: 0_3 0.00048158984598117263,0.0004459535295773099,0.0004799245975510854,0.0004416238836590835,0.00047559495163285913,0.00043063324402050897,0.0004612738151341107,0.000463272113250215
SectionCumProbs: 1_3 0.000468933957912511,0.0004542797717277451,0.0004499501258095188,0.0004386264364849269,0.0004649373616803021,0.00044895097675146654,0.00044728572832137956,0.0004342967905667006
SectionCumProbs: 2_3 0.0004662695604243718,0.00045627806984384936,0.0004569441692158843,0.0004539467220417277,0.0004279688465323697,0.00044928402643748387,0.0004832550944112596,0.0004696000572845459
