HitRate: 364123/3000000 0.121374
CumReqs: 187493,187302,186832,187398,187311,187110,188002,187522,186916,187945,187985,187771,188411,187707,187222,187073
CumProbs: 0.004923611111111112,0.004895833333333331,0.004777777777777776,0.005131944444444442,0.004798611111111109,0.005131944444444439,0.004951388888888888,0.004965277777777774,0.004972222222222221,0.004826388888888885,0.00490972222222222,0.005166666666666669,0.005152777777777778,0.00497222222222222,0.005111111111111106,0.004999999999999998
SectionCumProbs: 0_3 0.0017013888888888884,0.0016527777777777775,0.0015902777777777764,0.0017986111111111113,0.0015972222222222208,0.00173611111111111,0.0016388888888888887,0.0015624999999999992,0.001673611111111111,0.00161111111111111,0.0016736111111111114,0.0015902777777777768,0.0016736111111111103,0.0015416666666666667,0.0017916666666666667,0.0017083333333333334
SectionCumProbs: 1_3 0.0015208333333333328,0.0015555555555555557,0.0016527777777777778,0.001715277777777777,0.0016805555555555554,0.0017222222222222224,0.001562499999999999,0.0016249999999999984,0.0017013888888888892,0.0015763888888888885,0.001506944444444444,0.001888888888888889,0.001888888888888889,0.0017361111111111097,0.0016736111111111107,0.001652777777777778
SectionCumProbs: 2_3 0.0017013888888888884,0.001687499999999999,0.0015347222222222214,0.0016180555555555544,0.0015208333333333326,0.0016736111111111112,0.0017499999999999996,0.0017777777777777776,0.0015972222222222219,0.0016388888888888883,0.0017291666666666664,0.0016874999999999991,0.0015902777777777773,0.0016944444444444442,0.001645833333333332,0.0016388888888888876
