HitRate: 366551/30000000 0.012218
CumReqs: 939202,938198,937702,936975,938773,939635,936605,937192,936514,936863,937830,938294,936676,937998,936279,936706,939631,936249,937818,935277,937810,937079,935980,937573,937764,938900,937764,936791,937344,938198,937175,937205
CumProbs: 0.00024756944444444354,0.00024236111111111021,0.000245138888888888,0.00024340277777777685,0.0002361111111111103,0.00023645833333333244,0.00024166666666666575,0.0002506944444444435,0.0002253472222222214,0.00024618055555555466,0.0002475694444444436,0.0002402777777777769,0.00025833333333333237,0.00023749999999999916,0.00026076388888888796,0.0002527777777777769,0.00024965277777777676,0.00024652777777777694,0.000245138888888888,0.00023576388888888803,0.00023611111111111025,0.00023819444444444357,0.00023854166666666582,0.00024826388888888804,0.00024027777777777695,0.00023715277777777697,0.00025381944444444356,0.00024270833333333252,0.00023159722222222142,0.00024965277777777686,0.00023715277777777694,0.0002381944444444436
SectionCumProbs: 0_3 8.124999999999994e-05,8.298611111111108e-05,8.055555555555552e-05,7.951388888888886e-05,7.777777777777774e-05,7.847222222222217e-05,7.951388888888879e-05,7.187499999999994e-05,7.881944444444436e-05,8.680555555555555e-05,7.986111111111102e-05,7.88194444444444e-05,7.916666666666665e-05,7.500000000000001e-05,8.611111111111106e-05,8.298611111111104e-05,7.604166666666661e-05,7.986111111111108e-05,8.090277777777775e-05,7.70833333333333e-05,7.777777777777775e-05,7.39583333333333e-05,8.263888888888888e-05,8.576388888888883e-05,7.951388888888881e-05,8.159722222222219e-05,8.159722222222223e-05,7.25694444444444e-05,7.70833333333333e-05,9.131944444444438e-05,8.020833333333331e-05,8.263888888888885e-05
SectionCumProbs: 1_3 7.881944444444439e-05,7.91666666666666e-05,8.784722222222218e-05,8.12499999999999e-05,8.472222222222221e-05,8.090277777777768e-05,8.124999999999997e-05,9.374999999999995e-05,7.465277777777772e-05,7.986111111111105e-05,8.298611111111107e-05,7.812499999999999e-05,8.888888888888881e-05,8.194444444444441e-05,9.131944444444445e-05,8.437499999999994e-05,8.611111111111105e-05,8.194444444444438e-05,8.645833333333326e-05,8.29861111111111e-05,7.74305555555555e-05,8.645833333333327e-05,8.124999999999998e-05,7.743055555555547e-05,7.916666666666661e-05,8.298611111111107e-05,8.541666666666664e-05,7.604166666666664e-05,7.777777777777775e-05,8.29861111111111e-05,7.916666666666658e-05,7.326388888888889e-05
SectionCumProbs: 2_3 8.749999999999992e-05,8.020833333333331e-05,7.673611111111112e-05,8.263888888888885e-05,7.361111111111107e-05,7.708333333333331e-05,8.090277777777771e-05,8.50694444444444e-05,7.187499999999997e-05,7.951388888888888e-05,8.472222222222214e-05,8.333333333333329e-05,9.027777777777772e-05,8.05555555555555e-05,8.333333333333325e-05,8.541666666666657e-05,8.749999999999992e-05,8.472222222222217e-05,7.777777777777774e-05,7.569444444444439e-05,8.090277777777771e-05,7.777777777777771e-05,7.465277777777773e-05,8.506944444444443e-05,8.159722222222216e-05,7.256944444444441e-05,8.680555555555549e-05,9.409722222222217e-05,7.673611111111108e-05,7.534722222222219e-05,7.777777777777771e-05,8.229166666666663e-05
