HitRate: 1975291/3000000 0.658430
CumReqs: 456487,102631,175605,149128,291292,93350,148831,154057,138023,162499,97708,133252,229596,242344,114623,310574
CumProbs: 0.13136999071759706,0.01418248551165498,0.03720724280647089,0.03045701008003657,0.07449744750577898,0.011451739834169503,0.02915594103775,0.026196300499303986,0.025564590664688015,0.03098210222104646,0.013623742161100669,0.01975692498578986,0.05706745368294164,0.05941337612256771,0.016706659407778695,0.07643755634911696
SectionCumProbs: 0_3 0.12265932514998111,0.008987538390699207,0.02932586298693467,0.024251193951578244,0.0681337039186667,0.003374783182924644,0.013306554522622607,0.019166529507446243,0.014362069689322706,0.021073320321532307,0.007038766859755752,0.015241998841865303,0.016190896314959333,0.04969450698978936,0.010008069626684808,0.06397694658920003
SectionCumProbs: 1_3 0.0014106853585253174,0.0036339974505044015,0.005349875956977095,0.0035520350985447356,0.0037765986157025215,0.005979253529545429,0.013040010288607433,0.004269705448630597,0.006141512332002165,0.004052805078200747,0.0036893053790625504,0.0025181766508583724,0.03994431890951423,0.005259917277996973,0.004409307991196045,0.008723992779316701
SectionCumProbs: 2_3 0.007299980209090624,0.0015609496704513729,0.002531503862559132,0.0026537810299135933,0.0025871449714097994,0.0020977031216994325,0.0028093762265199522,0.002760065543227144,0.005061008643363149,0.005855976821313409,0.002895669922282365,0.001996749493066185,0.0009322384584680769,0.00445895185478137,0.00228928178989784,0.003736616980600244
