HitRate: 908160/3000000 0.302720
CumReqs: 187351,186796,186486,187120,187368,186853,188721,187863,188175,188046,187314,187593,187424,187776,187396,187718
CumProbs: 0.057482602217091304,0.057284144684055884,0.05716657660755477,0.05707979237281164,0.0573866483273563,0.05752615807830199,0.05746098803032507,0.05770529383831903,0.057486859556908854,0.05769481423261422,0.057479327340308514,0.05727039020156832,0.05702346449214823,0.05753074290579797,0.05725106842854996,0.05759820536752265
SectionCumProbs: 0_3 0.019185865631805608,0.01901098721160617,0.01913019272649864,0.018983150758952703,0.01931260336329845,0.019328977747212237,0.01952121301436032,0.019483224443680305,0.019343059717378135,0.019234661295868736,0.019240556074077736,0.01909056671742725,0.019020811841954414,0.0193270128211426,0.01937908336198849,0.019281492033862205
SectionCumProbs: 1_3 0.019247433315321506,0.01916850878485695,0.01895629676933404,0.019179970853596632,0.019023104255702396,0.01922057932570285,0.01905618051120825,0.019187503070196992,0.019154099327012824,0.019188485533231815,0.019321773018290186,0.019147222085769033,0.019117420707045845,0.01909253164349693,0.018831196476232586,0.019163268982004544
SectionCumProbs: 2_3 0.019049303269964447,0.019104648687593144,0.019080087111722425,0.01891667076026263,0.019050940708355855,0.01897660100538716,0.018883594504756726,0.019034566324442035,0.01898970051251822,0.019271667403513926,0.018916998247940908,0.01903260139837234,0.018885231943148124,0.019111198441158633,0.01904078859032928,0.019153444351656244
