HitRate: 2808808/3000000 0.936269
CumReqs: 3000000
CumProbs: 0.8643489583331997
SectionCumProbs: 0_3 0.2586718750000165
SectionCumProbs: 1_3 0.2782812500000118
SectionCumProbs: 2_3 0.32739583333333855
