HitRate: 1882839/3000000 0.627613
CumReqs: 3000000
CumProbs: 0.6275777288075657
SectionCumProbs: 0_3 0.21891319360505523
SectionCumProbs: 1_3 0.21017081156559672
SectionCumProbs: 2_3 0.198493723636915
