HitRate: 504860/3000000 0.168287
CumReqs: 94155,94150,94407,94032,94150,93703,93824,93884,93603,93134,93791,92877,92886,93245,93902,93595,93870,93801,93688,92969,94186,93998,94141,94574,94325,94068,93661,93652,93375,94077,93086,93191
CumProbs: 0.01606440129869655,0.015833892972955343,0.015663256939614473,0.015932349631569198,0.015934012750802546,0.01572512497509479,0.01598856306165615,0.015594736427200783,0.015961287906229353,0.01583888233065538,0.015926029778482505,0.015659930701147788,0.015616356977234227,0.015605047766447498,0.016013177226309624,0.015854848275295468,0.01577169231362837,0.015890771650735644,0.016101322545676738,0.015644630004201035,0.015675231398094534,0.01600652474937625,0.015703171801214683,0.016059079317149852,0.0161049814079901,0.015593405931814113,0.015786993010575113,0.01570849378276137,0.01567922288425456,0.015993885043202836,0.015468671989313464,0.015894763136895668
SectionCumProbs: 0_3 0.005371209876001156,0.005167976705686769,0.005197912851886925,0.0053362843721009735,0.005215541915760349,0.005372872995234499,0.005325640409007588,0.005280403565860688,0.0052637723735272654,0.005191925622646894,0.005269094355073958,0.005210219934213655,0.005254126281973885,0.0052508000435071995,0.005318987932074219,0.0053053503543608145,0.005301026244354127,0.005313000702834187,0.0053060156020541495,0.005202569585740282,0.005162322100293405,0.005194586613420241,0.00527740995124067,0.005318322684380883,0.0053618964082944405,0.005272753217387312,0.0053036872351274736,0.00514103417410663,0.005201571714200277,0.005439730388414844,0.0052508000435072,0.005253461034280548
SectionCumProbs: 1_3 0.005208224191133646,0.00536987938061448,0.005293375895880751,0.005180616411860171,0.005375533986007846,0.005129724963319905,0.005340275858260997,0.005240156080413812,0.005404804884514665,0.005299030501274115,0.005518894863921923,0.005247473805040513,0.005197580228040259,0.005169307201073445,0.005272753217387313,0.005290049657414068,0.005241819199647153,0.005310007088214174,0.005473990644621687,0.005202569585740282,0.0053273035282409295,0.005547500514735404,0.0053053503543608145,0.005339943234414327,0.005405137508361333,0.005183610026480185,0.005291047528954074,0.005246808557347178,0.005268761731227292,0.005255789401207226,0.005163985219526751,0.005335619124407641
SectionCumProbs: 2_3 0.005484967231561746,0.005296036886654102,0.005171968191846791,0.005415448847608051,0.005342936849034342,0.005222527016540384,0.005322646794387571,0.005074176780926284,0.005292710648187414,0.0053479262067343694,0.005138040559486616,0.005202236961893615,0.005164650467220087,0.005184940521866858,0.0054214360768480825,0.005259448263520578,0.005228846869627086,0.005267763859687287,0.005321316299000897,0.005239490832720473,0.0051856057695601945,0.005264437621220604,0.005120411495613189,0.005400813398354643,0.005337947491334317,0.005137042687946609,0.005192258246493561,0.005320651051307561,0.00520888943882698,0.005298365253580779,0.005053886726279512,0.005305682978207486
