HitRate: 100485/3000000 0.033495
CumReqs: 94038,93612,93996,94221,93581,92755,93975,93611,94563,93691,93925,93538,93722,93902,93691,93530,94238,94074,93870,93881,93450,94175,92942,93671,93984,93836,93637,93252,94151,92826,93584,94078
CumProbs: 0.003124999999999998,0.003124999999999998,0.003124999999999998,0.003124999999999998,0.003124999999999998,0.003124999999999998,0.003124999999999998,0.003124999999999998,0.003124999999999998,0.003124999999999998,0.003124999999999998,0.003124999999999998,0.003124999999999998,0.003124999999999998,0.003124999999999998,0.003124999999999998,0.003124999999999998,0.003124999999999998,0.003124999999999998,0.003124999999999998,0.003124999999999998,0.003124999999999998,0.003124999999999998,0.003124999999999998,0.003124999999999998,0.003124999999999998,0.003124999999999998,0.003124999999999998,0.003124999999999998,0.003124999999999998,0.003124999999999998,0.003124999999999998
SectionCumProbs: 0_3 0.0010416666666666667,0.0010416666666666667,0.0010416666666666667,0.0010416666666666667,0.0010416666666666667,0.0010416666666666667,0.0010416666666666667,0.0010416666666666667,0.0010416666666666667,0.0010416666666666667,0.0010416666666666667,0.0010416666666666667,0.0010416666666666667,0.0010416666666666667,0.0010416666666666667,0.0010416666666666667,0.0010416666666666667,0.0010416666666666667,0.0010416666666666667,0.0010416666666666667,0.0010416666666666667,0.0010416666666666667,0.0010416666666666667,0.0010416666666666667,0.0010416666666666667,0.0010416666666666667,0.0010416666666666667,0.0010416666666666667,0.0010416666666666667,0.0010416666666666667,0.0010416666666666667,0.0010416666666666667
SectionCumProbs: 1_3 0.0010416666666666667,0.0010416666666666667,0.0010416666666666667,0.0010416666666666667,0.0010416666666666667,0.0010416666666666667,0.0010416666666666667,0.0010416666666666667,0.0010416666666666667,0.0010416666666666667,0.0010416666666666667,0.0010416666666666667,0.0010416666666666667,0.0010416666666666667,0.0010416666666666667,0.0010416666666666667,0.0010416666666666667,0.0010416666666666667,0.0010416666666666667,0.0010416666666666667,0.0010416666666666667,0.0010416666666666667,0.0010416666666666667,0.0010416666666666667,0.0010416666666666667,0.0010416666666666667,0.0010416666666666667,0.0010416666666666667,0.0010416666666666667,0.0010416666666666667,0.0010416666666666667,0.0010416666666666667
SectionCumProbs: 2_3 0.0010416666666666667,0.0010416666666666667,0.0010416666666666667,0.0010416666666666667,0.0010416666666666667,0.0010416666666666667,0.0010416666666666667,0.0010416666666666667,0.0010416666666666667,0.0010416666666666667,0.0010416666666666667,0.0010416666666666667,0.0010416666666666667,0.0010416666666666667,0.0010416666666666667,0.0010416666666666667,0.0010416666666666667,0.0010416666666666667,0.0010416666666666667,0.0010416666666666667,0.0010416666666666667,0.0010416666666666667,0.0010416666666666667,0.0010416666666666667,0.0010416666666666667,0.0010416666666666667,0.0010416666666666667,0.0010416666666666667,0.0010416666666666667,0.0010416666666666667,0.0010416666666666667,0.0010416666666666667
