HitRate: 1192181/3000000 0.397394
CumReqs: 177758,199413,208808,105705,117760,148063,130360,102501,68541,85328,85286,87645,79811,93979,101347,94781,76977,63025,63361,66619,75050,67854,78795,74886,88294,75099,71950,54995,57654,67271,67470,63614
CumProbs: 0.13063965280454132,0.14783920525310007,0.14886848030037503,0.049165371190225016,0.05599722595385317,0.08417471294384987,0.06640889266992947,0.050343208266977295,0.010856686607066424,0.018964975668803938,0.017088963673252813,0.024545045439661992,0.02567858038654774,0.04032193325167972,0.04483941810318267,0.04315627026697529,0.02427889956174201,0.005916832577587852,0.00788211503031365,0.009433022674363023,0.018035963336489998,0.01449645632925876,0.024005758610685206,0.02025873110039496,0.033655628552289665,0.020995545470806728,0.016199256989993385,0.0053792112422150675,0.009849396075364255,0.0139684948567892,0.013268987543107137,0.014217985798669137
SectionCumProbs: 0_3 0.12512253869191467,0.1405673270792938,0.13948209144692422,0.033774211696894825,0.048741669617366166,0.06470908989768206,0.03541339050195645,0.04412658684066855,0.004142082593160218,0.008108289061737517,0.013363254481093817,0.009827078461070586,0.007488392342326888,0.02855655333426823,0.02932967546524731,0.03466225288655024,0.013053472670748903,0.0010849025336488,0.004080792428532837,0.0029136145108461936,0.014671000058958474,0.009520294539212881,0.017635245575366415,0.015558708149893092,0.014438830250560189,0.018081597861239734,0.01327964670217277,0.0006931784379868445,0.003649762683816365,0.010329391332038468,0.01135433609594309,0.011034561323974148
SectionCumProbs: 1_3 0.0036827394571756623,0.005144376644050374,0.008444718769746508,0.013349264334820175,0.005803579012515519,0.013142076930481965,0.023518102083432565,0.0024702601134600865,0.00027513954338161155,0.008558305433539642,0.0033199949502233927,0.0001392352652948107,0.0038492888175761537,0.007394458503061012,0.013973158238880413,0.007339497214128849,0.010955283828423515,0.0035205203801455844,0.0022077783214689123,0.0011371990328145542,0.001272104014738952,0.0026854418870975215,0.0037790049874871466,0.002915946201891801,0.014468809135432277,0.0005396199276975917,0.0006808537853172082,0.002920276485262214,0.0023826551498894286,0.0034812147310910686,0.0005376213353727857,0.0019053246829816202
SectionCumProbs: 2_3 0.001834374655451011,0.002127501529755875,0.0009416700837043774,0.002041895158510023,0.0014519773239714828,0.006323546115685852,0.007477400084540456,0.00374636131284865,0.006439464470524595,0.0022983811735267793,0.0004057142419355967,0.014578731713296603,0.014340899226644699,0.004370921414350492,0.0015365843990549325,0.0011545201662962056,0.0002701430625695968,0.0013114096637934683,0.0015935442803119003,0.005382209130702275,0.002092859262792573,0.0022907199029483564,0.0025915080478316438,0.0017840767486100623,0.0047479891662972045,0.0023743276818694032,0.0022387565025034036,0.0017657563189660084,0.003816978241658459,0.0001578887936596657,0.0013770301117912618,0.00127809979171337
