HitRate: 1955378/3000000 0.651793
CumReqs: 186850,189354,183033,191295,184901,182793,196557,194745,186133,183062,185281,189486,187419,186888,186582,185621
CumProbs: 0.00656798748307443,0.0065623234143272965,0.007143390231680403,0.007220688111053065,0.006032566396212938,0.006158508630708048,0.005952936253238513,0.006208152527374112,0.006600305992984551,0.006437713901890333,0.00613818461932127,0.007470240316441525,0.007135060718816969,0.006213483415606707,0.00686251905792543,0.007008452123292783
SectionCumProbs: 0_3 0.0022749565532609044,0.0019397769556363479,0.002612468414487222,0.002744741078758543,0.002014742571407248,0.0016035978164681797,0.0022196485878477074,0.0022106527139551992,0.00197576045120638,0.002454207670081989,0.0023612503065260737,0.0025508300192978155,0.0025598258931903237,0.0017835152943183393,0.002214650880129647,0.00199075357436056
SectionCumProbs: 1_3 0.0025908116810422948,0.0021246921412045676,0.002153012484940241,0.0022682929429701576,0.0018218310534901328,0.002220314948876782,0.002095039075410745,0.002072382800422206,0.002292615120531383,0.0020943727143816703,0.0021566774706001514,0.0023502553495463414,0.002394901538494344,0.001982757242011664,0.002009744863689188,0.002295613745162219
SectionCumProbs: 2_3 0.0017022192487712302,0.00249785431748638,0.0023779093322529397,0.002207654089324363,0.0021959927713155565,0.002334595865363087,0.0016382485899800626,0.0019251170129967053,0.002331930421246788,0.0018891335174266736,0.0016202568421950464,0.0025691549475973683,0.002180333287132302,0.0024472108792767053,0.0026381233141065967,0.002722084803770004
