HitRate: 2328429/3000000 0.776143
CumReqs: 281520,266901,224803,122160,166604,178073,195739,168750,180184,174982,152867,138407,143628,194588,199631,211163
CumProbs: 0.2393711004898818,0.2269500305284733,0.183558116231166,0.08170417585437591,0.12448033538541738,0.13594601321474545,0.15304487491103974,0.12669348764795937,0.13759656006979468,0.13236264455653332,0.11184245492999183,0.09703549729003093,0.10236728540298246,0.1522618941135142,0.1584038858662889,0.16948682349616476
SectionCumProbs: 0_3 0.21907549931229917,0.2075249121415175,0.1636744225840698,0.060633371834210324,0.10194630359173001,0.11404167168992925,0.12737729951997048,0.10563661913039853,0.1155998553300381,0.10837996865484158,0.09137184976620762,0.07541764377225625,0.08476966234601277,0.1313064630916596,0.1392480791692107,0.14916075866172518
SectionCumProbs: 1_3 0.01352391915593632,0.011607949588481367,0.012711771027377097,0.013438685733026885,0.015282385135809571,0.014802420499578039,0.017288449348012935,0.012769133445076627,0.013330442526746433,0.015793785673266256,0.012649871469294574,0.013458778783294528,0.010721586806514308,0.013725173740068522,0.01158591204947816,0.013200485862918724
SectionCumProbs: 2_3 0.0067716820216460515,0.00781716879847449,0.007171922619718925,0.007632118287138766,0.007251646657877578,0.007101921025238168,0.008379126043056176,0.00828773507248406,0.008666262213009661,0.008188890228425576,0.007820733694489702,0.008159074734480066,0.006876036250455338,0.0072302572817862345,0.007569894647600303,0.007125578971521024
