HitRate: 2453330/3000000 0.817777
CumReqs: 3000000
CumProbs: 0.5132330607228835
SectionCumProbs: 0_3 0.17339838913787375
SectionCumProbs: 1_3 0.17066412656643357
SectionCumProbs: 2_3 0.1691705450185778
