HitRate: 121944/3000000 0.040648
CumReqs: 186824,187330,187412,186756,186903,187094,188169,187830,187137,187309,187147,188232,187403,188645,187730,188079
CumProbs: 0.004895833333333329,0.005,0.004777777777777775,0.004854166666666665,0.0048472222222222215,0.0048263888888888835,0.004826388888888883,0.004861111111111106,0.005083333333333332,0.0049375,0.004958333333333332,0.004951388888888888,0.005312499999999997,0.0049791666666666665,0.004833333333333332,0.005180555555555555
SectionCumProbs: 0_3 0.0017500000000000003,0.0017291666666666664,0.0016388888888888883,0.0015694444444444436,0.0016180555555555544,0.0017152777777777763,0.0016180555555555553,0.0015694444444444438,0.001722222222222222,0.0016805555555555547,0.0017222222222222213,0.0015555555555555544,0.0017638888888888886,0.001624999999999999,0.0016041666666666663,0.0016527777777777775
SectionCumProbs: 1_3 0.0015624999999999997,0.0015416666666666664,0.0016666666666666661,0.001618055555555555,0.0017152777777777774,0.0015833333333333329,0.0016527777777777769,0.0015902777777777766,0.0017638888888888888,0.0015208333333333324,0.0015277777777777776,0.0017638888888888884,0.0017152777777777772,0.001770833333333333,0.0016597222222222213,0.001791666666666666
SectionCumProbs: 2_3 0.0015833333333333324,0.0017291666666666655,0.0014722222222222213,0.0016666666666666657,0.0015138888888888882,0.0015277777777777763,0.0015555555555555553,0.0017013888888888884,0.0015972222222222217,0.0017361111111111112,0.0017083333333333325,0.0016319444444444432,0.001833333333333333,0.0015833333333333322,0.0015694444444444438,0.0017361111111111106
