HitRate: 2219281/3000000 0.739760
CumReqs: 138468,131499,82893,74817,103786,95032,87287,65057,83718,76102,70608,55238,65243,106001,106880,97501,160777,161923,162957,58687,88770,94689,116252,95381,92878,71758,71318,75609,76364,60398,59276,112833
CumProbs: 0.11282029010107654,0.10864169944382708,0.05720332802002964,0.0485862280229471,0.07865159226715403,0.0700623407003482,0.06198298063075372,0.04212605525659012,0.057874342578128124,0.051409528406725004,0.04791852875416731,0.03219676374717869,0.04218838269578111,0.0812066857450516,0.08260805854005264,0.07332458538991782,0.13681469654493808,0.13676629332088552,0.13702588047453718,0.034126262130643605,0.06376063876342361,0.07112820621630009,0.09256022554576292,0.07017671818184232,0.06727451391228012,0.048801058770796824,0.04751638415981284,0.05153882469015305,0.05052434615864059,0.03501243896552365,0.0347959505730146,0.0891063571335743
SectionCumProbs: 0_3 0.0945659755835572,0.09042783145599546,0.04365307751676873,0.03740508326680651,0.06709615134693575,0.06035384745956011,0.04743383345577802,0.02906580451462839,0.04737681047949692,0.035665882490233156,0.03903521102479571,0.022723656048016,0.03327091748642721,0.07190464697473217,0.07207405825891613,0.05932809694436412,0.12477820714458109,0.12716554698295413,0.12805006617317483,0.021201275192883538,0.049510199156059954,0.05362381014266352,0.07830448147548941,0.05703955272768743,0.055606684684159004,0.03689253953814042,0.03825412886131747,0.03827302601043387,0.0394572473550622,0.02233709331345927,0.026647632485591752,0.07794709328693694
SectionCumProbs: 1_3 0.014302821178598614,0.009414427078222262,0.008428460034850323,0.005392318076813927,0.00709272996835888,0.006305348755175166,0.010954378966743675,0.008619420699605616,0.00694122124649574,0.010873154378436294,0.004207102145390023,0.005164557700621417,0.005520288244514523,0.00632059908604104,0.006958792279884681,0.008948960457881242,0.006241032142393003,0.006719096862144964,0.006009956476881823,0.007387459188788488,0.008120138128214174,0.012218830312883745,0.009206889966873636,0.007860882503494319,0.006150856272925225,0.007779657915186945,0.006319604499245443,0.008469901151333675,0.005861763044337353,0.01006521837147684,0.00530214220734615,0.006415416360554953
SectionCumProbs: 2_3 0.003951493338920702,0.008799440909609303,0.005121790468410597,0.005788826679326651,0.004462710951859346,0.0034031444856129707,0.0035947682082319954,0.004440830042356137,0.003556310852135444,0.004870491538055542,0.0046762155839815845,0.004308549998541273,0.003397176964839368,0.0029814396842783677,0.003575208001251854,0.0050475279876724295,0.005795457257963987,0.002881649475786454,0.002965857824480628,0.005537527748971599,0.0061303014791494834,0.005285565760752809,0.005048854103399896,0.005276282950660538,0.005516972955195853,0.004128861317469453,0.0029426507992499503,0.0047958975283855084,0.005205335759241037,0.002610127280587522,0.0028461758800767036,0.004743847486082415
