HitRate: 2851557/3000000 0.950519
CumReqs: 187458,187538,187373,186959,187431,188355,188096,186631,187470,187688,186852,187794,187153,187871,188133,187198
CumProbs: 0.05291666666666663,0.05319444444444436,0.05270833333333324,0.05277777777777773,0.05354166666666655,0.05284722222222215,0.05340277777777771,0.05333333333333325,0.05284722222222211,0.053124999999999936,0.052708333333333274,0.05333333333333328,0.05284722222222215,0.05305555555555543,0.052986111111111074,0.05270833333333326
SectionCumProbs: 0_3 0.014652777777777785,0.015902777777777783,0.01437500000000001,0.0157638888888889,0.015555555555555559,0.014930555555555551,0.015833333333333345,0.01569444444444445,0.015347222222222224,0.015138888888888898,0.01472222222222223,0.01444444444444445,0.015833333333333338,0.016250000000000004,0.01465277777777778,0.01527777777777778
SectionCumProbs: 1_3 0.016875,0.016250000000000007,0.01680555555555556,0.01687500000000001,0.0173611111111111,0.016736111111111122,0.016319444444444452,0.017152777777777784,0.016458333333333332,0.016944444444444446,0.015902777777777783,0.018263888888888892,0.017430555555555567,0.01645833333333334,0.0170138888888889,0.016111111111111114
SectionCumProbs: 2_3 0.021388888888888884,0.02104166666666665,0.021527777777777767,0.02013888888888888,0.020624999999999987,0.02118055555555554,0.021249999999999995,0.02048611111111109,0.021041666666666656,0.02104166666666665,0.022083333333333323,0.020624999999999987,0.01958333333333332,0.020347222222222208,0.021319444444444433,0.021319444444444426
