HitRate: 2517113/3000000 0.839038
CumReqs: 187947,186583,190032,188553,189688,185342,187069,184204,187548,186253,187555,185049,186895,187364,190048,189870
CumProbs: 0.12422915139541096,0.12466490998793275,0.1255767641516724,0.12415881006310332,0.12509927765015383,0.12199491992513603,0.12090919947391061,0.12159949831131203,0.12366165183305636,0.1240562786295674,0.1236300578448169,0.12368708598711327,0.12318813941811034,0.12590959390200285,0.1260335854030214,0.12545217653766905
SectionCumProbs: 0_3 0.052261622861964674,0.05319612931915971,0.05449426469761113,0.05275977461365237,0.05323030646367138,0.051021906556108665,0.05058694278090134,0.05060681321375699,0.05074014381821747,0.05199992926125748,0.052957088011908016,0.05308346396486933,0.053027031935559334,0.053363835772460455,0.054353582032993876,0.05361758120002564
SectionCumProbs: 1_3 0.0379876974202003,0.0370690873092899,0.036684197024878185,0.03687217131969168,0.037369130845408174,0.03631599790406569,0.03631361345212271,0.03706570933570437,0.037949148780461024,0.037935835590447844,0.037972198482573105,0.03787026316202447,0.036579281139401315,0.03888683450691299,0.0373989364946914,0.037565053313363524
SectionCumProbs: 2_3 0.033979831113241675,0.034399693359478706,0.034398302429178816,0.03452686412975391,0.034499840341070794,0.034657015464957676,0.034008643240882395,0.033926975761846,0.03497235923437485,0.03412051377785883,0.03270077135033199,0.03273335886021494,0.03358182634314551,0.03365892362262482,0.03428106687533139,0.034269542024275165
