HitRate: 395964/3000000 0.131988
CumReqs: 3000000
CumProbs: 0.13536061334421792
SectionCumProbs: 0_3 0.04554791040785461
SectionCumProbs: 1_3 0.04346232367099333
SectionCumProbs: 2_3 0.04635037926536993
