HitRate: 1832278/3000000 0.610759
CumReqs: 3000000
CumProbs: 0.12376699922408967
SectionCumProbs: 0_3 0.04194594587509916
SectionCumProbs: 1_3 0.041163483517174505
SectionCumProbs: 2_3 0.040657569831816225
