HitRate: 2908524/3000000 0.969508
CumReqs: 3000000
CumProbs: 0.949721109166456
SectionCumProbs: 0_3 0.35132656230876647
SectionCumProbs: 1_3 0.3246971400511292
SectionCumProbs: 2_3 0.2736974068070526
