HitRate: 2225268/3000000 0.741756
CumReqs: 3000000
CumProbs: 0.5121154258253963
SectionCumProbs: 0_3 0.37032474327051945
SectionCumProbs: 1_3 0.07583429445577929
SectionCumProbs: 2_3 0.06595638809909743
