HitRate: 1512175/3000000 0.504058
CumReqs: 3000000
CumProbs: 0.8217007525583219
SectionCumProbs: 0_3 0.30825497206550495
SectionCumProbs: 1_3 0.2765530990061583
SectionCumProbs: 2_3 0.23689268146743006
