HitRate: 2851720/3000000 0.950573
CumReqs: 375609,374378,374205,374303,375400,374330,375561,376214
CumProbs: 0.10611111111111102,0.10597222222222205,0.10527777777777765,0.1062499999999999,0.10611111111111102,0.10597222222222212,0.10541666666666652,0.10541666666666658
SectionCumProbs: 0_3 0.02986111111111112,0.031250000000000014,0.03277777777777779,0.03152777777777779,0.03152777777777779,0.02986111111111113,0.03083333333333334,0.029305555555555574
SectionCumProbs: 1_3 0.03361111111111111,0.03305555555555557,0.030000000000000016,0.034027777777777775,0.03444444444444446,0.03402777777777779,0.03291666666666668,0.035555555555555556
SectionCumProbs: 2_3 0.042638888888888865,0.04166666666666666,0.04249999999999997,0.04069444444444443,0.04013888888888889,0.04208333333333331,0.04166666666666664,0.040555555555555546
