HitRate: 10170158/30000000 0.339005
CumReqs: 1874126,1876240,1874633,1873980,1874598,1873713,1877266,1876311,1874910,1873931,1875632,1873793,1874384,1873654,1876341,1876488
CumProbs: 0.048962499999995114,0.04878645833332845,0.04881458333332846,0.048740624999995125,0.04901666666666177,0.04873124999999513,0.048851041666661786,0.04903645833332843,0.04876770833332846,0.04887291666666178,0.04875624999999512,0.04889583333332844,0.048879166666661776,0.04898333333332844,0.04879270833332846,0.0489874999999951
SectionCumProbs: 0_3 0.01576562499999876,0.015737499999998763,0.01568854166666542,0.015820833333332077,0.015829166666665413,0.015722916666665428,0.015784374999998754,0.015840624999998748,0.01584166666666541,0.01571979166666542,0.01574374999999876,0.01588437499999875,0.015767708333332086,0.015756249999998747,0.01582499999999875,0.015792708333332087
SectionCumProbs: 1_3 0.0163187499999987,0.016226041666665372,0.016310416666665373,0.01619166666666538,0.016289583333332032,0.016282291666665366,0.016266666666665364,0.016401041666665356,0.01618437499999871,0.01625416666666537,0.016253124999998713,0.01623958333333204,0.016256249999998702,0.01633854166666536,0.01615208333333205,0.01635416666666536
SectionCumProbs: 2_3 0.016878124999998644,0.016822916666665317,0.016815624999998655,0.016728124999998654,0.0168979166666653,0.01672604166666533,0.01679999999999865,0.016794791666665317,0.01674166666666533,0.01689895833333197,0.016759374999998647,0.016771874999998646,0.016855208333331973,0.0168885416666653,0.01681562499999865,0.01684062499999863
