HitRate: 1737888/3000000 0.579296
CumReqs: 3000000
CumProbs: 0.0798663538307208
SectionCumProbs: 0_3 0.034988102837908104
SectionCumProbs: 1_3 0.023694835719674484
SectionCumProbs: 2_3 0.02118341527313723
