HitRate: 29796/3000000 0.009932
CumReqs: 3000000
CumProbs: 0.009999999999999159
SectionCumProbs: 0_3 0.003333333333333226
SectionCumProbs: 1_3 0.003333333333333226
SectionCumProbs: 2_3 0.003333333333333226
