HitRate: 14997102/30000000 0.499903
CumReqs: 30000000
CumProbs: 0.5000000000063982
SectionCumProbs: 0_3 0.16666666666644028
SectionCumProbs: 1_3 0.16666666666644028
SectionCumProbs: 2_3 0.16666666666644028
