HitRate: 2111633/3000000 0.703878
CumReqs: 3000000
CumProbs: 0.7008705161694629
SectionCumProbs: 0_3 0.57347203728473
SectionCumProbs: 1_3 0.08159029862195727
SectionCumProbs: 2_3 0.04580818026277562
