HitRate: 29696461/30000000 0.989882
CumReqs: 1237567,2440042,1587864,1502063,2226127,1648270,1586239,2629397,1520683,1546393,1415732,1352722,2371918,1289022,3798916,1847045
CumProbs: 0.0407637936163429,0.08084877061414694,0.052450862236135334,0.04961010569179089,0.07374513166101171,0.05443980347224379,0.052351598995146124,0.08714647179243752,0.05018401499356446,0.05105384991988176,0.046671561651042096,0.04456696864198056,0.07859960641633007,0.042464653975434904,0.12613450453947078,0.06106276393497608
SectionCumProbs: 0_3 0.033792143187613186,0.07378533922837179,0.04541435671646252,0.042553561114078035,0.0666997975640896,0.04729996994141198,0.04526802499031001,0.0800971505961102,0.04316120541924441,0.04395663175020401,0.03963000753147461,0.03748885748113143,0.07154609099855343,0.03542265972151902,0.1190960313603495,0.0540492230722564
SectionCumProbs: 1_3 0.00443479370773579,0.00450177179966018,0.004488308866610052,0.004506949850833314,0.004505940130854568,0.004546561942307717,0.004518833478275633,0.004517513075226472,0.0044813443877821995,0.0045207234669538176,0.004488153525074863,0.0045056294477841515,0.0045280504093637925,0.00449882031049151,0.004491079123987693,0.004450534983302101
SectionCumProbs: 2_3 0.0025368567209938793,0.0025616595861131697,0.0025481966530630233,0.002549594726879765,0.0025393939660687138,0.0025932715885250957,0.002564740526561172,0.0025318081211000714,0.0025414651865379545,0.0025764947027241665,0.0025534005944920263,0.002572481713064987,0.002525465008413001,0.002543173943425082,0.0025473940551311762,0.0025630058794181604
