HitRate: 2700107/3000000 0.900036
CumReqs: 3000000
CumProbs: 0.899999999994131
SectionCumProbs: 0_3 0.2999999999997926
SectionCumProbs: 1_3 0.2999999999997926
SectionCumProbs: 2_3 0.2999999999997926
