HitRate: 2292869/3000000 0.764290
CumReqs: 3000000
CumProbs: 0.2890156117589783
SectionCumProbs: 0_3 0.13993633855415874
SectionCumProbs: 1_3 0.08189343996815879
SectionCumProbs: 2_3 0.06718583323667535
