HitRate: 1717770/3000000 0.572590
CumReqs: 373719,350652,280572,360270,390382,450374,382598,411433
CumProbs: 0.21491609277711077,0.19420316089582676,0.12199922534892574,0.19659898896055672,0.22893534724865783,0.28065794762719853,0.22206531027304457,0.26312714127133274
SectionCumProbs: 0_3 0.17505650161185998,0.14678972349482108,0.08577463776410675,0.16055774877346904,0.18520649375886783,0.2472121878435687,0.18389677441681565,0.2192428917112334
SectionCumProbs: 1_3 0.02975784833343539,0.028542631098380695,0.026075260945606724,0.021334516162522327,0.027026604339643233,0.02128626684732985,0.017342467649666054,0.0285679203946195
SectionCumProbs: 2_3 0.010101742831815533,0.01887080630262503,0.010149326639212251,0.014706724024565227,0.01670224915014655,0.01215949293630026,0.020826068206562968,0.015316329165479845
