HitRate: 39729/3000000 0.013243
CumReqs: 3000000
CumProbs: 0.013323641209744332
SectionCumProbs: 0_3 0.004417114087821485
SectionCumProbs: 1_3 0.004415717788024156
SectionCumProbs: 2_3 0.00449080933389871
