HitRate: 2706124/3000000 0.902041
CumReqs: 187693,187986,187198,186916,187600,187825,187155,187370,186971,187862,187528,187955,187396,187746,187730,187069
CumProbs: 0.058093817951678194,0.05815802902534986,0.05799495712881637,0.058045114458062645,0.05803057610175934,0.0580678912162701,0.05792953452545249,0.05799423021100113,0.05795739970836643,0.05811296012081044,0.05810084482389092,0.05816650973319362,0.057948192082708336,0.05815560596596609,0.058116837015824395,0.05801482621576423
SectionCumProbs: 0_3 0.020774826545293907,0.020805114787592092,0.020679842617446743,0.0207125539191289,0.02081238396574363,0.020820622367648672,0.02073072686450777,0.020740903713919876,0.02072781919324718,0.020779914970000014,0.02081771469638797,0.020806810929160705,0.020617569991281736,0.020769980426526065,0.020784034170952547,0.02070746549442268
SectionCumProbs: 1_3 0.019637927082389303,0.01973969557651108,0.019729034115222234,0.019651011603062044,0.019636957858635784,0.019624842561716496,0.019707226580767623,0.01964422703678729,0.01962993098642249,0.01962920406860746,0.019729518727098997,0.019739210964634348,0.01966918454844095,0.0197338802339898,0.01971813034799489,0.019715949594549382
SectionCumProbs: 2_3 0.017681064323988353,0.01761321866124049,0.017586080396141193,0.017681548935865012,0.017581234277373542,0.017622426286899043,0.017491581080170904,0.017609099460287804,0.017599649528690836,0.01770384108219651,0.017553611400397587,0.017620487839391866,0.017661437542979046,0.017651745305443577,0.017614672496870716,0.017591411126785618
