HitRate: 10069/3000000 0.003356
CumReqs: 93617,93577,93213,93674,93808,93726,94057,93407,93631,93672,93746,93863,94037,93997,93610,93895,94037,93808,94436,93609,93604,94221,93813,93408,93303,93654,94130,93992,93544,93601,93776,93534
CumProbs: 0.00041708591106373464,0.0004207387335332419,0.00041476138767404817,0.0004144293129040933,0.00045925940684804544,0.0004014783968758402,0.0004024746211857058,0.00039948594825610926,0.00040878404181485473,0.0004207387335332422,0.00039749349963637775,0.0004147613876740483,0.0004167538362937794,0.00043601417295118156,0.0004034708454955713,0.0004131010138242726,0.0004280443784722563,0.00042140288307315255,0.00040280669595566107,0.0004194104344534211,0.00043302550002158454,0.0004054632941153026,0.0004233953316928839,0.000418746284913511,0.0004323613504816743,0.0004160896867538693,0.0004074557427350339,0.00040745574273503405,0.00043003682709198774,0.00040413499503548175,0.00041974250922337627,0.0004293726775520774
SectionCumProbs: 0_3 0.00013183368367221564,0.00014013555292109582,0.00014478459970046855,0.0001354865061417229,0.00014079970246100613,0.00012552426304306678,0.00014079970246100624,0.00013681480522154376,0.00013814310430136455,0.0001437883753906029,0.00014611289878028937,0.00014511667447042375,0.00013814310430136455,0.00014212800154082697,0.0001265204873529324,0.00013548650614172284,0.00014345630062064776,0.0001444525249305133,0.0001401355529210957,0.0001477732726300653,0.00015076194555966221,0.00013581858091167806,0.00013747895476145413,0.000148769496939931,0.00014544874924037892,0.0001431242258506925,0.00012917708551257398,0.00013050538459239482,0.00014013555292109576,0.00013449028183185727,0.00013880725384127495,0.00015441476802916944
SectionCumProbs: 1_3 0.00013781102953140933,0.0001338261322919468,0.00013249783321212611,0.00013847517907131967,0.00016902605790719834,0.00014378837539060293,0.00012818086120270844,0.0001278487864327532,0.00012950916028252926,0.00013648273045158854,0.00012319973965338037,0.00012652048735293234,0.0001441204501605582,0.00015109402032961747,0.00014412045016055813,0.00014246007631078217,0.00014013555292109574,0.00013482235660181247,0.00013116953413230522,0.00012718463689284277,0.00013880725384127492,0.0001358185809116781,0.00014212800154082697,0.0001388072538412749,0.00014710912309015493,0.00013814310430136447,0.00014113177723096135,0.00014412045016055813,0.00014013555292109568,0.00013249783321212606,0.00013349405752199163,0.00013847517907131978
SectionCumProbs: 2_3 0.00014744119786011019,0.00014677704832019985,0.0001374789547614541,0.00014046762769105093,0.0001494336464798414,0.0001321657584421709,0.0001334940575219916,0.00013482235660181247,0.00014113177723096135,0.00014046762769105096,0.00012818086120270844,0.0001431242258506926,0.0001344902818318573,0.0001427921510807374,0.0001328299079820813,0.00013515443137176775,0.0001444525249305134,0.0001421280015408269,0.00013150160890226044,0.00014445252493051336,0.00014345630062064782,0.00013382613229194685,0.00014378837539060293,0.00013116953413230522,0.00013980347815114054,0.00013482235660181244,0.0001371468799914989,0.00013282990798208126,0.00014976572124979668,0.00013714687999149888,0.00014744119786011019,0.00013648273045158846
