HitRate: 1210024/3000000 0.403341
CumReqs: 93143,93059,94607,92844,94609,93777,93470,93728,94628,93969,94011,94904,94346,93907,93615,92869,92757,94614,93110,93274,93921,94922,93470,92941,94574,92147,93294,93506,93623,93959,94389,94013
CumProbs: 0.0003190979454155984,0.0003094384042704499,0.00038338385717469087,0.00034407951734270693,0.0003237611721753253,0.0003111038423989237,0.0003387501153315905,0.0003407486410857591,0.0003540721461135503,0.0003767221046607953,0.00038471620767746985,0.0003837169448003856,0.00034741039359965464,0.0003450787802197912,0.0003540721461135504,0.00038171841904621696,0.0003440795173427068,0.00030910531664475496,0.00034674421834826505,0.0003260927855551887,0.00031210310527600806,0.0003534059708621607,0.00032875748656074704,0.00034174790396284343,0.0003517405327336868,0.00033375380094616876,0.00040570072809624095,0.0003210964711697671,0.0003883801715601124,0.0003643978625100885,0.00036473095013578316,0.0003454118678454859
SectionCumProbs: 0_3 0.00011957845762442571,0.00011591449374178315,0.0001039233392167711,9.959320008273897e-05,0.00011757993187025703,9.059983418897994e-05,0.000134234313154996,0.00011225052985914058,0.00012990417402096384,0.00013490048840638554,0.0001232424215070683,0.00012224315862998395,0.00012357550913276306,0.00012057772050151007,0.00012091080812720482,0.0001309034368980482,0.00010825347835080324,0.00010159172583690764,9.89270248313494e-05,0.00010792039072510843,0.00010259098871399198,0.00012191007100428918,0.00011791301949595183,0.00010592186497093978,0.00011757993187025705,0.00013756518941194379,0.00011424905561330924,0.00011524831849039358,0.00013156961214943778,0.00012257624625567872,0.00014156224092028112,0.00010059246295982331
SectionCumProbs: 1_3 8.360499404938958e-05,9.526306094870683e-05,0.00013789827703763856,0.0001295710863952691,9.859393720565462e-05,9.193218469175904e-05,9.459688569731727e-05,0.00010925274122788757,0.00011724684424456225,0.00010958582885358234,0.0001458923800543133,0.00012823873589248999,0.00012191007100428916,0.00012324242150706826,0.00010059246295982328,0.00011791301949595183,0.00012890491114387953,0.00012890491114387953,9.792776195426508e-05,0.00010492260209385544,9.626232382579118e-05,0.00012157698337859439,0.00010159172583690764,0.00012690638538971085,0.00011924536999873093,0.0001069211278480241,0.00016621072522169479,0.00010958582885358234,0.00013789827703763856,0.00010958582885358236,0.00010991891647927711,0.00013689901416055424
SectionCumProbs: 2_3 0.00011591449374178315,9.826084957995985e-05,0.00014156224092028115,0.0001149152308646988,0.00010758730309941368,0.00012857182351818476,0.00010991891647927713,0.00011924536999873094,0.00010692112784802411,0.00013223578740082732,0.00011558140611608837,0.00013323505027791166,0.00010192481346260241,0.00010125863821121285,0.00013256887502652211,0.00013290196265221689,0.00010692112784802411,7.860867966396788e-05,0.0001498894315626506,0.0001132497927362249,0.00011324979273622492,0.00010991891647927711,0.00010925274122788756,0.0001089196536021928,0.0001149152308646988,8.926748368620082e-05,0.00012524094726123697,9.62623238257912e-05,0.00011891228237303614,0.00013223578740082732,0.00011324979273622492,0.00010792039072510845
