HitRate: 1878985/3000000 0.626328
CumReqs: 3000000
CumProbs: 0.17063148877506562
SectionCumProbs: 0_3 0.0587799960870086
SectionCumProbs: 1_3 0.056708187895615755
SectionCumProbs: 2_3 0.05514330479241492
