HitRate: 1501667/3000000 0.500556
CumReqs: 3000000
CumProbs: 0.4999999999965937
SectionCumProbs: 0_3 0.1666666666664057
SectionCumProbs: 1_3 0.1666666666664057
SectionCumProbs: 2_3 0.1666666666664057
