HitRate: 1085557/3000000 0.361852
CumReqs: 281002,266564,224921,122282,166235,178310,195674,168948,180517,174742,153161,138376,143874,194568,199888,210938
CumProbs: 0.16276930951200394,0.16458836497603474,0.10938158112207634,0.020807342066399028,0.04506885686409367,0.0636072946156758,0.06908445429002524,0.024058916204155394,0.028747674114830746,0.03358105010049957,0.024710697205738874,0.02485998037992568,0.03544142501452844,0.07968322643591755,0.08238231954063435,0.09860986708465955
SectionCumProbs: 0_3 0.15808588314326386,0.15521051593331306,0.088463609560521,0.015297859919067194,0.025180872560153122,0.046042196488646485,0.022476447913501063,0.011833357325272043,0.023013267542105854,0.017268531106881417,0.014960306670292115,0.012968642536107865,0.001856376257577454,0.054569331371325906,0.07576854176996531,0.09366452871835063
SectionCumProbs: 1_3 0.0015451474971076384,0.003787060880877358,0.018219878120951362,0.0042678993191620955,0.006424174810596973,0.007590449608931398,0.03712485938058146,0.006574124427525685,0.0008243896717369631,0.011390506123275908,0.003301224122028332,0.008152594061728594,0.013251214258675753,0.010173248455185724,0.0024285173515032287,0.0015078267035609368
SectionCumProbs: 2_3 0.003138278871632465,0.005590788161844288,0.0026980934406039578,0.001241582828169735,0.013463809493343568,0.009974648518097918,0.009483146995942698,0.005651434451357678,0.004910016900987934,0.004922012870342232,0.0064491664134184255,0.003738743782089218,0.020333834498275243,0.014940646609405906,0.004185260419165827,0.0034375116627479835
