HitRate: 36814/3000000 0.012271
CumReqs: 3000000
CumProbs: 0.008083333333333359
SectionCumProbs: 0_3 0.002576388888888884
SectionCumProbs: 1_3 0.0028055555555555503
SectionCumProbs: 2_3 0.0027013888888888847
