HitRate: 2700141/3000000 0.900047
CumReqs: 94014,94369,93642,93564,93392,93586,94056,93955,94108,93681,93602,93301,94198,93899,93450,93875,94251,94044,93761,93584,93277,93895,93615,93835,93530,93570,94074,93479,93447,93552,93972,93422
CumProbs: 0.02812499999999991,0.02812499999999991,0.02812499999999991,0.02812499999999991,0.02812499999999991,0.02812499999999991,0.02812499999999991,0.02812499999999991,0.02812499999999991,0.02812499999999991,0.02812499999999991,0.02812499999999991,0.02812499999999991,0.02812499999999991,0.02812499999999991,0.02812499999999991,0.02812499999999991,0.02812499999999991,0.02812499999999991,0.02812499999999991,0.02812499999999991,0.02812499999999991,0.02812499999999991,0.02812499999999991,0.02812499999999991,0.02812499999999991,0.02812499999999991,0.02812499999999991,0.02812499999999991,0.02812499999999991,0.02812499999999991,0.02812499999999991
SectionCumProbs: 0_3 0.009375,0.009375,0.009375,0.009375,0.009375,0.009375,0.009375,0.009375,0.009375,0.009375,0.009375,0.009375,0.009375,0.009375,0.009375,0.009375,0.009375,0.009375,0.009375,0.009375,0.009375,0.009375,0.009375,0.009375,0.009375,0.009375,0.009375,0.009375,0.009375,0.009375,0.009375,0.009375
SectionCumProbs: 1_3 0.009375,0.009375,0.009375,0.009375,0.009375,0.009375,0.009375,0.009375,0.009375,0.009375,0.009375,0.009375,0.009375,0.009375,0.009375,0.009375,0.009375,0.009375,0.009375,0.009375,0.009375,0.009375,0.009375,0.009375,0.009375,0.009375,0.009375,0.009375,0.009375,0.009375,0.009375,0.009375
SectionCumProbs: 2_3 0.009375,0.009375,0.009375,0.009375,0.009375,0.009375,0.009375,0.009375,0.009375,0.009375,0.009375,0.009375,0.009375,0.009375,0.009375,0.009375,0.009375,0.009375,0.009375,0.009375,0.009375,0.009375,0.009375,0.009375,0.009375,0.009375,0.009375,0.009375,0.009375,0.009375,0.009375,0.009375
