HitRate: 2809860/3000000 0.936620
CumReqs: 187318,187074,187356,186843,187749,188318,187339,187920,187601,187141,187570,187930,187547,187635,187369,187290
CumProbs: 0.05422916666666418,0.05403124999999755,0.05404166666666418,0.05394791666666419,0.05390624999999751,0.05412499999999743,0.05407291666666414,0.05395833333333085,0.05388541666666419,0.05391666666666418,0.05406249999999756,0.05406249999999752,0.05402083333333085,0.05392708333333085,0.05387499999999753,0.05392708333333083
SectionCumProbs: 0_3 0.01642708333333336,0.016114583333333356,0.016281250000000025,0.015947916666666697,0.01605208333333338,0.015822916666666683,0.015958333333333335,0.01603125000000005,0.01632291666666669,0.015885416666666704,0.016072916666666697,0.016281250000000025,0.016322916666666718,0.01623958333333336,0.016177083333333387,0.01582291666666672
SectionCumProbs: 1_3 0.01761458333333335,0.01737500000000002,0.01709375000000003,0.017489583333333353,0.01727083333333331,0.01765625000000002,0.017375000000000026,0.01742708333333334,0.017156250000000015,0.017177083333333336,0.01746875000000002,0.01708333333333333,0.017156250000000012,0.01714583333333337,0.017854166666666702,0.017583333333333354
SectionCumProbs: 2_3 0.02018750000000002,0.020541666666666698,0.0206666666666667,0.020510416666666708,0.02058333333333335,0.020645833333333367,0.020739583333333353,0.02050000000000003,0.020406250000000035,0.020854166666666694,0.02052083333333338,0.02069791666666671,0.020541666666666705,0.020541666666666722,0.01984375000000004,0.020520833333333342
