HitRate: 122052/30000000 0.004068
CumReqs: 3748851,3748613,3749082,3750993,3751999,3748674,3751967,3749821
CumProbs: 0.000947222222222219,0.0009486111111111075,0.001016666666666663,0.0009930555555555521,0.0009874999999999964,0.0009805555555555518,0.000981944444444441,0.0009861111111111075
SectionCumProbs: 0_3 0.00029583333333333317,0.00031111111111111107,0.00033055555555555524,0.00032638888888888854,0.0003402777777777775,0.0003194444444444442,0.00031666666666666676,0.00033472222222222204
SectionCumProbs: 1_3 0.0003083333333333333,0.00034027777777777756,0.0003458333333333332,0.0003319444444444443,0.0003069444444444444,0.000336111111111111,0.00036249999999999976,0.000322222222222222
SectionCumProbs: 2_3 0.00034305555555555554,0.0002972222222222221,0.00034027777777777767,0.00033472222222222204,0.0003402777777777779,0.00032499999999999977,0.0003027777777777777,0.00032916666666666636
