HitRate: 2998830/30000000 0.099961
CumReqs: 30000000
CumProbs: 0.0999999999995519
SectionCumProbs: 0_3 0.0333333333334477
SectionCumProbs: 1_3 0.0333333333334477
SectionCumProbs: 2_3 0.0333333333334477
