HitRate: 2699856/3000000 0.899952
CumReqs: 3000000
CumProbs: 0.9000000000098723
SectionCumProbs: 0_3 0.2999999999984809
SectionCumProbs: 1_3 0.2999999999984809
SectionCumProbs: 2_3 0.2999999999984809
