HitRate: 2186119/3000000 0.728706
CumReqs: 371474,373675,377302,377892,378705,375818,374098,371036
CumProbs: 0.0767017888369646,0.073699924895781,0.07451122167663818,0.07782423637184395,0.07579566515964337,0.07653024434718113,0.0731586213617999,0.075667912257463
SectionCumProbs: 0_3 0.02766475926315548,0.02785474231614035,0.027845523034539712,0.029434202810366315,0.027489592912743128,0.027550835283376027,0.027127736109917554,0.027302902460329934
SectionCumProbs: 1_3 0.025777440615479215,0.024338244905606085,0.025167980249664747,0.02483641537209846,0.02530330613316001,0.0242691002936012,0.024225967226112446,0.024431754761841257
SectionCumProbs: 2_3 0.023259588958329837,0.021506937674034502,0.021497718392433876,0.02355361818937918,0.023002766113740233,0.024710308770203818,0.02180491802576986,0.023933255035291735
