HitRate: 1574691/3000000 0.524897
CumReqs: 187104,187169,187332,188045,187802,188321,188447,188398,188634,188912,187645,186587,186216,186521,185559,187308
CumProbs: 0.05596812171708028,0.05694254963118301,0.05634466565523798,0.056851487813835075,0.05651416027876877,0.056510504512378934,0.05688771313533481,0.056382552688733094,0.057019320725370505,0.05750387594322923,0.05681725654672985,0.05657963173138759,0.05619045878206484,0.05634333628564164,0.05568795707465576,0.05607845939357484
SectionCumProbs: 0_3 0.01868030156749293,0.019010317569779438,0.01872417076417149,0.01890031223568393,0.018947172513954228,0.0187540815800887,0.019134945969434467,0.018787648162395792,0.019092073799953143,0.01915422182858111,0.01900400306419692,0.018786983477597625,0.018758069688877655,0.018669666610722366,0.018707885986616574,0.019123978670264823
SectionCumProbs: 1_3 0.018958139813123866,0.019230660580369534,0.018802935912753473,0.01911533776788875,0.01884979619102377,0.019081106500783495,0.01884614042463387,0.01867664580110304,0.019024275950540806,0.019111017316700698,0.01903191982571964,0.019050198657669045,0.018722841394575175,0.018794295010377392,0.01839548413148129,0.018615162457273227
SectionCumProbs: 2_3 0.01832968033646344,0.018701571481034057,0.018817558978312998,0.018835837810262403,0.018717191573790804,0.01867531643150673,0.018906626741266464,0.018918258725234255,0.018902970974876584,0.019238636797947458,0.01878133365681326,0.0187424495961209,0.01870954769861197,0.01887937466454189,0.01858458695655786,0.018339318266036766
