HitRate: 1413883/3000000 0.471294
CumReqs: 93881,92971,93361,92641,93426,93549,94400,93671,93696,93574,93863,94111,93498,94122,93749,94194,93385,93972,93676,94171,94290,93141,93631,93013,93251,93774,93147,93282,94214,94251,95535,94560
CumProbs: 0.02992401567862465,0.02939895202522726,0.02964879929807366,0.029553216700359108,0.029658280681761188,0.0296698120943541,0.029694924948445247,0.02980024518346067,0.029794863857583988,0.02976488218484239,0.0299191468599744,0.02987148368792361,0.02980332022681885,0.029621892668690326,0.029715937744725845,0.029863283572301776,0.02962932402347221,0.02958345462671376,0.030008835624585752,0.029913765534097605,0.03030403978696452,0.029719269041697062,0.02976103838064482,0.02992299066417176,0.029553985461198626,0.02962445520482197,0.029743356881335604,0.02988173383245069,0.029923759425011465,0.0302048696386655,0.03012184346799656,0.029972447611514914
SectionCumProbs: 0_3 0.010324970582085676,0.010052316737666486,0.010050266708761049,0.010114842619281379,0.010101773685009434,0.009956734139951877,0.010051035469600582,0.010209400202543318,0.0102855075256566,0.010346495885592426,0.010364946145741108,0.010208118934477447,0.010205043891119295,0.01007845460621042,0.010057441809930005,0.010061029360514423,0.010071792012267817,0.010180699797867612,0.010343933349460686,0.010279869946166746,0.010294732655730944,0.010356233522893162,0.01028397000397756,0.010205812651958891,0.010163274552171671,0.010041041578686731,0.01024091939696399,0.010320358017048576,0.010239381875284895,0.010334708219386366,0.010359052312638105,0.0103406020524894
SectionCumProbs: 1_3 0.009928289988889304,0.00968766784611711,0.009885751889102134,0.009912146011259238,0.009867557882566583,0.010008497369813364,0.009979284457911323,0.010097673627198636,0.009815025891865533,0.009670242600421142,0.009807082029857087,0.009869864165085222,0.009933158807539654,0.010006447340907956,0.0100679482080702,0.010030791434159686,0.009949815292396094,0.009806825776243953,0.010007216101747485,0.010006959848134336,0.010247069483680215,0.009738662315139117,0.009850388890483827,0.010086654721832036,0.009879858055999056,0.009902152120345389,0.009906764685382551,0.00997108434228974,0.009993122153022834,0.010106642503659781,0.009987484573532976,0.009771206524012453
SectionCumProbs: 2_3 0.009670755107647542,0.00965896744144141,0.00971278070020837,0.009526228069816269,0.009688949114182971,0.009704580584586722,0.009664605020931239,0.009493171353716561,0.009694330440059679,0.009748143698826579,0.009747118684373916,0.009793500588358744,0.009665117528157617,0.009536990721569653,0.009590547726723402,0.009771462777625651,0.009607716718806234,0.009595929052600123,0.00965768617337552,0.00962693573979444,0.009762237647551308,0.009624373203662656,0.009626679486181249,0.009630523290378883,0.009510852853025688,0.009681261505787712,0.009595672798986933,0.009590291473110253,0.00969125539670157,0.009763518915617185,0.0097753065818233,0.009860639035010874
