HitRate: 1510590/3000000 0.503530
CumReqs: 3000000
CumProbs: 0.5149427536302524
SectionCumProbs: 0_3 0.17310219561268697
SectionCumProbs: 1_3 0.17169736872140437
SectionCumProbs: 2_3 0.1701431892961826
