HitRate: 30358/3000000 0.010119
CumReqs: 3000000
CumProbs: 0.011740121884010366
SectionCumProbs: 0_3 0.00392335790715196
SectionCumProbs: 1_3 0.003908714786623103
SectionCumProbs: 2_3 0.003908049190235431
