HitRate: 1992237/3000000 0.664079
CumReqs: 182709,183634,196615,225406,220786,199737,172260,162640,157186,162502,171259,181287,197541,191464,205573,189401
CumProbs: 0.07993573064471268,0.0799680509239597,0.08036133432192841,0.0838474444419196,0.09273904126531606,0.08753835633139835,0.08690667087363597,0.0689013953080554,0.06880731449519696,0.06190741488006461,0.08949869326870943,0.08629738560941144,0.09566514654686582,0.08654090771344211,0.08575786094791837,0.0754518519040003
SectionCumProbs: 0_3 0.05617168532336112,0.05993683785427892,0.06340566782496991,0.06661081551744592,0.07421792124283937,0.06736058199542824,0.07047324888887024,0.051928128659031444,0.05323021990909989,0.0462387995032277,0.05870866724288489,0.06300694437999935,0.07837699717725555,0.06410935390481759,0.06353686895854768,0.05090827984753771
SectionCumProbs: 1_3 0.013895480056947724,0.008947917310005542,0.011475939152114315,0.011704101123433732,0.012030183940789264,0.010978974858342788,0.009588882847947807,0.01100009504082116,0.009880725369467196,0.010643931963572188,0.02263507556705296,0.011698981079196539,0.009903765568534529,0.015839496853252904,0.010738332779195234,0.011803941986058799
SectionCumProbs: 2_3 0.009868565264403913,0.011083295759675345,0.005479727344844238,0.005532527801040171,0.0064909360816877105,0.0091987994776275,0.006844539136818104,0.005973171608202663,0.005696369216630004,0.005024683413264663,0.008154950458771962,0.01159146015021572,0.00738438380107601,0.00659205695537206,0.01148265921017559,0.012739630070403818
