HitRate: 1680471/3000000 0.560157
CumReqs: 3000000
CumProbs: 0.4411393229164294
SectionCumProbs: 0_3 0.1415364583333151
SectionCumProbs: 1_3 0.14630859374998098
SectionCumProbs: 2_3 0.15329427083331496
