HitRate: 304320/3000000 0.101440
CumReqs: 3000000
CumProbs: 0.1576454512127913
SectionCumProbs: 0_3 0.05342282415705065
SectionCumProbs: 1_3 0.052531621458085584
SectionCumProbs: 2_3 0.05169100559767675
