HitRate: 1015967/3000000 0.338656
CumReqs: 187508,187461,188168,187483,187428,187486,187638,186855,187353,187417,186963,187574,187371,187955,187774,187566
CumProbs: 0.05114583333333337,0.04802083333333336,0.04864583333333336,0.04958333333333342,0.04906250000000004,0.04656250000000007,0.05062500000000008,0.04812500000000008,0.04843750000000008,0.04802083333333339,0.04916666666666671,0.05000000000000006,0.0496875000000001,0.048854166666666705,0.04947916666666674,0.04645833333333337
SectionCumProbs: 0_3 0.01697916666666667,0.01489583333333333,0.01572916666666667,0.015729166666666673,0.015208333333333338,0.015312500000000007,0.016354166666666666,0.015937500000000007,0.016562500000000008,0.015833333333333335,0.015729166666666676,0.015937500000000018,0.016249999999999997,0.014270833333333338,0.016145833333333342,0.014166666666666673
SectionCumProbs: 1_3 0.017083333333333336,0.016562500000000004,0.016770833333333332,0.017083333333333336,0.016562500000000008,0.015625000000000007,0.01718750000000001,0.016041666666666673,0.015416666666666672,0.017083333333333343,0.01666666666666667,0.01614583333333334,0.016250000000000007,0.01739583333333334,0.01625,0.01677083333333334
SectionCumProbs: 2_3 0.017083333333333346,0.0165625,0.016145833333333335,0.016770833333333342,0.01729166666666666,0.015625000000000003,0.017083333333333343,0.016145833333333335,0.01645833333333334,0.015104166666666675,0.01677083333333334,0.01791666666666666,0.017187500000000005,0.01718750000000001,0.017083333333333336,0.015520833333333343
