HitRate: 2851910/3000000 0.950637
CumReqs: 94033,93499,94516,93549,93402,93714,93864,93618,93815,93793,93642,93620,93288,93930,93304,93391,93976,93522,93712,93572,93590,94149,93905,93618,94015,93674,93613,94082,93717,93684,93976,94217
CumProbs: 0.02677083333333328,0.026458333333333302,0.026562499999999965,0.026631944444444427,0.026423611111111068,0.026527777777777744,0.026388888888888868,0.026631944444444423,0.02663194444444441,0.02642361111111109,0.02663194444444441,0.026458333333333285,0.02652777777777774,0.026666666666666627,0.026562499999999965,0.02656249999999996,0.02659722222222218,0.02649305555555553,0.026562499999999958,0.02642361111111106,0.026840277777777755,0.026493055555555527,0.026493055555555523,0.026631944444444423,0.02649305555555552,0.026631944444444403,0.026631944444444406,0.026562499999999958,0.026597222222222185,0.026666666666666634,0.026423611111111064,0.02635416666666663
SectionCumProbs: 0_3 0.007777777777777779,0.00756944444444445,0.007916666666666674,0.006562500000000004,0.007430555555555558,0.00788194444444445,0.007534722222222224,0.007708333333333335,0.007395833333333338,0.007569444444444448,0.007291666666666671,0.007569444444444445,0.007569444444444446,0.0076041666666666705,0.007777777777777778,0.008124999999999999,0.007951388888888893,0.007777777777777781,0.00711805555555556,0.00746527777777778,0.007881944444444447,0.0073958333333333385,0.007048611111111113,0.007534722222222222,0.00711805555555556,0.007916666666666673,0.007673611111111116,0.007812500000000003,0.007777777777777779,0.007638888888888894,0.006979166666666672,0.007361111111111119
SectionCumProbs: 1_3 0.008645833333333337,0.008194444444444443,0.008194444444444443,0.008437500000000004,0.008541666666666666,0.008159722222222223,0.008402777777777783,0.008680555555555556,0.008333333333333335,0.008611111111111113,0.008263888888888894,0.008090277777777783,0.008229166666666671,0.008715277777777784,0.008368055555555557,0.008159722222222226,0.008750000000000004,0.008506944444444442,0.009166666666666667,0.008368055555555554,0.008472222222222225,0.008333333333333335,0.00850694444444445,0.00875,0.008645833333333337,0.00809027777777778,0.008784722222222222,0.008333333333333337,0.008680555555555556,0.008506944444444447,0.008125000000000002,0.00822916666666667
SectionCumProbs: 2_3 0.010347222222222221,0.010694444444444437,0.010451388888888882,0.011631944444444433,0.010451388888888885,0.010486111111111106,0.010451388888888889,0.01024305555555555,0.010902777777777772,0.010243055555555552,0.01107638888888888,0.010798611111111104,0.010729166666666658,0.010347222222222218,0.01041666666666666,0.010277777777777775,0.009895833333333331,0.01020833333333333,0.010277777777777771,0.010590277777777771,0.01048611111111111,0.010763888888888885,0.010937499999999994,0.010347222222222216,0.010729166666666661,0.010624999999999994,0.010173611111111107,0.010416666666666668,0.010138888888888883,0.010520833333333332,0.011319444444444436,0.010763888888888882
