HitRate: 2954491/3000000 0.984830
CumReqs: 3000000
CumProbs: 0.9857286700439416
SectionCumProbs: 0_3 0.8153117964681849
SectionCumProbs: 1_3 0.10769839229179379
SectionCumProbs: 2_3 0.0627184812839682
