HitRate: 364317/3000000 0.121439
CumReqs: 3000000
CumProbs: 0.07917187499999305
SectionCumProbs: 0_3 0.02592534722222169
SectionCumProbs: 1_3 0.026527777777777265
SectionCumProbs: 2_3 0.026718749999999472
