HitRate: 2939818/3000000 0.979939
CumReqs: 3000000
CumProbs: 0.980255243357177
SectionCumProbs: 0_3 0.38497559128326025
SectionCumProbs: 1_3 0.3516641171923581
SectionCumProbs: 2_3 0.24361553488155938
