HitRate: 2641485/3000000 0.880495
CumReqs: 81612,79804,92211,99861,116239,100100,102709,82520,96124,85370,88203,73631,76982,79134,86468,87595,85955,82521,94281,104687,120449,108211,99636,106276,103020,103171,91121,97055,105686,92942,92433,83993
CumProbs: 0.07027097548231577,0.06705528805414558,0.07266051736740503,0.0782332585295653,0.08811438898930002,0.0891414750259943,0.08624568077064863,0.07273649359477691,0.07492509498626408,0.0705265318834757,0.07720220740358111,0.07246392568143373,0.07434542451076735,0.07371088231550249,0.07391335768238795,0.07371139393992607,0.07638910828337987,0.07079871607849766,0.08238291634875412,0.0907443943549685,0.10022364382751553,0.09480937833153083,0.0876848802830676,0.08283263421985412,0.07435245934663162,0.07401939184483095,0.0742331229490958,0.08393288254956931,0.09668409813720953,0.08515310680734262,0.08002778120635648,0.07264990116055006
SectionCumProbs: 0_3 0.04838304297581639,0.0485236117870635,0.04307366048731317,0.051082373451300976,0.055431436890811,0.057109437104414455,0.04979244036538024,0.04414692062850846,0.05022911181360354,0.047419654180263206,0.04944159391474279,0.04748693279237981,0.047074947222746875,0.05046535439265174,0.056270884668986595,0.056481673932803775,0.05593231720459098,0.05198359987900501,0.055199926837711175,0.057820595057584245,0.05976732600133324,0.06030005493567688,0.04805764984040907,0.05395412135859706,0.05075595706704042,0.05278019911144053,0.05104016443609494,0.05850911362987079,0.0595464321550878,0.05772377013482366,0.051330255486056756,0.05026390227462241
SectionCumProbs: 1_3 0.014087706496416054,0.010567858346545979,0.01757864786617564,0.018936627000852826,0.02034896623087074,0.013184945195432063,0.015034211685887007,0.012401008667558293,0.014443669191321114,0.016836025010761424,0.019440449155086203,0.014212542856540887,0.015881845454889867,0.012263509602871694,0.006877127638143904,0.007395658994645731,0.011841035732490506,0.010375871280411583,0.014574772950673621,0.016682665588845846,0.02780052019413771,0.019418960929162763,0.02043325635517661,0.017260929097169662,0.01498292133710614,0.01409947385823137,0.00991144420703745,0.010895937510193486,0.014943014631820191,0.010610962704498858,0.01852643211671274,0.014346076831920249
SectionCumProbs: 2_3 0.00780022601009116,0.007963817920541669,0.012008209013927913,0.008214258077431171,0.01233398586765501,0.018847092726172663,0.021419028719399134,0.016188564298720842,0.010252313981353617,0.0062708526924559705,0.008320164333766436,0.010764450032520932,0.011388631833144867,0.010982018319992619,0.01076534537526788,0.00983406101249268,0.008615755346316199,0.008439244919090651,0.012608216560388606,0.0162411337085683,0.012655797632075314,0.015090362466721725,0.01919397408750311,0.011617583764111488,0.008613580942502311,0.007139718875168616,0.013281514305979469,0.014527831409520374,0.022194651350338268,0.016818373968039053,0.010171093603608312,0.008039922054019233
