HitRate: 1756638/3000000 0.585546
CumReqs: 3000000
CumProbs: 0.5863648933905341
SectionCumProbs: 0_3 0.5017995380290363
SectionCumProbs: 1_3 0.054743492052123914
SectionCumProbs: 2_3 0.02982186330938623
