HitRate: 2957260/3000000 0.985753
CumReqs: 3000000
CumProbs: 0.9534982963856611
SectionCumProbs: 0_3 0.5778342712423234
SectionCumProbs: 1_3 0.17409577083943878
SectionCumProbs: 2_3 0.20156825430388756
