HitRate: 2699763/3000000 0.899921
CumReqs: 188023,187614,187577,187779,186661,186842,187677,188112,187778,187027,188174,187065,187548,187348,187405,187370
CumProbs: 0.05624999999999982,0.05624999999999982,0.05624999999999982,0.05624999999999982,0.05624999999999982,0.05624999999999982,0.05624999999999982,0.05624999999999982,0.05624999999999982,0.05624999999999982,0.05624999999999982,0.05624999999999982,0.05624999999999982,0.05624999999999982,0.05624999999999982,0.05624999999999982
SectionCumProbs: 0_3 0.01875,0.01875,0.01875,0.01875,0.01875,0.01875,0.01875,0.01875,0.01875,0.01875,0.01875,0.01875,0.01875,0.01875,0.01875,0.01875
SectionCumProbs: 1_3 0.01875,0.01875,0.01875,0.01875,0.01875,0.01875,0.01875,0.01875,0.01875,0.01875,0.01875,0.01875,0.01875,0.01875,0.01875,0.01875
SectionCumProbs: 2_3 0.01875,0.01875,0.01875,0.01875,0.01875,0.01875,0.01875,0.01875,0.01875,0.01875,0.01875,0.01875,0.01875,0.01875,0.01875,0.01875
