HitRate: 2810411/3000000 0.936804
CumReqs: 3000000
CumProbs: 0.8634973958317839
SectionCumProbs: 0_3 0.25714322916685406
SectionCumProbs: 1_3 0.2791223958334618
SectionCumProbs: 2_3 0.32723177083337096
