HitRate: 16809192/30000000 0.560306
CumReqs: 936827,937330,937958,937907,936851,937522,936608,939647,935942,937215,937698,937944,938234,936933,937774,936028,937379,938260,936572,936722,937124,936723,938856,939216,938428,936488,938371,937300,937499,937492,938516,936636
CumProbs: 0.013722395833332072,0.013781770833332062,0.0137463541666654,0.013709895833332077,0.013618749999998752,0.013695312499998741,0.013777083333332064,0.013757291666665401,0.013809374999998729,0.013787499999998733,0.013766666666665404,0.013690624999998745,0.013693229166665408,0.013735416666665405,0.013734374999998735,0.013817187499998725,0.01373645833333207,0.013779687499998729,0.01369479166666541,0.013663020833332077,0.013734374999998737,0.013777604166665399,0.013733854166665406,0.013772916666665401,0.013692708333332075,0.013720312499998735,0.013741145833332066,0.013698958333332076,0.013734374999998737,0.013771874999998738,0.01373958333333207,0.013748958333332072
SectionCumProbs: 0_3 0.004394791666666431,0.004389583333333095,0.004430208333333092,0.004403645833333101,0.004407291666666427,0.0044104166666664255,0.004472916666666422,0.004410416666666427,0.00438697916666643,0.00441718749999976,0.004417187499999759,0.004421874999999759,0.004402604166666427,0.004394791666666431,0.004398958333333096,0.004460937499999757,0.004390104166666429,0.004429687499999755,0.00440156249999976,0.004354687499999767,0.004377083333333097,0.004392708333333095,0.0044406249999997555,0.004411458333333093,0.004370833333333101,0.004385937499999762,0.004403645833333096,0.004386458333333095,0.004389062499999763,0.004452604166666422,0.00439999999999976,0.004403124999999763
SectionCumProbs: 1_3 0.0045249999999997514,0.004584895833333074,0.0045432291666664135,0.004528124999999748,0.004521874999999749,0.004549479166666414,0.00454843749999975,0.004543229166666411,0.00462708333333307,0.00461041666666641,0.004550520833333083,0.0045291666666664185,0.004552604166666421,0.004559374999999747,0.00454843749999975,0.004580208333333079,0.0045229166666664175,0.004563541666666412,0.004568749999999747,0.0045302083333330825,0.004581249999999749,0.004572916666666411,0.004552083333333081,0.004566666666666412,0.004573437499999741,0.0045427083333330785,0.004565104166666411,0.004543229166666414,0.00455052083333308,0.0045770833333330764,0.004579687499999742,0.004540104166666418
SectionCumProbs: 2_3 0.004802604166666393,0.004807291666666389,0.004772916666666397,0.004778124999999727,0.004689583333333065,0.004735416666666394,0.004755729166666396,0.00480364583333306,0.004795312499999722,0.004759895833333062,0.004798958333333055,0.004739583333333062,0.004738020833333061,0.004781249999999725,0.004786979166666397,0.004776041666666392,0.004823437499999725,0.004786458333333061,0.004724479166666398,0.004778124999999728,0.00477604166666639,0.004811979166666391,0.0047411458333330644,0.004794791666666393,0.0047484374999997294,0.004791666666666394,0.004772395833333056,0.0047692708333330605,0.004794791666666392,0.004742187499999729,0.004759895833333062,0.004805729166666388
