HitRate: 2030496/3000000 0.676832
CumReqs: 3000000
CumProbs: 0.11170128257096412
SectionCumProbs: 0_3 0.03974814219227808
SectionCumProbs: 1_3 0.03515004518159073
SectionCumProbs: 2_3 0.03680309519709533
