HitRate: 30325/3000000 0.010108
CumReqs: 3000000
CumProbs: 0.010467639887596141
SectionCumProbs: 0_3 0.0034628884128194894
SectionCumProbs: 1_3 0.0035348653082360572
SectionCumProbs: 2_3 0.003469886166540543
