HitRate: 2957233/3000000 0.985744
CumReqs: 121372,54962,72044,97562,143187,43517,75066,75408,101894,50534,58766,55976,81028,180177,60424,52364,369447,64933,53665,58528,153756,72675,121699,92221,64271,58553,91510,76819,60280,43898,74844,218620
CumProbs: 0.04000299031176842,0.017911904405915276,0.023596651103166392,0.032078348691801706,0.04726143589219486,0.014039009058625887,0.024711393907965288,0.024730635365546684,0.03356025635930175,0.016401607702639372,0.019177739967787908,0.01828064643727064,0.026558258402050568,0.05960057257530823,0.019723755755877002,0.017057394429061793,0.12274409681544415,0.021190207170565734,0.01744096184576679,0.01906418382468445,0.05074950208785587,0.023758468607088804,0.04013862681603086,0.03030718829311867,0.020991483920134706,0.01910960628192583,0.030128968235192434,0.02521104093762044,0.01967423266013466,0.014128276804454432,0.0244697716701396,0.07249329545605096
SectionCumProbs: 0_3 0.03558944154981423,0.01252776605415745,0.01845034978446412,0.02719164933358315,0.042224274644364214,0.00912360523090064,0.019476455710896155,0.01985339901925344,0.028592490532256577,0.01101179154372638,0.014341825440235089,0.013956365421145036,0.022099918050316712,0.05504634036939816,0.014831378590503303,0.012468464512758981,0.11790061187835107,0.016398137931600096,0.012840676315153624,0.014084116082136423,0.045575442600839434,0.01877240762365476,0.03442012870957954,0.025328382285494028,0.015983027141810793,0.01358415361875039,0.024986767554991157,0.020260623965771645,0.014294510380608645,0.009580037839430355,0.019667608551786956,0.06795704297279881
SectionCumProbs: 1_3 0.0026799249772414564,0.0037315810358717555,0.0034584154249617852,0.003189981320014459,0.003185249814051816,0.0030720091046792073,0.0033864965343295985,0.0030669621649857186,0.0031104920198420437,0.003391858907753929,0.0030543448157520033,0.0026231469056897296,0.0025222081118199957,0.0027833872409579337,0.003142035392926335,0.0029057755285249887,0.0029322719619157924,0.0029568757929215417,0.0030215397077443394,0.0030404657315949153,0.0032158468859435794,0.0032524371987213575,0.0038719490460968555,0.0031726324648180984,0.0031369884532328482,0.0036423132900432077,0.003403529955795117,0.003163800320354496,0.003282403403151437,0.0026411266283477785,0.0030944048995690536,0.002694434928860231
SectionCumProbs: 2_3 0.0017336237847126934,0.001652557315886063,0.00168788589374047,0.001696718038204072,0.0018519114337787882,0.0018433947230460303,0.0018484416627395168,0.0018102741813075232,0.0018572738072031181,0.0019979572511590617,0.0017815697118008175,0.0017011341104358727,0.001936132239913849,0.0017708449649521587,0.0017503417724473677,0.001683154387777826,0.0019112129751772575,0.0018351934460441148,0.0015787458228688194,0.0019396020109531203,0.0019582126010728534,0.0017336237847126932,0.0018465490603544587,0.0018061735428065656,0.0018714683250910498,0.0018831393731322383,0.0017386707244061808,0.001786616651494305,0.002097318876374581,0.0019071123366763002,0.0017077582187835746,0.0018418175543918158
