HitRate: 15000240/30000000 0.500008
CumReqs: 938559,936482,935716,938525,937413,937268,937690,939278,936493,936075,939132,938881,937488,938901,937606,935819,938627,936656,936557,938160,938139,936972,937154,938699,938171,936630,939632,936640,935798,937809,936588,936442
CumProbs: 0.015624999999998584,0.015624999999998584,0.015624999999998584,0.015624999999998584,0.015624999999998584,0.015624999999998584,0.015624999999998584,0.015624999999998584,0.015624999999998584,0.015624999999998584,0.015624999999998584,0.015624999999998584,0.015624999999998584,0.015624999999998584,0.015624999999998584,0.015624999999998584,0.015624999999998584,0.015624999999998584,0.015624999999998584,0.015624999999998584,0.015624999999998584,0.015624999999998584,0.015624999999998584,0.015624999999998584,0.015624999999998584,0.015624999999998584,0.015624999999998584,0.015624999999998584,0.015624999999998584,0.015624999999998584,0.015624999999998584,0.015624999999998584
SectionCumProbs: 0_3 0.005208333333333065,0.005208333333333065,0.005208333333333065,0.005208333333333065,0.005208333333333065,0.005208333333333065,0.005208333333333065,0.005208333333333065,0.005208333333333065,0.005208333333333065,0.005208333333333065,0.005208333333333065,0.005208333333333065,0.005208333333333065,0.005208333333333065,0.005208333333333065,0.005208333333333065,0.005208333333333065,0.005208333333333065,0.005208333333333065,0.005208333333333065,0.005208333333333065,0.005208333333333065,0.005208333333333065,0.005208333333333065,0.005208333333333065,0.005208333333333065,0.005208333333333065,0.005208333333333065,0.005208333333333065,0.005208333333333065,0.005208333333333065
SectionCumProbs: 1_3 0.005208333333333065,0.005208333333333065,0.005208333333333065,0.005208333333333065,0.005208333333333065,0.005208333333333065,0.005208333333333065,0.005208333333333065,0.005208333333333065,0.005208333333333065,0.005208333333333065,0.005208333333333065,0.005208333333333065,0.005208333333333065,0.005208333333333065,0.005208333333333065,0.005208333333333065,0.005208333333333065,0.005208333333333065,0.005208333333333065,0.005208333333333065,0.005208333333333065,0.005208333333333065,0.005208333333333065,0.005208333333333065,0.005208333333333065,0.005208333333333065,0.005208333333333065,0.005208333333333065,0.005208333333333065,0.005208333333333065,0.005208333333333065
SectionCumProbs: 2_3 0.005208333333333065,0.005208333333333065,0.005208333333333065,0.005208333333333065,0.005208333333333065,0.005208333333333065,0.005208333333333065,0.005208333333333065,0.005208333333333065,0.005208333333333065,0.005208333333333065,0.005208333333333065,0.005208333333333065,0.005208333333333065,0.005208333333333065,0.005208333333333065,0.005208333333333065,0.005208333333333065,0.005208333333333065,0.005208333333333065,0.005208333333333065,0.005208333333333065,0.005208333333333065,0.005208333333333065,0.005208333333333065,0.005208333333333065,0.005208333333333065,0.005208333333333065,0.005208333333333065,0.005208333333333065,0.005208333333333065,0.005208333333333065
