HitRate: 2951000/3000000 0.983667
CumReqs: 3000000
CumProbs: 0.9840364563892829
SectionCumProbs: 0_3 0.8075178750861302
SectionCumProbs: 1_3 0.10942466104555781
SectionCumProbs: 2_3 0.06709392025759417
