HitRate: 29401484/30000000 0.980049
CumReqs: 30000000
CumProbs: 0.9800079197701405
SectionCumProbs: 0_3 0.3880410617297557
SectionCumProbs: 1_3 0.3497413504766945
SectionCumProbs: 2_3 0.24222550756372652
