HitRate: 1680429/3000000 0.560143
CumReqs: 3000000
CumProbs: 0.4413229166668146
SectionCumProbs: 0_3 0.14179166666666282
SectionCumProbs: 1_3 0.14673958333333117
SectionCumProbs: 2_3 0.15279166666666608
