HitRate: 2700114/3000000 0.900038
CumReqs: 3000000
CumProbs: 0.8999999999993084
SectionCumProbs: 0_3 0.29999999999985405
SectionCumProbs: 1_3 0.29999999999985405
SectionCumProbs: 2_3 0.29999999999985405
