HitRate: 29980/3000000 0.009993
CumReqs: 375047,375270,375147,374698,374207,375461,375518,374652
CumProbs: 0.0012499999999999996,0.0012499999999999996,0.0012499999999999996,0.0012499999999999996,0.0012499999999999996,0.0012499999999999996,0.0012499999999999996,0.0012499999999999996
SectionCumProbs: 0_3 0.00041666666666666675,0.00041666666666666675,0.00041666666666666675,0.00041666666666666675,0.00041666666666666675,0.00041666666666666675,0.00041666666666666675,0.00041666666666666675
SectionCumProbs: 1_3 0.00041666666666666675,0.00041666666666666675,0.00041666666666666675,0.00041666666666666675,0.00041666666666666675,0.00041666666666666675,0.00041666666666666675,0.00041666666666666675
SectionCumProbs: 2_3 0.00041666666666666675,0.00041666666666666675,0.00041666666666666675,0.00041666666666666675,0.00041666666666666675,0.00041666666666666675,0.00041666666666666675,0.00041666666666666675
