HitRate: 3001608/30000000 0.100054
CumReqs: 30000000
CumProbs: 0.10000000000023909
SectionCumProbs: 0_3 0.03333333333332997
SectionCumProbs: 1_3 0.03333333333332997
SectionCumProbs: 2_3 0.03333333333332997
