HitRate: 301498/3000000 0.100499
CumReqs: 3000000
CumProbs: 0.10000000000000146
SectionCumProbs: 0_3 0.03333333333333326
SectionCumProbs: 1_3 0.03333333333333326
SectionCumProbs: 2_3 0.03333333333333326
