HitRate: 16459595/30000000 0.548653
CumReqs: 2609457,4188550,3264791,2767400,7149580,3146966,2770534,4102722
CumProbs: 0.031205592165614415,0.08474543282623448,0.05066284538149193,0.035606586751130945,0.1816420339325138,0.049083589102351825,0.03640281373304408,0.08145707638023374
SectionCumProbs: 0_3 0.019935469320832146,0.07346284550147089,0.03916022999031872,0.02358852845249182,0.1683360349149414,0.03642600966370466,0.021188582816287927,0.0719203494400299
SectionCumProbs: 1_3 0.007658023194130978,0.007893215266935006,0.0073215155621198895,0.009437477685164767,0.008590926198513905,0.010190912174307553,0.009088538900658857,0.0056465094140317985
SectionCumProbs: 2_3 0.003612099650651287,0.0033893720578286545,0.004181099829053323,0.0025805806134743766,0.0047150728190584424,0.002466667264339591,0.0061256920160973095,0.003890217526171992
