HitRate: 907629/3000000 0.302543
CumReqs: 187425,187521,186529,187530,187737,187231,187621,187102,187205,187455,187975,187938,187005,188453,187850,187423
CumProbs: 0.06257487495990616,0.06255953784152367,0.06255783371725901,0.0627685770846652,0.062288298062718905,0.0626282708535348,0.06252261514912107,0.062351350660514164,0.06248086410463476,0.06246439090340885,0.06244479347436441,0.06265014044826565,0.06249875740941453,0.06266803375304532,0.06257686310488188,0.06268592705782501
SectionCumProbs: 0_3 0.02135324507863201,0.021266902782551826,0.021433906960496508,0.021418285821402958,0.021254973912698514,0.021243613084266914,0.02134074816735707,0.02126945896894891,0.021381647149711108,0.021257814119806574,0.02137426261123053,0.021483894605595643,0.02134046414664637,0.021376534776916832,0.021372842507676595,0.021314618261964638
SectionCumProbs: 1_3 0.020778671180703423,0.020867569663180676,0.020908752666245308,0.020985154237447873,0.020831215012199616,0.02100645579075725,0.02095419597997167,0.02074231652972226,0.020805653148228572,0.020861037186832528,0.0207528252960215,0.020812469645287494,0.020832919136464345,0.020914433080461148,0.02085933306256793,0.021002195480095374
SectionCumProbs: 2_3 0.020442958700549223,0.020425065395769635,0.020215174090495575,0.02036513702579287,0.020202109137799143,0.020378201978489125,0.02022767100177027,0.02033957516182166,0.020293563806673576,0.020345539596748306,0.020317705567090873,0.02035377619736117,0.020325374126282124,0.020377065895645963,0.02034468753461583,0.020369113315743932
