HitRate: 3000813/30000000 0.100027
CumReqs: 30000000
CumProbs: 0.09999999999999021
SectionCumProbs: 0_3 0.03333333333333088
SectionCumProbs: 1_3 0.03333333333333088
SectionCumProbs: 2_3 0.03333333333333088
