HitRate: 1355987/3000000 0.451996
CumReqs: 393445,329184,262443,446746,416125,373798,416774,361485
CumProbs: 0.02064529159370519,0.013936613338968057,0.008697051967676762,0.016722869497227406,0.01525075305571646,0.017703724984518943,0.013061075668184888,0.02570387962840141
SectionCumProbs: 0_3 0.011874917095547922,0.010060517750384777,0.0018513938946328574,0.004641316179416233,0.003679791177433192,0.009366953268885052,0.004557328553593103,0.01731578214143116
SectionCumProbs: 1_3 0.004210379670728513,0.0012464830181686563,0.0014201241017156806,0.0036201333003604134,0.005284554742267973,0.006441384302712734,0.005055588476631109,0.0014107921432908884
SectionCumProbs: 2_3 0.004559994827428759,0.002629612570414625,0.005425533971328224,0.008461420017450762,0.0062864071360152944,0.001895387412921163,0.0034481586379606737,0.006977305343679364
