HitRate: 1882887/3000000 0.627629
CumReqs: 374513,375438,373408,374496,375158,375978,375320,375689
CumProbs: 0.07785109125994272,0.07831483537365168,0.07733389202275448,0.0783938706328587,0.07878967879435333,0.07772474247064697,0.07954724381831708,0.0789700034753642
SectionCumProbs: 0_3 0.026976794473688028,0.02722865882310315,0.026783304771683728,0.0269546271057971,0.027285575319454577,0.02737081119245231,0.028404088279228683,0.027386593941776064
SectionCumProbs: 1_3 0.026283419342431422,0.026409889644315697,0.02631283927594873,0.026369915474559063,0.026487331352722132,0.02596335865668403,0.026122564449851504,0.026407556602620674
SectionCumProbs: 2_3 0.024590877443823416,0.024676286906232976,0.024237747975122056,0.02506932805250271,0.02501677212217648,0.024390572621510596,0.025020591089236818,0.025175852930967475
