HitRate: 35194/3000000 0.011731
CumReqs: 187404,187124,187439,187119,187825,188087,187400,187833,187591,187100,187708,187717,187562,187799,187147,187145
CumProbs: 0.0005104166666666666,0.0005208333333333332,0.0004687499999999999,0.0005104166666666666,0.0005104166666666665,0.0005833333333333334,0.0005208333333333332,0.0004270833333333332,0.0005208333333333332,0.0005520833333333335,0.0005104166666666666,0.0005729166666666667,0.0005208333333333333,0.0005312499999999999,0.0005208333333333331,0.0005104166666666666
SectionCumProbs: 0_3 0.00015624999999999998,0.00018750000000000003,0.00017708333333333332,0.0001354166666666667,0.00015624999999999998,0.00017708333333333335,0.00019791666666666663,0.00012500000000000003,0.00020833333333333335,0.00021875,0.00014583333333333335,0.00021875000000000003,0.0001875,0.0001979166666666667,0.00017708333333333335,0.00021875
SectionCumProbs: 1_3 0.00018749999999999998,0.00017708333333333332,0.00014583333333333335,0.0001979166666666667,0.0001875,0.00020833333333333332,0.00016666666666666666,0.00016666666666666666,0.00014583333333333335,0.00015625000000000003,0.0001979166666666667,0.00017708333333333335,0.00017708333333333335,0.00018749999999999998,0.00014583333333333335,0.0001666666666666667
SectionCumProbs: 2_3 0.0001666666666666667,0.00015624999999999998,0.00014583333333333335,0.00017708333333333335,0.0001666666666666667,0.00019791666666666666,0.00015625000000000003,0.00013541666666666671,0.0001666666666666667,0.00017708333333333332,0.0001666666666666667,0.00017708333333333335,0.00015625,0.00014583333333333335,0.0001979166666666667,0.000125
