HitRate: 2266559/3000000 0.755520
CumReqs: 3000000
CumProbs: 0.5234198661273973
SectionCumProbs: 0_3 0.3915197447904104
SectionCumProbs: 1_3 0.08196144340347371
SectionCumProbs: 2_3 0.049938677933498786
