HitRate: 350230/30000000 0.011674
CumReqs: 936869,937136,937892,938048,937297,937138,936791,939569,935772,937262,937895,937633,938351,937254,937727,935785,937702,938057,936872,936434,937200,936666,938905,938959,938461,936760,938492,937082,937593,937345,938398,936655
CumProbs: 0.0002651041666666655,0.00025312499999999896,0.0002708333333333322,0.0002739583333333322,0.0002572916666666656,0.00026197916666666557,0.000249999999999999,0.0002604166666666656,0.0002598958333333323,0.0002588541666666656,0.00026249999999999895,0.000249999999999999,0.00026197916666666557,0.00025729166666666554,0.0002536458333333323,0.00025833333333333226,0.00025989583333333225,0.00025781249999999893,0.0002609374999999989,0.0002630208333333323,0.00027239583333333223,0.0002651041666666656,0.0002697916666666656,0.0002624999999999989,0.00025885416666666564,0.00025989583333333225,0.00026354166666666556,0.00026406249999999894,0.00025677083333333227,0.000248437499999999,0.00025989583333333225,0.00026510416666666555
SectionCumProbs: 0_3 8.28124999999999e-05,8.541666666666654e-05,9.479166666666653e-05,9.16666666666665e-05,8.437499999999988e-05,8.541666666666652e-05,8.177083333333322e-05,8.437499999999984e-05,8.645833333333319e-05,8.80208333333332e-05,9.218749999999988e-05,8.802083333333318e-05,8.802083333333321e-05,8.854166666666655e-05,8.124999999999987e-05,9.11458333333332e-05,8.489583333333321e-05,8.593749999999985e-05,8.802083333333321e-05,8.854166666666651e-05,9.01041666666665e-05,8.541666666666653e-05,8.802083333333315e-05,8.749999999999984e-05,8.333333333333318e-05,8.229166666666653e-05,8.697916666666653e-05,8.697916666666653e-05,7.70833333333332e-05,7.760416666666654e-05,8.64583333333332e-05,8.697916666666647e-05
SectionCumProbs: 1_3 8.80208333333332e-05,8.385416666666651e-05,8.645833333333314e-05,9.374999999999983e-05,8.802083333333317e-05,9.218749999999985e-05,8.437499999999987e-05,8.854166666666651e-05,9.010416666666656e-05,8.541666666666652e-05,8.54166666666665e-05,8.02083333333332e-05,8.43749999999999e-05,9.114583333333317e-05,8.48958333333332e-05,8.854166666666656e-05,8.489583333333321e-05,8.333333333333313e-05,8.437499999999984e-05,9.270833333333318e-05,9.166666666666649e-05,8.906249999999985e-05,8.95833333333332e-05,9.010416666666656e-05,8.229166666666655e-05,8.958333333333316e-05,8.697916666666653e-05,8.95833333333332e-05,8.437499999999988e-05,8.437499999999981e-05,8.177083333333323e-05,9.16666666666665e-05
SectionCumProbs: 2_3 9.427083333333317e-05,8.385416666666654e-05,8.95833333333332e-05,8.854166666666651e-05,8.489583333333316e-05,8.437499999999987e-05,8.385416666666651e-05,8.749999999999985e-05,8.333333333333317e-05,8.54166666666665e-05,8.489583333333319e-05,8.177083333333322e-05,8.95833333333332e-05,7.76041666666665e-05,8.749999999999993e-05,7.864583333333321e-05,9.010416666666649e-05,8.854166666666652e-05,8.85416666666665e-05,8.17708333333332e-05,9.06249999999999e-05,9.062499999999989e-05,9.218749999999986e-05,8.489583333333321e-05,9.322916666666652e-05,8.802083333333315e-05,8.958333333333317e-05,8.749999999999988e-05,9.531249999999986e-05,8.645833333333316e-05,9.166666666666659e-05,8.645833333333318e-05
