HitRate: 363710/3000000 0.121237
CumReqs: 3000000
CumProbs: 0.07961805555555596
SectionCumProbs: 0_3 0.026961805555555392
SectionCumProbs: 1_3 0.025642361111110974
SectionCumProbs: 2_3 0.0270138888888888
