HitRate: 599423/3000000 0.199808
CumReqs: 187982,187318,186435,187360,187603,186863,187310,187613,187578,187644,187777,187630,188464,188186,187483,186754
CumProbs: 0.02520833333333387,0.024819444444444987,0.025152777777778242,0.02486805555555608,0.025402777777778263,0.02519444444444496,0.024958333333333776,0.025250000000000525,0.025347222222222743,0.02434722222222273,0.025069444444444942,0.025548611111111626,0.0247916666666672,0.025743055555556088,0.02560416666666718,0.025152777777778287
SectionCumProbs: 0_3 0.00835416666666669,0.007840277777777809,0.008166666666666697,0.008062500000000025,0.008180555555555578,0.008222222222222247,0.008173611111111142,0.008097222222222252,0.008166666666666699,0.00792361111111114,0.00838194444444448,0.008201388888888921,0.007902777777777804,0.008430555555555587,0.008437500000000027,0.008215277777777806
SectionCumProbs: 1_3 0.007930555555555585,0.008694444444444473,0.008458333333333371,0.008416666666666694,0.008430555555555589,0.008319444444444466,0.00835416666666669,0.0086041666666667,0.00840277777777781,0.00820833333333337,0.008333333333333366,0.00852777777777781,0.008173611111111144,0.008215277777777806,0.008277777777777806,0.008354166666666689
SectionCumProbs: 2_3 0.008923611111111136,0.008284722222222258,0.008527777777777806,0.008388888888888918,0.008791666666666694,0.008652777777777811,0.008430555555555596,0.008548611111111142,0.00877777777777781,0.00821527777777781,0.008354166666666694,0.008819444444444472,0.008715277777777797,0.009097222222222257,0.008888888888888917,0.008583333333333372
