HitRate: 1713785/3000000 0.571262
CumReqs: 3000000
CumProbs: 0.1025469159978326
SectionCumProbs: 0_3 0.0344679658618473
SectionCumProbs: 1_3 0.03425663253827628
SectionCumProbs: 2_3 0.03382231759770924
