HitRate: 500395/3000000 0.166798
CumReqs: 375485,374566,376080,374475,375401,374068,375477,374448
CumProbs: 0.06250000000000015,0.06250000000000015,0.06250000000000015,0.06250000000000015,0.06250000000000015,0.06250000000000015,0.06250000000000015,0.06250000000000015
SectionCumProbs: 0_3 0.02083333333333331,0.02083333333333331,0.02083333333333331,0.02083333333333331,0.02083333333333331,0.02083333333333331,0.02083333333333331,0.02083333333333331
SectionCumProbs: 1_3 0.02083333333333331,0.02083333333333331,0.02083333333333331,0.02083333333333331,0.02083333333333331,0.02083333333333331,0.02083333333333331,0.02083333333333331
SectionCumProbs: 2_3 0.02083333333333331,0.02083333333333331,0.02083333333333331,0.02083333333333331,0.02083333333333331,0.02083333333333331,0.02083333333333331,0.02083333333333331
