HitRate: 18831909/30000000 0.627730
CumReqs: 936556,938964,938845,938271,936833,936289,936905,937582,937293,935482,937303,936939,936191,938376,936614,937550,937128,937903,937312,936678,936959,938840,939172,937715,938142,936551,938237,936514,938621,937779,937426,939030
CumProbs: 0.019575698437445083,0.01963127589831397,0.019649926239337052,0.019579493612217086,0.01964301070322251,0.019577815414336397,0.019654066404350613,0.01961983844273668,0.019562233585859467,0.019599798668121303,0.019542546600940378,0.01966277662669703,0.01956096242446738,0.019583657876547554,0.01966868617854216,0.01962152169485488,0.01959597445698182,0.019631567362246853,0.019557282095256527,0.019571110478692085,0.019564586336753825,0.01955732696273792,0.01959192804818587,0.019598610757337053,0.019584254882060195,0.01960313495543846,0.01960091795281814,0.019635199644732728,0.019630825448332737,0.019652535630054317,0.019612355486520208,0.019669710491747452
SectionCumProbs: 0_3 0.0068030099167945505,0.006842774597217309,0.006859861329845541,0.006830823354183028,0.006851116650141427,0.006779228350486978,0.006868604028219058,0.006828350143595838,0.006864533348665612,0.0068402916644382935,0.006780310975141955,0.006894317055504642,0.00681080863591309,0.006865083518387308,0.006868753298585875,0.006805457580586549,0.006841274365360392,0.006815240356004932,0.006841744251044778,0.006843304882018502,0.0068395635872864294,0.006857396042410674,0.006836145030261107,0.0068326429578717774,0.006872949815419693,0.00686491551326996,0.006788461370678902,0.006859076840109554,0.00683644044600459,0.006851996751557807,0.006805813796921283,0.0068823096841735395
SectionCumProbs: 1_3 0.006563486843690066,0.006573290873382314,0.006627218910152194,0.006518330860670649,0.006596651529546901,0.006581687186119514,0.00658738199905237,0.006581410945663326,0.006544614263778032,0.006625124626332264,0.006567671832782117,0.0065144575394414685,0.006522425585287827,0.006569450251703697,0.006559279773503856,0.006624938396445492,0.006563967508420609,0.006608681290130949,0.0065545126898766855,0.006520798995318863,0.006559115674624275,0.006563717869443816,0.0065649144954786545,0.006556745445486109,0.006536907760083082,0.006584644644325381,0.006587937298966374,0.006577643685300599,0.006596571805403657,0.006602441155551493,0.006574470581067249,0.0065772940661674596
SectionCumProbs: 2_3 0.006209201676960469,0.006215210427714374,0.006162845999339423,0.006230339397363364,0.006195242523534212,0.0062168998777299336,0.0061980803770791265,0.0062100773534774206,0.0061530859734159,0.0061343823773507755,0.006194563793016367,0.006254002031750884,0.006227728203266419,0.006149124106456474,0.006240653106452444,0.006191125717822862,0.006190732583200701,0.006207645716111024,0.006161025154335121,0.0062070066013547994,0.006165907074842972,0.006136213050883412,0.006190868522446022,0.006209222353979174,0.006174397306557525,0.006153574797843185,0.006224519283172764,0.006198479119322605,0.006197813196924483,0.006198097722945049,0.006232071108531626,0.00621010674140644
