HitRate: 2727018/3000000 0.909006
CumReqs: 399814,328733,269547,440849,415343,371435,416257,358022
CumProbs: 0.09210398357380345,0.07277724816976251,0.07478726507927383,0.10050214645737766,0.10977164191386135,0.09364597227412598,0.08625704603621738,0.08204219018988161
SectionCumProbs: 0_3 0.06533693315002499,0.05170036697444652,0.04666198963702934,0.06970790681457532,0.0701547940692143,0.05913612855781932,0.06385934304971606,0.054753120811448355
SectionCumProbs: 1_3 0.019474071594980935,0.011983343529778333,0.01772295006734207,0.01433454292117905,0.02675794355104936,0.01898327620396924,0.015522014075972784,0.01331782563005737
SectionCumProbs: 2_3 0.007292978828797619,0.009093537665537742,0.010402325374902306,0.01645969672162339,0.012858904293597772,0.015526567512337353,0.006875688910528563,0.013971243748375802
