HitRate: 302879/3000000 0.100960
CumReqs: 3000000
CumProbs: 0.12491613910437087
SectionCumProbs: 0_3 0.041928338085581975
SectionCumProbs: 1_3 0.04168620851380413
SectionCumProbs: 2_3 0.0413015925050146
