HitRate: 2108494/3000000 0.702831
CumReqs: 3000000
CumProbs: 0.1252627534599962
SectionCumProbs: 0_3 0.04545389527118622
SectionCumProbs: 1_3 0.04105956299513156
SectionCumProbs: 2_3 0.03874929519367826
