HitRate: 2706864/3000000 0.902288
CumReqs: 3000000
CumProbs: 0.9089589421889015
SectionCumProbs: 0_3 0.3103838970483286
SectionCumProbs: 1_3 0.3045950373224634
SectionCumProbs: 2_3 0.29398000781817224
