HitRate: 122320/3000000 0.040773
CumReqs: 187575,186835,187343,187809,187065,187119,188594,187913,186786,187527,187962,186855,187468,187257,187684,188208
CumProbs: 0.004722222222222224,0.004513888888888889,0.005208333333333334,0.005486111111111112,0.004583333333333335,0.004930555555555555,0.004375,0.004861111111111112,0.004236111111111112,0.005347222222222221,0.005069444444444443,0.005416666666666667,0.005000000000000001,0.004583333333333333,0.0045833333333333325,0.004791666666666667
SectionCumProbs: 0_3 0.0013888888888888892,0.001666666666666667,0.001527777777777778,0.0021527777777777778,0.0019444444444444448,0.0013194444444444447,0.001666666666666667,0.001666666666666667,0.0014583333333333336,0.001805555555555556,0.0016666666666666668,0.001666666666666667,0.0012500000000000002,0.0015277777777777779,0.0009722222222222224,0.0018750000000000004
SectionCumProbs: 1_3 0.001805555555555556,0.0014583333333333336,0.0017361111111111114,0.0018750000000000004,0.0011805555555555558,0.001805555555555556,0.0013888888888888892,0.0013888888888888892,0.0012500000000000002,0.0015972222222222225,0.0019444444444444446,0.0018750000000000004,0.001666666666666667,0.0016666666666666668,0.001805555555555556,0.0017361111111111114
SectionCumProbs: 2_3 0.001527777777777778,0.0013888888888888892,0.0019444444444444448,0.0014583333333333336,0.0014583333333333336,0.001805555555555556,0.0013194444444444447,0.0018055555555555557,0.001527777777777778,0.0019444444444444446,0.0014583333333333336,0.0018750000000000001,0.0020833333333333337,0.0013888888888888892,0.0018055555555555557,0.0011805555555555558
