HitRate: 2947773/3000000 0.982591
CumReqs: 3000000
CumProbs: 0.9013091574900228
SectionCumProbs: 0_3 0.30633630638193227
SectionCumProbs: 1_3 0.2966487988396546
SectionCumProbs: 2_3 0.2983240522684364
