HitRate: 132514/3000000 0.044171
CumReqs: 375018,374885,373628,375819,373628,375368,376042,375612
CumProbs: 0.016696676746321023,0.01606202344129892,0.016679755250455664,0.01610509444616265,0.016638086848039527,0.01626040836471689,0.016703700173923756,0.01653263822392812
SectionCumProbs: 0_3 0.005786016311204099,0.005388458368438468,0.00554507767936967,0.0054705592166584775,0.005547313510994065,0.0054035710626325496,0.005579788618159572,0.0056569074502600125
SectionCumProbs: 1_3 0.005642048196607204,0.0053244594240842835,0.005450558244627206,0.005398616820818868,0.0052328389325194125,0.005320720308153426,0.005739664466456747,0.005181647414970187
SectionCumProbs: 2_3 0.005268612238509728,0.005349105648776177,0.005684119326458776,0.00523591840868531,0.00585793440452605,0.005536116993930906,0.005384247089307424,0.00569408335869793
