HitRate: 1861671/3000000 0.620557
CumReqs: 3000000
CumProbs: 0.14548000361881863
SectionCumProbs: 0_3 0.050257132434874896
SectionCumProbs: 1_3 0.04788751530511851
SectionCumProbs: 2_3 0.04733535587882355
