HitRate: 2502055/3000000 0.834018
CumReqs: 3000000
CumProbs: 0.7081878844291604
SectionCumProbs: 0_3 0.2589406456069063
SectionCumProbs: 1_3 0.2372729128989074
SectionCumProbs: 2_3 0.21197432592233678
