HitRate: 2972306/3000000 0.990769
CumReqs: 3000000
CumProbs: 0.9976755648156708
SectionCumProbs: 0_3 0.649401477269975
SectionCumProbs: 1_3 0.21163410305658673
SectionCumProbs: 2_3 0.1366399844899673
