HitRate: 29747069/30000000 0.991569
CumReqs: 30000000
CumProbs: 0.9986905799062795
SectionCumProbs: 0_3 0.9049533135884833
SectionCumProbs: 1_3 0.06258138640243661
SectionCumProbs: 2_3 0.031155879953720083
