HitRate: 23160134/30000000 0.772004
CumReqs: 30000000
CumProbs: 0.7738164690516174
SectionCumProbs: 0_3 0.6737150512280051
SectionCumProbs: 1_3 0.06204269429427806
SectionCumProbs: 2_3 0.03805872352934959
