HitRate: 299244/30000000 0.009975
CumReqs: 30000000
CumProbs: 0.009999999999998975
SectionCumProbs: 0_3 0.0033333333333330425
SectionCumProbs: 1_3 0.0033333333333330425
SectionCumProbs: 2_3 0.0033333333333330425
