HitRate: 2756057/3000000 0.918686
CumReqs: 3000000
CumProbs: 0.6766381449118162
SectionCumProbs: 0_3 0.30192228323615194
SectionCumProbs: 1_3 0.20014006538031442
SectionCumProbs: 2_3 0.17457579629531064
