HitRate: 1791051/3000000 0.597017
CumReqs: 3000000
CumProbs: 0.10823311258278163
SectionCumProbs: 0_3 0.03671059602649006
SectionCumProbs: 1_3 0.03559635761589397
SectionCumProbs: 2_3 0.035926158940397315
