HitRate: 2681643/3000000 0.893881
CumReqs: 3000000
CumProbs: 0.8930322266613937
SectionCumProbs: 0_3 0.7349930590210652
SectionCumProbs: 1_3 0.09472269784778181
SectionCumProbs: 2_3 0.06331646979254761
