HitRate: 1822406/3000000 0.607469
CumReqs: 3000000
CumProbs: 0.11840656739032611
SectionCumProbs: 0_3 0.0397144818769388
SectionCumProbs: 1_3 0.03917456484397035
SectionCumProbs: 2_3 0.03951752066941871
