HitRate: 1491577/3000000 0.497192
CumReqs: 180359,191042,204650,202474,215006,197449,211225,194964,186807,193356,165219,162933,148203,173320,181096,191897
CumProbs: 0.02191675571108759,0.02634082239394718,0.027791188583922162,0.03695051928973706,0.02601463160598818,0.025105029102282305,0.021531257507136053,0.03499270818652249,0.03641541979488297,0.026264189215979287,0.026929231925648493,0.009808713592160224,0.029148595397144785,0.026764303999152368,0.02914259801799947,0.02216031594193337
SectionCumProbs: 0_3 0.01268912152056218,0.011241420832429561,0.010364803914022905,0.005086777078416732,0.006441518389796992,0.01217967748094083,0.015321304589894216,0.022982956448032207,0.02184445397361353,0.01440437195612184,0.0054133010541060214,0.0028530865345177494,0.014824854871754375,0.01586040233751184,0.009520839393185179,0.01571479929937284
SectionCumProbs: 1_3 0.003821996454216174,0.003017014897822984,0.006185297025199988,0.010336482956947814,0.007658653168565337,0.01058504100374803,0.002855752036360111,0.007475733104633274,0.009681435879187461,0.007473400790521208,0.017287778574096455,0.004333772807949593,0.00459599155169191,0.007590682871585118,0.006546139337109683,0.003653403462686806
SectionCumProbs: 2_3 0.005405637736309233,0.012082386663694631,0.011241087644699265,0.02152725925437251,0.011914460047625853,0.002340310617593445,0.0033542008808817216,0.004534018633857004,0.004889529942081978,0.004386416469336233,0.0042281522974460155,0.0026218542496928843,0.009727748973698493,0.0033132187900554123,0.013075619287704609,0.0027921131798737285
