HitRate: 2162691/3000000 0.720897
CumReqs: 292854,290174,245737,142168,205581,177832,177650,132416,146691,151591,133221,130586,153767,201759,195198,222775
CumProbs: 0.2406039286616749,0.23804444680879353,0.19577609022356396,0.09167154313681153,0.1516986740434359,0.12794283890359223,0.127979412429679,0.07338145522735437,0.09620965275099416,0.09856798021039753,0.07973327924884625,0.07526000452181777,0.10426746552113948,0.15008777646260857,0.1446356611828543,0.171034099825777
SectionCumProbs: 0_3 0.2159537045657059,0.21190867258049498,0.17293791810190048,0.06409277706108443,0.12802429812078572,0.10440943729967676,0.09725366067747471,0.05055226024391216,0.06128559269061458,0.07301439002008217,0.05468373874532857,0.05029225572209438,0.07462096527509943,0.12493084278703567,0.11186977164820255,0.1395649080342062
SectionCumProbs: 1_3 0.015586639358433855,0.018191006902421834,0.014958239682940778,0.017076511816573794,0.015560372916971444,0.01270364804298387,0.018716003245069227,0.014218124509582266,0.024788206035296776,0.012308653961245359,0.01334567966910934,0.014501070606854547,0.018149446077323085,0.015175685919857431,0.018839023287361516,0.02044160870316927
SectionCumProbs: 2_3 0.009063584737535078,0.007944767325876767,0.007879932438722719,0.010502254259153358,0.00811400300567887,0.010829753560931495,0.012009748507135164,0.008611070473859903,0.010135854025082788,0.01324493622906997,0.011703860834408372,0.01046667819286883,0.011497054168717005,0.009981247755715445,0.013926866247290233,0.011027583088401537
