HitRate: 2743553/3000000 0.914518
CumReqs: 459972,108626,106262,151436,241998,141184,203610,161711,176517,184775,98246,132493,200530,249881,150406,232353
CumProbs: 0.14831076551816635,0.031150161764817396,0.030457380851801136,0.045350747608941505,0.07560513195405313,0.04205284486007787,0.06276765816653053,0.04885101447662326,0.053655897522810345,0.056551601585523,0.027772578144169276,0.03911666797360154,0.06173243922120177,0.0781862230507909,0.04493748213504263,0.07246912050024383
SectionCumProbs: 0_3 0.13959266632433415,0.02277039008213452,0.02213895079263499,0.03740321303629656,0.0673578455304089,0.03333917238134507,0.0534045233439659,0.04030334381410835,0.04506933500621011,0.04769247989638959,0.01973239874837791,0.030461807566900343,0.05380197912108212,0.06977704533209217,0.03599203950147601,0.06420001669503982
SectionCumProbs: 1_3 0.005307315209940117,0.005070169758200165,0.005307315209940119,0.004908910851017003,0.0050436094676053,0.005611493776038563,0.0056832697994318535,0.0055409825283878784,0.005288027379865271,0.005839785797580229,0.0051005243760228825,0.005480273292742458,0.004665441520563985,0.005245341198552077,0.0054916562744259795,0.005147004884563911
SectionCumProbs: 2_3 0.0034107839838918184,0.00330960192448277,0.0030111148492260862,0.0030386237216279174,0.0032036769560389268,0.00310217870269423,0.0036798650231327505,0.0030066881341269404,0.0032985351367349086,0.00301933589155307,0.0029396550197684484,0.0031745871139588254,0.003265018579555663,0.0031638365201466134,0.003453786359140666,0.0031220989206403836
