HitRate: 101161/3000000 0.033720
CumReqs: 93137,93114,93751,93955,93886,93419,93771,93990,93479,93658,93861,93935,94004,93849,93562,94305,93926,93714,93775,94151,93471,93788,94242,93785,93242,93592,94022,93540,93636,93618,94168,93654
CumProbs: 0.004066065667121744,0.004097665543043858,0.0041418408797921375,0.004168604040011881,0.004104114497313693,0.004125396046404093,0.004064130980840785,0.004134424582381831,0.004075094203099493,0.0040631636377003125,0.004040914745469434,0.004093151275054989,0.004111530794723972,0.004094763513622445,0.0041083063175890696,0.004099277781611317,0.004137649059516744,0.0041702162785793315,0.00409605330447641,0.004102502258746213,0.004138938850370713,0.0041137879287184,0.0040602616082789054,0.004081220709655808,0.004115400167285857,0.004080575814228845,0.004103147154173205,0.004035755582053585,0.0040847676345042265,0.004053812654009082,0.004103469601886709,0.004111530794723967
SectionCumProbs: 0_3 0.0013726599163312624,0.001342027383549618,0.0013784639751741009,0.0013645987234939874,0.0013939414654216705,0.0014007128674049796,0.0013465416515384885,0.0014210270733549136,0.0013552477398027477,0.0013807211091685374,0.001338802906414704,0.0013771741843201354,0.0013800762137415555,0.001367178305201916,0.0013607293509320935,0.001378786422887592,0.0013816884523090095,0.0013823333477359938,0.0013833006908764663,0.0013887823020058145,0.0013974883902700714,0.0013842680340169376,0.0013526681580948196,0.0013581497692241647,0.0013881374065788322,0.0013578273215106732,0.001369757886909845,0.001342349831263105,0.0013745946026122076,0.0013636313803535138,0.0013555701875162386,0.0013536355012352922
SectionCumProbs: 1_3 0.0013529906058083105,0.0013620191417860591,0.001380398661455048,0.001379431318314575,0.0013578273215106758,0.0013700803346233335,0.0013694354391963505,0.0013716925731907907,0.0013578273215106755,0.0013300968181504476,0.0013626640372130401,0.0013420273835496141,0.001394908808562144,0.0013652436189209676,0.0013755619457526827,0.0013865251680113748,0.0013891047497193016,0.0013923292268542141,0.0013658885143479516,0.0013487987855329293,0.0013768517366066454,0.0013581497692241686,0.0013626640372130423,0.0013675007529154054,0.0013442845175440537,0.0013597620077916222,0.0013762068411796633,0.001362986484926532,0.001354280396662273,0.0013259049978750635,0.0013620191417860563,0.0013784639751740994
SectionCumProbs: 2_3 0.001340415144982159,0.0013936190177081791,0.0013829782431629752,0.001424573998203317,0.0013523457103813271,0.0013546028443757665,0.0013481538901059446,0.001341704935836126,0.0013620191417860596,0.0013523457103813284,0.0013394478018416882,0.0013739497071852257,0.001336545772420267,0.0013623415894995522,0.0013720150209042806,0.0013339661907123407,0.0013668558574884253,0.0013955537039891238,0.0013468640992519776,0.0013649211712074812,0.0013645987234939892,0.0013713701254772987,0.0013449294129710342,0.0013555701875162388,0.001382978243162976,0.001362986484926529,0.0013571824260836952,0.0013304192658639387,0.0013558926352297278,0.0013642762757804976,0.0013858802725843942,0.0013794313183145726
