HitRate: 18827809/30000000 0.627594
CumReqs: 30000000
CumProbs: 0.6276208404817892
SectionCumProbs: 0_3 0.21871967225836286
SectionCumProbs: 1_3 0.21063458169211155
SectionCumProbs: 2_3 0.19826658653135085
