HitRate: 949245/3000000 0.316415
CumReqs: 187556,187766,187234,187254,186655,187012,187976,186729,188161,188288,187999,187102,187581,186370,188450,187867
CumProbs: 0.006629690283179451,0.006331876060090666,0.006392369574155575,0.006733061068202452,0.006840420436570391,0.006845738547696978,0.0064335849353866085,0.006579500609422296,0.006693839998643884,0.006634011248469796,0.0065751796441319435,0.006533631900955501,0.006617392151199213,0.0065136889842308055,0.00654393574126326,0.006408323907535336
SectionCumProbs: 0_3 0.002230615235657138,0.0020687452282416962,0.0021119548811452025,0.0021960475133343325,0.002392485243072579,0.00217444268688258,0.00216181217295694,0.0021498464229221226,0.002229618089820902,0.002212666610604912,0.0021332273256515414,0.0021531702423762383,0.002141869256232245,0.00225421435378136,0.002200036096679272,0.0022558762635084186
SectionCumProbs: 1_3 0.002164471228520233,0.0021315654159244847,0.00207572524909534,0.0021807579438454,0.0021475197493042407,0.002283796346922992,0.0021917265480439815,0.0021854112910811613,0.0022392571662378387,0.0023296650553897885,0.002123255867289196,0.0022259618884213754,0.0022798077635780524,0.002045478492062885,0.0021731131591009333,0.0020348422698097143
SectionCumProbs: 2_3 0.0022346038190020757,0.0021315654159244856,0.0022046894439150346,0.0023562556110227153,0.0023004154441935705,0.0023874995138914038,0.0020800462143856896,0.0022442428954190133,0.002224964742585141,0.002091679582475096,0.0023186964511912067,0.002154499770157885,0.002195715131388921,0.0022139961383865576,0.0021707864854830505,0.0021176053742171987
