HitRate: 11476699/30000000 0.382557
CumReqs: 1875420,1876392,1871992,1871858,1875771,1873630,1874995,1876597,1876236,1877697,1875671,1872359,1875083,1876384,1874166,1875749
CumProbs: 0.07165709015471725,0.0714307581838775,0.07163008514120726,0.07175961377609676,0.07172760956640091,0.07179027832402644,0.07161443789525264,0.0717088550134784,0.07167618987909334,0.07177334222327952,0.07172931639601073,0.07193869443635496,0.07181644164140756,0.07175237824840222,0.07172843001266237,0.07162670742794289
SectionCumProbs: 0_3 0.024650920323895143,0.024672285910846158,0.024685812067627065,0.024740619528899332,0.02471610297205855,0.02460799624321256,0.02468972759002996,0.024782220180353268,0.024733058230671314,0.024802210046735933,0.024681932031113386,0.024752034605124366,0.024627408890980616,0.02469602054549058,0.02485620663634,0.024705128396552478
SectionCumProbs: 1_3 0.02390382777968824,0.024003238807674014,0.023971678588259018,0.02407217175357877,0.023943372897114186,0.024175826296709203,0.023994432525907855,0.023864830419255422,0.023989955218821576,0.023943350640309016,0.023926726100115245,0.02404025309022338,0.024122102509219312,0.024050317489126425,0.023825174095927288,0.02398564438638935
SectionCumProbs: 2_3 0.02310234205113383,0.022755233465357228,0.022972594485321136,0.022946822493618624,0.02306813369722803,0.023006455784104346,0.022930277779314973,0.023061804413869486,0.022953176429600913,0.023027781536234918,0.02312065826478246,0.02314640674100695,0.02306693024120808,0.023006040213785106,0.02304704928039477,0.022935934645001065
