HitRate: 2767154/3000000 0.922385
CumReqs: 3000000
CumProbs: 0.741497272971848
SectionCumProbs: 0_3 0.341980274664533
SectionCumProbs: 1_3 0.21464528814010378
SectionCumProbs: 2_3 0.1848717101676743
