HitRate: 1512500/3000000 0.504167
CumReqs: 3000000
CumProbs: 0.7377197169710117
SectionCumProbs: 0_3 0.2714493776558442
SectionCumProbs: 1_3 0.247553215793732
SectionCumProbs: 2_3 0.2187171235407941
