HitRate: 1652024/3000000 0.550675
CumReqs: 3000000
CumProbs: 0.10116731776754187
SectionCumProbs: 0_3 0.033927868883041355
SectionCumProbs: 1_3 0.033612062472371126
SectionCumProbs: 2_3 0.0336273864121294
