HitRate: 2681456/3000000 0.893819
CumReqs: 456525,102676,175563,149114,291238,93369,148824,154019,138021,162522,97697,133251,229605,242291,114653,310632
CumProbs: 0.14646852332611718,0.02812389907772984,0.05181591219558152,0.04333064191356628,0.09045990105217479,0.02410700483460376,0.04274580546541766,0.044546093272622676,0.03878497325277209,0.047536952839558444,0.025994205375453067,0.03738076866683165,0.0698038625080361,0.07323160783913042,0.031841242944974944,0.09690769801341378
SectionCumProbs: 0_3 0.13571323840162833,0.018745948771909802,0.039991136228080246,0.03397193183122475,0.07978821158142034,0.014535657110025548,0.03305636257604033,0.032593602028582996,0.030228049724698936,0.03627943173668229,0.017522867669060208,0.02661022425475648,0.06112187752735263,0.06187224624301463,0.020319998089246775,0.08618492243204388
SectionCumProbs: 1_3 0.007103954927454406,0.005753158548066392,0.007775040653265298,0.006313447124880327,0.006703227514315721,0.006055694475866459,0.006129006361879413,0.008219887889208159,0.005128514740996737,0.006693607402576464,0.004669734929431506,0.007113906767184673,0.00550933847467489,0.006789808519969031,0.007040263153180707,0.007256549803318472
SectionCumProbs: 2_3 0.0036513299970343527,0.0036247917577536437,0.0040497353142359745,0.003045262957461194,0.003968461956438806,0.0035156532487117353,0.003560436527497928,0.0037326033548315176,0.003428408787076407,0.004563913700299683,0.003801602776961359,0.003656637644890493,0.0031726465060085895,0.004569553076146834,0.004480981702547473,0.0034662257780514174
