HitRate: 2688992/3000000 0.896331
CumReqs: 3000000
CumProbs: 0.5187238908077778
SectionCumProbs: 0_3 0.1813099680655269
SectionCumProbs: 1_3 0.17074626411640564
SectionCumProbs: 2_3 0.16666765862584532
