HitRate: 28518750/30000000 0.950625
CumReqs: 3748992,3751551,3750542,3751150,3751513,3749553,3748859,3747840
CumProbs: 0.10604999999999032,0.10621805555554652,0.10608055555554634,0.10625138888888107,0.1061111111111024,0.10616944444443656,0.1061430555555479,0.10614861111110249
SectionCumProbs: 0_3 0.03010000000000097,0.030329166666667767,0.030305555555556588,0.030294444444445522,0.030252777777779044,0.030597222222223282,0.030273611111112143,0.030233333333334476
SectionCumProbs: 1_3 0.033836111111112434,0.033500000000001307,0.033800000000001315,0.03354166666666789,0.033912500000001324,0.03380555555555681,0.03378055555555686,0.033637500000001305
SectionCumProbs: 2_3 0.04211388888888915,0.042388888888889406,0.04197500000000014,0.042415277777778,0.041945833333333474,0.04176666666666679,0.04208888888888914,0.04227777777777808
