HitRate: 28519027/30000000 0.950634
CumReqs: 939221,938108,937668,936930,938548,938922,936486,937039,937111,937075,937699,938408,936242,937809,936463,936551,939173,936137,938350,935140,938112,936729,935889,937989,938276,939313,938070,936903,936714,937737,937131,938057
CumProbs: 0.026519444444442316,0.026557638888886615,0.026546874999997867,0.026547222222220057,0.026533333333331213,0.026533680555553368,0.026544791666664472,0.026532291666664744,0.026544791666664617,0.026548611111109125,0.026528819444442266,0.026552083333331127,0.026559722222220163,0.026552083333331155,0.026544444444442664,0.026553472222220036,0.02651423611110922,0.02657499999999794,0.0265256944444424,0.02653506944444228,0.026535416666664494,0.026551736111109104,0.02653541666666451,0.02654027777777572,0.026554861111109076,0.02657395833333124,0.02652499999999803,0.026548611111108966,0.02652152777777554,0.026535416666664514,0.026538194444442473,0.026521180555553484
SectionCumProbs: 0_3 0.007550347222222486,0.00753090277777805,0.0075729166666669125,0.007529166666666899,0.007556250000000271,0.007631597222222499,0.007563888888889136,0.007588194444444718,0.0076458333333336145,0.007618055555555847,0.007551388888889162,0.007577430555555838,0.007598611111111385,0.007640972222222503,0.007546527777778028,0.007561805555555825,0.0075520833333335875,0.007606597222222465,0.007569444444444737,0.007623958333333608,0.0075038194444447,0.007517708333333572,0.007567361111111376,0.007533333333333583,0.00762118055555581,0.0075513888888891845,0.007533333333333588,0.0075697916666669215,0.007576736111111376,0.00760277777777806,0.007656944444444722,0.007589236111111356
SectionCumProbs: 1_3 0.00840625000000033,0.008459027777778103,0.008501388888889213,0.008487847222222554,0.00842881944444475,0.008427777777778098,0.008467708333333629,0.008467361111111413,0.008368402777778103,0.008403819444444752,0.008418750000000327,0.00842013888888921,0.008472222222222544,0.008377430555555855,0.008469791666666997,0.008462847222222554,0.008440625000000333,0.00840104166666698,0.008493055555555861,0.00845173611111142,0.008468750000000328,0.008504861111111456,0.008440972222222518,0.008534375000000313,0.008460763888889186,0.008453125000000325,0.008515972222222506,0.00841111111111145,0.008370833333333673,0.008374305555555845,0.008369097222222573,0.0084152777777781
SectionCumProbs: 2_3 0.010562847222222244,0.010567708333333377,0.010472569444444519,0.01053020833333343,0.010548263888888982,0.010474305555555624,0.010513194444444532,0.01047673611111114,0.010530555555555583,0.010526736111111197,0.010558680555555599,0.010554513888888936,0.010488888888888971,0.010533680555555619,0.010528125000000037,0.010528819444444545,0.010521527777777819,0.010567361111111175,0.010463194444444553,0.010459375000000097,0.010562847222222298,0.010529166666666713,0.01052708333333341,0.010472569444444567,0.010472916666666748,0.010569444444444492,0.010475694444444551,0.010567708333333353,0.010573958333333376,0.010558333333333381,0.010512152777777813,0.010516666666666757
