HitRate: 2352918/3000000 0.784306
CumReqs: 3000000
CumProbs: 0.44556496766069303
SectionCumProbs: 0_3 0.22946685038966938
SectionCumProbs: 1_3 0.11683610083944361
SectionCumProbs: 2_3 0.09926201643199405
