HitRate: 2466513/3000000 0.822171
CumReqs: 3000000
CumProbs: 0.5271031802916443
SectionCumProbs: 0_3 0.17921988942586428
SectionCumProbs: 1_3 0.1755754826404649
SectionCumProbs: 2_3 0.17230780822535097
