HitRate: 1678174/3000000 0.559391
CumReqs: 375799,374929,375204,375143,374983,374633,374656,374653
CumProbs: 0.05458333333333335,0.055833333333333346,0.053750000000000034,0.05437500000000002,0.05520833333333334,0.056041666666666684,0.053125000000000026,0.0547916666666667
SectionCumProbs: 0_3 0.01604166666666666,0.01833333333333332,0.017708333333333333,0.016249999999999987,0.01645833333333333,0.018541666666666668,0.016041666666666655,0.016249999999999997
SectionCumProbs: 1_3 0.019583333333333328,0.018541666666666658,0.019791666666666666,0.01770833333333333,0.018333333333333326,0.01958333333333333,0.01645833333333332,0.01791666666666666
SectionCumProbs: 2_3 0.018958333333333327,0.01895833333333333,0.016249999999999994,0.02041666666666666,0.02041666666666667,0.01791666666666666,0.020624999999999998,0.020624999999999998
