HitRate: 300593/30000000 0.010020
CumReqs: 30000000
CumProbs: 0.010000000000013508
SectionCumProbs: 0_3 0.0033333333333330044
SectionCumProbs: 1_3 0.0033333333333330044
SectionCumProbs: 2_3 0.0033333333333330044
