HitRate: 39740/3000000 0.013247
CumReqs: 3000000
CumProbs: 0.013315432795573314
SectionCumProbs: 0_3 0.004442626811013017
SectionCumProbs: 1_3 0.004448776397722504
SectionCumProbs: 2_3 0.004424029586837733
