HitRate: 1500107/3000000 0.500036
CumReqs: 3000000
CumProbs: 0.499999999999799
SectionCumProbs: 0_3 0.16666666666668
SectionCumProbs: 1_3 0.16666666666668
SectionCumProbs: 2_3 0.16666666666668
