HitRate: 396748/3000000 0.132249
CumReqs: 3000000
CumProbs: 0.1321836041546191
SectionCumProbs: 0_3 0.04439477294333764
SectionCumProbs: 1_3 0.04394527257594202
SectionCumProbs: 2_3 0.04384355863534055
