HitRate: 2706311/3000000 0.902104
CumReqs: 3000000
CumProbs: 0.9076419744968955
SectionCumProbs: 0_3 0.30862564263581
SectionCumProbs: 1_3 0.3042846162873078
SectionCumProbs: 2_3 0.294731715573734
