HitRate: 2898561/3000000 0.966187
CumReqs: 3000000
CumProbs: 0.9020693807744372
SectionCumProbs: 0_3 0.30315745154904566
SectionCumProbs: 1_3 0.30067377620640545
SectionCumProbs: 2_3 0.2982381530189839
