HitRate: 28518971/30000000 0.950632
CumReqs: 30000000
CumProbs: 0.8491541666693667
SectionCumProbs: 0_3 0.24230416666667234
SectionCumProbs: 1_3 0.26984722222224733
SectionCumProbs: 2_3 0.33700277777770904
