HitRate: 132508/3000000 0.044169
CumReqs: 93727,94243,93313,93614,93398,93797,94021,93136,94491,93383,93628,94187,93758,93757,93750,93347,93915,93408,93770,93193,93895,93538,93899,94322,93482,93930,94156,93944,93714,93842,93508,93934
CumProbs: 0.004047628257497044,0.004210923578332214,0.003966381947343237,0.004273338968001776,0.004078586464330016,0.004239018096796615,0.004117333035741152,0.004268175651094805,0.004300413839850093,0.004077263093189995,0.003868626039852432,0.004118157430877559,0.004189944891571538,0.0041281586455587105,0.004092926600781731,0.0039241425439067975,0.004052856658230573,0.0038276015345117516,0.0036728321949557386,0.003948397116604249,0.0040677391599036085,0.003911668143816426,0.004211704584250916,0.004095117756275865,0.003968963605796721,0.004251600969931251,0.004524627622343981,0.00399812116009491,0.004214177769660137,0.004152695248171248,0.0037569421934781195,0.004461886813541627
SectionCumProbs: 0_3 0.0014626505288570732,0.0014367254712779542,0.001296209489738244,0.0015660036454319042,0.0014875342452112567,0.0014284381306961772,0.0014491781767594727,0.001361965849171139,0.0015896507690814768,0.0012417994107353735,0.0014610451278019648,0.0014915260532401753,0.0014642993191298875,0.0012449234344101795,0.0014060275997512149,0.0014564675653340197,0.0012956671245169236,0.0010472204639344377,0.0011101782188253188,0.0014750381505120329,0.00132549721168955,0.0010762478505795096,0.0013992805763979883,0.001264058079418366,0.0013261263553462817,0.0014225155024793577,0.001264513666204275,0.0014415199798344272,0.0012791358325710753,0.0013893444455433971,0.0011857188468508357,0.0013512704070066993
SectionCumProbs: 1_3 0.0012271338551508677,0.0013404231025802896,0.001402773408423292,0.0012553802358772383,0.0013262999122171043,0.0014155949222553082,0.001252516547508666,0.0012774436530805552,0.0012487199909594227,0.0012806978444084782,0.001270718324336181,0.0014162674551297457,0.0012517138469811118,0.0013844848531603653,0.0013917525471260597,0.0014865796824217326,0.001199820342605168,0.001343720683125918,0.0011227610919599543,0.0012444678476242702,0.001481503143950173,0.0014241209035344663,0.0011810111167297739,0.0015835111947761294,0.0012026406417560344,0.0013616621246471997,0.0016024071990869346,0.0013769351292795844,0.001562207088882661,0.0013708389441919422,0.0013009389144681585,0.0015699954534608227
SectionCumProbs: 2_3 0.0013578438734891034,0.0014337750044739707,0.0012673990491817,0.0014519550866926333,0.0012647523069016563,0.00139498504384513,0.0014156383114730137,0.0016287661488431102,0.0014620430798091943,0.0015547658380461436,0.0011368625877142867,0.0012103639225076385,0.0014739317254605392,0.0014987503579881644,0.0012951464539044557,0.0009810952961510446,0.001557369191108482,0.0014366603874513958,0.001439892884170466,0.001228891118467946,0.0012607388042638846,0.0014112993897024502,0.0016314128911231538,0.0012475484820813705,0.0014401966086944054,0.0014674233428046933,0.001657706757052771,0.001179666050980899,0.001372834848206402,0.0013925118584359087,0.0012702844321591249,0.0015406209530741057
