HitRate: 10087/3000000 0.003362
CumReqs: 187930,186831,187877,187769,186976,187142,187329,186999,188007,187434,187865,187389,186892,188051,187960,187549
CumProbs: 0.0007233829031412282,0.0007519987861541746,0.0007340306735646503,0.0007330324450874543,0.0007366926161705058,0.000777287240909802,0.0007396873016020931,0.0007366926161705056,0.0007177262751037847,0.0007057475333774358,0.0007120696470663426,0.000732699702261722,0.0007433474726851446,0.0007253793600956198,0.000744012958336608,0.0007360271305190417
SectionCumProbs: 0_3 0.00023824386322406505,0.00025554649016212556,0.0002572102042907851,0.00025221906190480624,0.00023724563474686913,0.00026153586102530034,0.00024190403430711613,0.00023192174953515826,0.00024157129148138433,0.00022826157845210696,0.00024523146256443554,0.00024523146256443554,0.00026652700341127936,0.00023591466344394149,0.00024689517669309544,0.00023524917779247764
SectionCumProbs: 1_3 0.00024789340517029104,0.0002472279195188272,0.00023857660604979686,0.0002385766060497968,0.0002472279195188272,0.00024855889082175497,0.00025321729038200205,0.0002565447186393214,0.00024489871973870354,0.00023857660604979694,0.00023225449236089014,0.00024157129148138433,0.00024656243386736324,0.0002512208334276104,0.0002528845475562701,0.0002505553477761465
SectionCumProbs: 2_3 0.00023724563474686913,0.00024922437647321885,0.00023824386322406497,0.00024223677713284817,0.00025221906190480624,0.00026719248906274324,0.0002445659769129717,0.00024822614799602303,0.00023125626388369438,0.0002389093488755289,0.00023458369214101376,0.00024589694821589947,0.0002302580354064986,0.00023824386322406492,0.0002442332340872397,0.0002502226049504147
