HitRate: 1017232/3000000 0.339077
CumReqs: 187543,186836,187153,187162,187744,186990,188103,187511,187562,187878,187525,187524,187542,187022,187894,188011
CumProbs: 0.04873958333333139,0.04933333333333129,0.048583333333331355,0.0488854166666647,0.0487291666666646,0.04926041666666465,0.04869791666666467,0.049343749999998,0.04887499999999791,0.04901041666666468,0.04910416666666467,0.04918749999999797,0.04895833333333129,0.048520833333331376,0.049208333333331265,0.049562499999997935
SectionCumProbs: 0_3 0.015489583333333381,0.01626041666666671,0.015947916666666714,0.015916666666666694,0.015729166666666725,0.016166666666666676,0.015562500000000055,0.015843750000000007,0.01559375000000006,0.016166666666666715,0.015739583333333352,0.015708333333333383,0.01575000000000003,0.01570833333333337,0.01635416666666671,0.01606250000000004
SectionCumProbs: 1_3 0.0163229166666667,0.01641666666666672,0.01614583333333338,0.016312500000000032,0.016031250000000042,0.016270833333333373,0.01630208333333336,0.01639583333333337,0.016218750000000025,0.0161354166666667,0.01618750000000003,0.016468750000000032,0.01653125000000002,0.016218750000000025,0.016010416666666718,0.016354166666666704
SectionCumProbs: 2_3 0.016927083333333353,0.016656250000000004,0.016489583333333353,0.01665625000000002,0.01696875000000002,0.01682291666666671,0.016833333333333356,0.017104166666666705,0.017062499999999998,0.016708333333333342,0.017177083333333322,0.0170104166666667,0.016677083333333363,0.016593750000000015,0.016843750000000032,0.017145833333333353
