HitRate: 22801567/30000000 0.760052
CumReqs: 30000000
CumProbs: 0.7612545192035617
SectionCumProbs: 0_3 0.6567593081229717
SectionCumProbs: 1_3 0.06569330008788336
SectionCumProbs: 2_3 0.038801910992703324
