HitRate: 350600/30000000 0.011687
CumReqs: 1874341,1875131,1875010,1874101,1876832,1873761,1876980,1874777,1876210,1871918,1874956,1875308,1874008,1876237,1874734,1875696
CumProbs: 0.0005281249999999978,0.0005166666666666646,0.0005229166666666646,0.0005364583333333312,0.0005187499999999978,0.0005104166666666646,0.0005249999999999978,0.0005249999999999979,0.0005416666666666645,0.0005291666666666645,0.0005093749999999978,0.0005343749999999979,0.0005333333333333313,0.0004989583333333313,0.0005166666666666646,0.0005166666666666644
SectionCumProbs: 0_3 0.00016979166666666643,0.00016979166666666634,0.0001656249999999997,0.00018020833333333303,0.00017083333333333314,0.00017395833333333304,0.00016979166666666634,0.0001770833333333331,0.00019374999999999975,0.00018020833333333303,0.0001760416666666664,0.0001833333333333331,0.00017916666666666642,0.00016249999999999972,0.000167708333333333,0.0001656249999999997
SectionCumProbs: 1_3 0.00018749999999999976,0.00018124999999999972,0.00017708333333333302,0.00018124999999999972,0.00018333333333333296,0.000167708333333333,0.00017187499999999972,0.00018124999999999977,0.00018229166666666635,0.00016874999999999974,0.00016666666666666636,0.00017708333333333308,0.00018541666666666636,0.00016874999999999976,0.0001687499999999997,0.00018020833333333308
SectionCumProbs: 2_3 0.00017083333333333298,0.00016562499999999973,0.0001802083333333331,0.00017499999999999967,0.000164583333333333,0.00016874999999999968,0.00018333333333333306,0.00016666666666666642,0.00016562499999999976,0.00018020833333333314,0.00016666666666666644,0.00017395833333333312,0.0001687499999999997,0.00016770833333333297,0.00018020833333333308,0.00017083333333333314
