HitRate: 3640295/30000000 0.121343
CumReqs: 939116,938202,937820,936926,938840,939576,936560,937085,936453,936862,937887,938209,936667,937945,936219,936735,939661,936411,937814,935268,937791,937076,935954,937427,937760,938907,937759,936891,937402,938198,937223,937356
CumProbs: 0.002458333333333442,0.00243923611111122,0.0024409722222223326,0.0024704861111112158,0.00242673611111122,0.0024277777777778893,0.002453472222222329,0.0024704861111112236,0.0024336805555556667,0.002475000000000116,0.002453125000000113,0.002450347222222337,0.0024562500000001137,0.0024767361111112216,0.002460763888889002,0.0024611111111112276,0.002441319444444558,0.0024552083333334446,0.0024677083333334436,0.0024652777777778843,0.002433333333333442,0.0025003472222223343,0.002443402777777888,0.0024760416666667756,0.0024972222222223403,0.0024520833333334393,0.00246736111111122,0.0024531250000001162,0.002444097222222332,0.0024531250000001167,0.0024447916666667764,0.002451041666666777
SectionCumProbs: 0_3 0.0007996527777777736,0.0008038194444444402,0.000795486111111107,0.0007965277777777736,0.0008291666666666622,0.0008062499999999957,0.0008118055555555513,0.0008107638888888846,0.000812847222222218,0.0008166666666666624,0.0008187499999999957,0.0007951388888888847,0.0008211805555555512,0.0008055555555555513,0.0008253472222222179,0.0008222222222222179,0.0008121527777777736,0.0007961805555555513,0.0008215277777777735,0.0008170138888888846,0.000812847222222218,0.0008204861111111067,0.0008156249999999957,0.000795486111111107,0.0008336805555555512,0.0008027777777777735,0.0008055555555555513,0.0008138888888888846,0.0008229166666666623,0.0008107638888888846,0.0008131944444444401,0.0008225694444444401
SectionCumProbs: 1_3 0.0008149305555555513,0.0008142361111111068,0.0008062499999999957,0.0008392361111111066,0.0007989583333333291,0.0007920138888888847,0.0008215277777777736,0.0008170138888888846,0.0008111111111111069,0.0008253472222222179,0.0008027777777777736,0.0008430555555555512,0.0008020833333333291,0.0008434027777777733,0.000795486111111107,0.000823958333333329,0.000795486111111107,0.0008170138888888845,0.0008256944444444401,0.0008156249999999956,0.0008218749999999957,0.0008534722222222177,0.000804861111111107,0.0008406249999999956,0.0008378472222222178,0.0008354166666666622,0.0008406249999999956,0.0008322916666666623,0.0008225694444444401,0.0008124999999999957,0.0008156249999999957,0.0008291666666666623
SectionCumProbs: 2_3 0.0008437499999999955,0.0008211805555555512,0.0008392361111111067,0.0008347222222222177,0.0007986111111111068,0.0008295138888888845,0.0008201388888888846,0.000842708333333329,0.000809722222222218,0.0008329861111111067,0.0008315972222222178,0.0008121527777777734,0.0008329861111111067,0.0008277777777777734,0.000839930555555551,0.0008149305555555512,0.000833680555555551,0.0008420138888888844,0.0008204861111111068,0.0008326388888888845,0.0007986111111111069,0.0008263888888888845,0.0008229166666666623,0.000839930555555551,0.0008256944444444401,0.0008138888888888846,0.0008211805555555512,0.0008069444444444402,0.0007986111111111069,0.0008298611111111067,0.0008159722222222179,0.0007993055555555514
