HitRate: 116077/3000000 0.038692
CumReqs: 374600,375566,374963,374971,375608,374328,375471,374493
CumProbs: 0.011249999999999994,0.010833333333333325,0.00916666666666666,0.011041666666666661,0.008749999999999996,0.010624999999999994,0.012083333333333328,0.008749999999999996
SectionCumProbs: 0_3 0.0037500000000000003,0.0037500000000000003,0.003125,0.003125,0.0027083333333333334,0.003958333333333334,0.003125,0.003125
SectionCumProbs: 1_3 0.003541666666666667,0.003541666666666667,0.0027083333333333334,0.003958333333333334,0.003125,0.003541666666666667,0.004166666666666667,0.0027083333333333334
SectionCumProbs: 2_3 0.003958333333333334,0.003541666666666667,0.0033333333333333335,0.003958333333333334,0.002916666666666667,0.003125,0.004791666666666667,0.002916666666666667
