HitRate: 10059/3000000 0.003353
CumReqs: 374371,374428,374766,375575,375796,373942,375527,375595
CumProbs: 0.0013681444158359726,0.0013701426793449815,0.0013554887469455715,0.0013937887975349421,0.001368477459754139,0.0013368382875281373,0.001376470513790183,0.0013774696455446872
SectionCumProbs: 0_3 0.00046825974894483335,0.00045960060707245394,0.0004566032118089379,0.0004549379922180958,0.0004735884516355286,0.00045627016789076953,0.0004509414652000743,0.0004479440699365583
SectionCumProbs: 1_3 0.00044661189426388454,0.00044861015777289523,0.0004502753773637375,0.0004665945293539914,0.000468592792863002,0.00043562144496432593,0.00046326409017230687,0.0004542719043817588
SectionCumProbs: 2_3 0.0004532727726272534,0.000461931914499633,0.0004486101577728953,0.000472256275962855,0.0004262962152556096,0.00044494667467304214,0.00046226495841780155,0.0004752536712263708
