HitRate: 1361649/3000000 0.453883
CumReqs: 3000000
CumProbs: 0.12903774124460327
SectionCumProbs: 0_3 0.059874789109905485
SectionCumProbs: 1_3 0.04470636699775827
SectionCumProbs: 2_3 0.024456585136939407
