HitRate: 1897737/3000000 0.632579
CumReqs: 3000000
CumProbs: 0.26759942356197103
SectionCumProbs: 0_3 0.144113173288683
SectionCumProbs: 1_3 0.0697258053335182
SectionCumProbs: 2_3 0.05376044493976996
