HitRate: 2706463/3000000 0.902154
CumReqs: 93696,93531,93985,94353,94051,93259,93652,93949,93519,94304,93653,93630,93340,93765,93628,94235,93905,94016,94395,93413,93488,93679,93696,93619,93411,94314,93095,93187,93715,93795,94048,93674
CumProbs: 0.029398741642755223,0.029423794153386848,0.029546020038590123,0.029572401091452313,0.029556268792939253,0.029431955198517167,0.029431575615022635,0.029514324816806017,0.029405953729149382,0.02961054923264137,0.02939798247576644,0.029514324816805933,0.029443152911602422,0.029440495827141405,0.02947048292320078,0.02961130839963012,0.02957657650989053,0.02952400419591369,0.029588723181712153,0.02941392498253223,0.029538048785207233,0.02953577128424061,0.02948016230230827,0.02939058059762553,0.029374638090859884,0.029730877200371958,0.029375776841342904,0.029327000362310278,0.029556458584686553,0.029553232124983952,0.02954658941383155,0.029455109791676592
SectionCumProbs: 0_3 0.010871840655404079,0.010860263358824328,0.010893476914586007,0.010968065071239338,0.010900119625738253,0.010867285653471085,0.010846218769530793,0.010882468993247785,0.010848496270497263,0.010906382753396174,0.010840525017114529,0.010870322321426377,0.010868993779195944,0.010862540859790795,0.010831604804995653,0.010947187979046251,0.010948326729529485,0.0109077112956267,0.010908850046109942,0.010893476914585958,0.010903915460682484,0.010869373362690338,0.010886644411686412,0.010835400639939884,0.010888352537411312,0.011020257801721962,0.010890630038377844,0.010771630612877461,0.01092137630142574,0.010964648819789523,0.010943961519343728,0.010884177118972703
SectionCumProbs: 1_3 0.01000392299541479,0.01004377926232879,0.010067313438982779,0.010081168236529055,0.010127097839353788,0.01009673115980029,0.010079270319056956,0.01006048093608326,0.009989878406121321,0.010126908047606584,0.010047764889020237,0.010051750515711635,0.010000506743965007,0.010022902170135777,0.010094833242328167,0.010116659293257266,0.010109826790357738,0.010072817399651898,0.010069021564707728,0.010060480936083218,0.010099198452514032,0.010106410538907984,0.010054787183666947,0.010016639042477845,0.009994243616307108,0.010156515560171294,0.010021004252663638,0.010068452189466134,0.010088000739428676,0.010032012174001797,0.010029734673035345,0.010054976975414203
SectionCumProbs: 2_3 0.008522977991938699,0.008519751532236164,0.00858522968502344,0.008523167783685892,0.008529051327849407,0.008467938385247958,0.00850608652643707,0.008571374887477173,0.00856757905253295,0.008577258431640604,0.00850969256963407,0.0085922519796702,0.008573652388443674,0.00855505279721715,0.008544044875878976,0.008547461127328711,0.008518422990005678,0.008543475500637327,0.008610851570896744,0.00845996713186515,0.008534934872012937,0.008559987382644598,0.008538730706957043,0.008538540915209917,0.008492041937143521,0.00855410383848104,0.008464142550303743,0.008486917559968886,0.008547081543834344,0.008556571131194806,0.00857289322145481,0.008515955697291959
