HitRate: 1646384/3000000 0.548795
CumReqs: 3000000
CumProbs: 0.28400685615389965
SectionCumProbs: 0_3 0.20073387472542176
SectionCumProbs: 1_3 0.05087366038740587
SectionCumProbs: 2_3 0.032399321041070336
