HitRate: 1680311/3000000 0.560104
CumReqs: 3000000
CumProbs: 0.44110416666699326
SectionCumProbs: 0_3 0.14121354166669767
SectionCumProbs: 1_3 0.14627083333336455
SectionCumProbs: 2_3 0.15361979166669756
