HitRate: 2511165/3000000 0.837055
CumReqs: 374007,350814,281363,359339,390515,450872,382391,410699
CumProbs: 0.3143616866511714,0.288973015262363,0.22056361796568652,0.29794389683276024,0.3298306301180324,0.39020603058938425,0.321557077876524,0.34988992089175525
SectionCumProbs: 0_3 0.2670179715055141,0.24355738176598593,0.17385710082987696,0.24834202435641725,0.2829990010442158,0.3418659459529366,0.2732386534463975,0.3059526772984875
SectionCumProbs: 1_3 0.02972006607979361,0.028329610148614865,0.02892607403911126,0.03231993741170233,0.029852936897676534,0.03119748612292008,0.030992199092857622,0.02724013409930722
SectionCumProbs: 2_3 0.017623649065863167,0.01708602334776265,0.017780443096698243,0.017281935064641152,0.016978692176139485,0.017142598513527885,0.017326225337268786,0.01669710949395934
