HitRate: 399947/30000000 0.013332
CumReqs: 1875998,1874093,1871613,1873459,1875171,1873462,1876234,1879134,1875110,1875228,1874520,1874767,1874029,1874545,1875174,1877463
CumProbs: 0.0008418376725350169,0.0008454717991272496,0.000787621058264327,0.0008311037465665911,0.0008482263826055235,0.0008112236364424517,0.000829350354747528,0.0008104499520418764,0.000806646781367281,0.0008343092560460179,0.0008325466542150737,0.0008366330349251585,0.0008140849206427352,0.0008207937936427762,0.0008428881173586166,0.0008387030653902277
SectionCumProbs: 0_3 0.0002929767105596825,0.0002829795334587928,0.00025569358420454583,0.0002927093337585675,0.00028258729632694486,0.00026980967653440167,0.00027960493649449765,0.00027423957940302606,0.00026614283313276056,0.00027921210908856114,0.0002836049201751204,0.00028209558933067346,0.00027247237690639027,0.0002824652571591353,0.00027986896262210986,0.00027731508101444747
SectionCumProbs: 1_3 0.00027810198581850766,0.00029266484618939296,0.00025684680616356524,0.0002765143655328152,0.0002849353285267233,0.000273739790860042,0.00027171426532514976,0.0002652614844745306,0.00027278150691876943,0.00028025047933484933,0.0002789899663797329,0.00027260379101560643,0.00027169888347684204,0.0002646392314191731,0.00028221152610606777,0.0002778700775457143
SectionCumProbs: 2_3 0.00027075897615682644,0.0002698274194790637,0.0002750806678962156,0.0002618800472752093,0.0002807037577518551,0.00026767416904800885,0.00027803115292788074,0.00027094888816431924,0.0002677224413157512,0.0002748466676226082,0.00026995176766022,0.0002819336545788782,0.0002699136602595025,0.00027368930506446764,0.00028080762863043904,0.0002835179068300656
