HitRate: 1623602/3000000 0.541201
CumReqs: 3000000
CumProbs: 0.543857704051515
SectionCumProbs: 0_3 0.4482845759158439
SectionCumProbs: 1_3 0.05721909092028966
SectionCumProbs: 2_3 0.03835403721538187
