HitRate: 1680042/3000000 0.560014
CumReqs: 3000000
CumProbs: 0.4400208333338689
SectionCumProbs: 0_3 0.14093815104146326
SectionCumProbs: 1_3 0.14621549479145857
SectionCumProbs: 2_3 0.15286718749979697
