HitRate: 9886/3000000 0.003295
CumReqs: 93452,94363,93265,93960,93142,94498,93016,93376,93871,94153,93338,93797,94350,93606,93760,93501,93223,93814,93843,93936,93644,94152,93370,94493,93957,93443,93237,93951,93631,93798,93968,94092
CumProbs: 0.0003124999999999999,0.0003124999999999999,0.0003124999999999999,0.0003124999999999999,0.0003124999999999999,0.0003124999999999999,0.0003124999999999999,0.0003124999999999999,0.0003124999999999999,0.0003124999999999999,0.0003124999999999999,0.0003124999999999999,0.0003124999999999999,0.0003124999999999999,0.0003124999999999999,0.0003124999999999999,0.0003124999999999999,0.0003124999999999999,0.0003124999999999999,0.0003124999999999999,0.0003124999999999999,0.0003124999999999999,0.0003124999999999999,0.0003124999999999999,0.0003124999999999999,0.0003124999999999999,0.0003124999999999999,0.0003124999999999999,0.0003124999999999999,0.0003124999999999999,0.0003124999999999999,0.0003124999999999999
SectionCumProbs: 0_3 0.00010416666666666669,0.00010416666666666669,0.00010416666666666669,0.00010416666666666669,0.00010416666666666669,0.00010416666666666669,0.00010416666666666669,0.00010416666666666669,0.00010416666666666669,0.00010416666666666669,0.00010416666666666669,0.00010416666666666669,0.00010416666666666669,0.00010416666666666669,0.00010416666666666669,0.00010416666666666669,0.00010416666666666669,0.00010416666666666669,0.00010416666666666669,0.00010416666666666669,0.00010416666666666669,0.00010416666666666669,0.00010416666666666669,0.00010416666666666669,0.00010416666666666669,0.00010416666666666669,0.00010416666666666669,0.00010416666666666669,0.00010416666666666669,0.00010416666666666669,0.00010416666666666669,0.00010416666666666669
SectionCumProbs: 1_3 0.00010416666666666669,0.00010416666666666669,0.00010416666666666669,0.00010416666666666669,0.00010416666666666669,0.00010416666666666669,0.00010416666666666669,0.00010416666666666669,0.00010416666666666669,0.00010416666666666669,0.00010416666666666669,0.00010416666666666669,0.00010416666666666669,0.00010416666666666669,0.00010416666666666669,0.00010416666666666669,0.00010416666666666669,0.00010416666666666669,0.00010416666666666669,0.00010416666666666669,0.00010416666666666669,0.00010416666666666669,0.00010416666666666669,0.00010416666666666669,0.00010416666666666669,0.00010416666666666669,0.00010416666666666669,0.00010416666666666669,0.00010416666666666669,0.00010416666666666669,0.00010416666666666669,0.00010416666666666669
SectionCumProbs: 2_3 0.00010416666666666669,0.00010416666666666669,0.00010416666666666669,0.00010416666666666669,0.00010416666666666669,0.00010416666666666669,0.00010416666666666669,0.00010416666666666669,0.00010416666666666669,0.00010416666666666669,0.00010416666666666669,0.00010416666666666669,0.00010416666666666669,0.00010416666666666669,0.00010416666666666669,0.00010416666666666669,0.00010416666666666669,0.00010416666666666669,0.00010416666666666669,0.00010416666666666669,0.00010416666666666669,0.00010416666666666669,0.00010416666666666669,0.00010416666666666669,0.00010416666666666669,0.00010416666666666669,0.00010416666666666669,0.00010416666666666669,0.00010416666666666669,0.00010416666666666669,0.00010416666666666669,0.00010416666666666669
