HitRate: 1608977/3000000 0.536326
CumReqs: 374463,374542,374810,373639,375232,375691,376036,375587
CumProbs: 0.11533990443251939,0.11478707542946105,0.1147811628198025,0.11483536174167087,0.11533267790960332,0.11519307462600288,0.11655855897877435,0.11497430806864314
SectionCumProbs: 0_3 0.0387929604469408,0.038212210787162186,0.038107754683197465,0.03866156912119905,0.038468423872358666,0.03840404212274513,0.03896639699691989,0.0381294342519449
SectionCumProbs: 1_3 0.038383347988940865,0.038458569522928025,0.03838137711905469,0.038281848189805345,0.03828086275486226,0.038362325376822125,0.03865532803322626,0.038609341069216686
SectionCumProbs: 2_3 0.03816359599663775,0.03811629511937068,0.03829203101755031,0.037891944430666624,0.0385833912823827,0.038426707126435644,0.03893683394862803,0.038235532747481336
