HitRate: 1510767/3000000 0.503589
CumReqs: 375431,374294,375476,374711,376027,374420,374792,374849
CumProbs: 0.06633552613720779,0.06611016456444894,0.06640749033691207,0.06624399272530278,0.06649933938127187,0.06613289010119766,0.06601831552008953,0.06604640680857035
SectionCumProbs: 0_3 0.022421582694756352,0.022420004532482118,0.022491337467276773,0.02246040548670207,0.022662725890257102,0.02219495859217829,0.022465771238434417,0.022457249162153668
SectionCumProbs: 1_3 0.02219843054918157,0.021944030790577256,0.022210108950010795,0.022063971123417986,0.022170970525610133,0.022169392363335934,0.02195854988350012,0.022010629238549368
SectionCumProbs: 2_3 0.02171551289327025,0.021746129241390025,0.021706043919624888,0.02171961611518313,0.02166564296540472,0.02176853914568395,0.021593994398155205,0.021578528407867874
