HitRate: 17449957/30000000 0.581665
CumReqs: 3749010,3750731,3749816,3751869,3751761,3749794,3749284,3747735
CumProbs: 0.052175000000000145,0.052731944444444435,0.0521166666666671,0.05220138888888881,0.052323611111111154,0.05228888888888902,0.05229583333333375,0.05227916666666679
SectionCumProbs: 0_3 0.016523611111112092,0.016755555555556478,0.016593055555556492,0.016534722222223165,0.016551388888889844,0.01653611111111206,0.01640694444444538,0.016451388888889876
SectionCumProbs: 1_3 0.017325000000000933,0.017466666666667553,0.017119444444445377,0.017263888888889765,0.01736388888888976,0.017379166666667487,0.017450000000000895,0.017390277777778684
SectionCumProbs: 2_3 0.01832638888888974,0.01850972222222304,0.01840416666666756,0.01840277777777867,0.018408333333334182,0.01837361111111201,0.018438888888889757,0.018437500000000873
