HitRate: 36507/3000000 0.012169
CumReqs: 3000000
CumProbs: 0.007882812499999824
SectionCumProbs: 0_3 0.0026397569444444897
SectionCumProbs: 1_3 0.0026571180555555944
SectionCumProbs: 2_3 0.002585937500000043
