HitRate: 1939604/3000000 0.646535
CumReqs: 343420,368576,406061,400950,394147,380334,363260,343252
CumProbs: 0.14839483571621787,0.14961203120232597,0.16485019371460202,0.147521672914523,0.14872905758263458,0.15495663781959196,0.14415198395996717,0.14272352885966577
SectionCumProbs: 0_3 0.11122360849080518,0.11294638813100343,0.1267583847338441,0.11082986766187626,0.11233844444248245,0.11319918020804824,0.10745821654372092,0.10945798827868887
SectionCumProbs: 1_3 0.024970493964875343,0.024215060979139336,0.021865043041693764,0.024832161431123715,0.02280851670569743,0.022362124486853385,0.023538441564642368,0.021547499565871375
SectionCumProbs: 2_3 0.012200733260537066,0.012450582092183115,0.016226765939063702,0.011859643821522934,0.013582096434454415,0.019395333124689988,0.013155325851603531,0.011718041015105705
