HitRate: 28102535/30000000 0.936751
CumReqs: 30000000
CumProbs: 0.8631729166666753
SectionCumProbs: 0_3 0.25749583333364523
SectionCumProbs: 1_3 0.27841458333366254
SectionCumProbs: 2_3 0.32726250000024953
