HitRate: 2338768/3000000 0.779589
CumReqs: 3000000
CumProbs: 0.7978094582721926
SectionCumProbs: 0_3 0.691020242788527
SectionCumProbs: 1_3 0.06521339008750798
SectionCumProbs: 2_3 0.04157582539611903
