HitRate: 1016027/3000000 0.338676
CumReqs: 375054,374789,374824,374772,375929,374672,375093,374867
CumProbs: 0.09916666666666675,0.09666666666666679,0.10020833333333339,0.09875000000000014,0.09479166666666673,0.0979166666666667,0.09937500000000007,0.10000000000000009
SectionCumProbs: 0_3 0.032083333333333346,0.03145833333333335,0.031458333333333345,0.031666666666666676,0.03208333333333333,0.03145833333333333,0.03395833333333334,0.03375000000000001
SectionCumProbs: 1_3 0.031458333333333345,0.030625,0.032708333333333346,0.03458333333333336,0.028125,0.031875000000000014,0.03229166666666669,0.03270833333333334
SectionCumProbs: 2_3 0.03562500000000002,0.034583333333333334,0.03604166666666669,0.03250000000000001,0.034583333333333334,0.03458333333333334,0.03312500000000002,0.033541666666666664
