HitRate: 2752907/3000000 0.917636
CumReqs: 3000000
CumProbs: 0.7927568913579857
SectionCumProbs: 0_3 0.5446242524162551
SectionCumProbs: 1_3 0.14976354308556478
SectionCumProbs: 2_3 0.098369095856176
