HitRate: 348813/3000000 0.116271
CumReqs: 3000000
CumProbs: 0.08413541666666072
SectionCumProbs: 0_3 0.02796874999999991
SectionCumProbs: 1_3 0.028270833333333245
SectionCumProbs: 2_3 0.027895833333333266
