HitRate: 2809182/3000000 0.936394
CumReqs: 3000000
CumProbs: 0.86316666666689
SectionCumProbs: 0_3 0.257812499999982
SectionCumProbs: 1_3 0.27889583333332274
SectionCumProbs: 2_3 0.3264583333333333
