HitRate: 301079/3000000 0.100360
CumReqs: 3000000
CumProbs: 0.10000000000000292
SectionCumProbs: 0_3 0.03333333333333361
SectionCumProbs: 1_3 0.03333333333333361
SectionCumProbs: 2_3 0.03333333333333361
