HitRate: 36641/3000000 0.012214
CumReqs: 3000000
CumProbs: 0.007802083333333531
SectionCumProbs: 0_3 0.002633680555555573
SectionCumProbs: 1_3 0.0025052083333333467
SectionCumProbs: 2_3 0.0026631944444444554
