HitRate: 1499052/3000000 0.499684
CumReqs: 3000000
CumProbs: 0.49999999999995326
SectionCumProbs: 0_3 0.16666666666665664
SectionCumProbs: 1_3 0.16666666666665664
SectionCumProbs: 2_3 0.16666666666665664
