HitRate: 13204/3000000 0.004401
CumReqs: 93425,93567,93658,94230,93751,93916,93497,93375,94125,93702,94252,93495,93938,93892,93324,93864,93965,93334,93560,93711,93636,93458,93450,93187,94107,93712,94011,93798,93975,94277,93837,93971
CumProbs: 0.00042652638449958895,0.000409160607739437,0.000404096095867643,0.0004395036265274039,0.0004042529920062713,0.0003992861333327939,0.0003963532822766925,0.00040251389704781067,0.0004102504174326475,0.00039735867620513637,0.00044259076963684506,0.00045612940905142527,0.00041033852231823955,0.00040774810847756757,0.0003974700008512169,0.00041261557789586963,0.00046027966997987037,0.00046159885618557087,0.0003987876680071657,0.00043286559612007236,0.0003609934931805531,0.0003817434957801355,0.00044489755518818474,0.00042501818510336947,0.00044232862505114243,0.00042845536067699815,0.0003838588810627752,0.00042805628460654526,0.00039885363816780605,0.000370535078684491,0.0004342826525311965,0.0004377237342327576
SectionCumProbs: 0_3 0.00014255435590933047,0.00012390606714462354,0.00012984707072308355,0.00013830644178256877,0.00014491127010247268,0.0001166415372183158,0.00014203332184453582,0.0001345337732209467,0.00016339441645847128,0.00013273001014448986,0.00015413515720122135,0.00014787688923178686,0.00014732634220038996,0.00014823278088787312,0.00012231692409735528,0.00012330539147142422,0.0001700563176476134,0.0001411631233439834,0.00012228068391042455,0.00015241298879713547,0.00011503959075171272,0.0001068950970050209,0.00013930532549779148,0.00016708766041879602,0.00014524936717575464,0.0001621579099606788,0.0001285035797213578,0.00014118981521818986,0.00012278978258431386,0.0001137338589866693,0.00015002938272978678,0.00014637845515539914
SectionCumProbs: 1_3 0.00014496487085799298,0.00014196105847778172,0.00013923436417368157,0.00016876490835165638,0.0001547913866939073,0.00014265352815739842,0.00011874628915269441,0.00012802746612778867,0.00012658762397039076,0.00012491992435025473,0.00014578993188021252,0.00017322028127306346,0.00011826952453780321,0.00010805977415027403,0.00014805960921619211,0.00015865584926194674,0.00014612347180423973,0.0001397610404232678,0.00014325398682349036,0.00013637963567623328,0.0001237135818403866,0.00015107731005127502,0.0001358976628907652,0.00013330269190083848,0.00013524165040518666,0.00012675558747149494,0.00014144631761910085,0.00015551749247516626,0.0001297413882617945,0.00010920882678379653,0.00013879166967464742,0.00014640058988035082
SectionCumProbs: 2_3 0.00013900715773226553,0.00014329348211703164,0.00013501466097087794,0.00013243227639317864,0.00010455033520989139,0.00013999106795707967,0.00013557367127946227,0.00013995265769907526,0.0001202683770037854,0.00013970874171039173,0.00014266568055541112,0.0001350322385465749,0.00014474265558004642,0.00015145555343942042,0.00012709346753766955,0.00013065433716249878,0.0001440998805280174,0.0001806746924183197,0.00013325299727325081,0.00014407297164670355,0.00012224032058845378,0.00012377108872383956,0.00016969456679962808,0.00012462783278373513,0.00016183760747020114,0.00013954186324482442,0.00011390898372231664,0.00013134897691318914,0.00014632246732169778,0.0001475923929140252,0.0001454616001267622,0.0001449446891970076
