HitRate: 2958260/3000000 0.986087
CumReqs: 379743,377782,380672,373163,375888,375210,368294,369248
CumProbs: 0.1160981189773732,0.11555226040932778,0.11564703585301055,0.11404545082369151,0.11463989680273859,0.11572621533760612,0.11267120689029471,0.11214124420362653
SectionCumProbs: 0_3 0.04342514854401228,0.04278511437686493,0.04062537396560552,0.04300045858118163,0.042178671506212795,0.04431351836739106,0.04156593026746772,0.04161451767846953
SectionCumProbs: 1_3 0.03720895915868199,0.039644628076865265,0.03813301973458678,0.036186823993903196,0.03838795368120117,0.03482007811775966,0.03648644636174764,0.03644955592006116
SectionCumProbs: 2_3 0.03546401127467873,0.03312251795559767,0.03688864215281826,0.034858168248606825,0.03407327161532449,0.03659261885245532,0.03461883026107935,0.03407717060509625
