HitRate: 1147644/3000000 0.382548
CumReqs: 375361,374814,374571,374006,374966,375017,375470,375795
CumProbs: 0.14392001297087853,0.14286782158178915,0.14279239698234822,0.14298559852592888,0.14279322673973668,0.14352674615837352,0.14380763118565876,0.14373199827892347
SectionCumProbs: 0_3 0.04976754277323835,0.04892278031592314,0.04902721170608116,0.050210074260821295,0.04874842016710268,0.04911219066674937,0.04826511252668029,0.04980294112609908
SectionCumProbs: 1_3 0.04868306722533621,0.04751642833702581,0.04804092874487581,0.04778008287929256,0.048067741365427505,0.04730627057969742,0.04885019216747148,0.04754997275496822
SectionCumProbs: 2_3 0.04546940297230412,0.04642861292884001,0.04572425653139104,0.04499544138581481,0.04597706520720655,0.047108284911926694,0.04669232649150686,0.046379084397856284
