HitRate: 572248/3000000 0.190749
CumReqs: 374815,375085,375123,374842,374984,374861,375453,374837
CumProbs: 0.054166666666666675,0.05354166666666666,0.05166666666666664,0.05312499999999999,0.05375000000000001,0.05375000000000002,0.05187500000000002,0.055416666666666684
SectionCumProbs: 0_3 0.018125,0.016666666666666653,0.017291666666666657,0.01895833333333333,0.01791666666666666,0.017291666666666653,0.017499999999999995,0.017916666666666664
SectionCumProbs: 1_3 0.016666666666666656,0.020208333333333328,0.017291666666666657,0.017499999999999995,0.017708333333333326,0.01729166666666666,0.017083333333333325,0.018541666666666658
SectionCumProbs: 2_3 0.019374999999999996,0.01666666666666666,0.017083333333333325,0.01666666666666666,0.018124999999999995,0.019166666666666665,0.017291666666666657,0.018958333333333327
