HitRate: 39749/3000000 0.013250
CumReqs: 3000000
CumProbs: 0.013289828912289187
SectionCumProbs: 0_3 0.004439867358831941
SectionCumProbs: 1_3 0.004390582167158749
SectionCumProbs: 2_3 0.004459379386298484
