HitRate: 10068/3000000 0.003356
CumReqs: 187070,187043,187978,188053,187484,187748,187817,187238,187777,187477,187138,187366,186964,188060,187697,187090
CumProbs: 0.0006249999999999998,0.0006249999999999998,0.0006249999999999998,0.0006249999999999998,0.0006249999999999998,0.0006249999999999998,0.0006249999999999998,0.0006249999999999998,0.0006249999999999998,0.0006249999999999998,0.0006249999999999998,0.0006249999999999998,0.0006249999999999998,0.0006249999999999998,0.0006249999999999998,0.0006249999999999998
SectionCumProbs: 0_3 0.00020833333333333337,0.00020833333333333337,0.00020833333333333337,0.00020833333333333337,0.00020833333333333337,0.00020833333333333337,0.00020833333333333337,0.00020833333333333337,0.00020833333333333337,0.00020833333333333337,0.00020833333333333337,0.00020833333333333337,0.00020833333333333337,0.00020833333333333337,0.00020833333333333337,0.00020833333333333337
SectionCumProbs: 1_3 0.00020833333333333337,0.00020833333333333337,0.00020833333333333337,0.00020833333333333337,0.00020833333333333337,0.00020833333333333337,0.00020833333333333337,0.00020833333333333337,0.00020833333333333337,0.00020833333333333337,0.00020833333333333337,0.00020833333333333337,0.00020833333333333337,0.00020833333333333337,0.00020833333333333337,0.00020833333333333337
SectionCumProbs: 2_3 0.00020833333333333337,0.00020833333333333337,0.00020833333333333337,0.00020833333333333337,0.00020833333333333337,0.00020833333333333337,0.00020833333333333337,0.00020833333333333337,0.00020833333333333337,0.00020833333333333337,0.00020833333333333337,0.00020833333333333337,0.00020833333333333337,0.00020833333333333337,0.00020833333333333337,0.00020833333333333337
