HitRate: 2792657/3000000 0.930886
CumReqs: 3000000
CumProbs: 0.9653156025781942
SectionCumProbs: 0_3 0.8413426618978361
SectionCumProbs: 1_3 0.07668004752663087
SectionCumProbs: 2_3 0.04729289315225909
