HitRate: 2688363/3000000 0.896121
CumReqs: 94888,93363,97453,92180,93362,91005,92882,87100,94995,95344,99113,92914,99225,92612,91251,97574,97144,91900,90591,93000,95317,91731,89718,88317,92279,95169,102236,92419,87758,94490,94548,98122
CumProbs: 0.016144821035512263,0.017346248485834947,0.016726881105564178,0.014808030778200774,0.016995625800415137,0.016377579032895474,0.016228349792019998,0.014703372217675294,0.016485208972110962,0.016183448958482238,0.01660175304739647,0.015784623907646917,0.016626514536479776,0.017339645422079393,0.015174500816633903,0.016970204004956257,0.017341956494393834,0.015512907834105956,0.01476147917872413,0.015760852878126928,0.016329706820667724,0.015585541535417021,0.014811662463266328,0.014929196998115154,0.016923652405479623,0.017790304523395802,0.017910150130559088,0.016922661945916285,0.015278499070783854,0.01648685973804986,0.015625159917950323,0.01684111410853522
SectionCumProbs: 0_3 0.005339567505927075,0.0054769112320425545,0.005974782239211174,0.00499389711832393,0.005968839481831175,0.005745986080081295,0.00581168656444904,0.004967484863301724,0.00510383812985387,0.006429403178780924,0.005833476674842359,0.005670381000080226,0.005562420907676953,0.006161648943493292,0.0053722526715170565,0.0062105116152843766,0.006546607560441968,0.0048961717747417624,0.005198261941558265,0.005286082689507105,0.005247784919724901,0.0057057073911724295,0.005478561997981442,0.004800427350286259,0.006254091836071021,0.005765134964972399,0.006410254293889821,0.005542281563222521,0.005798810590125713,0.005920637116415646,0.0049866337481928235,0.006065574365850011
SectionCumProbs: 1_3 0.005763484199033508,0.005545583095100295,0.0055105868571958695,0.004903104991685093,0.0057856044626146096,0.006368985145417623,0.005683256974403555,0.005258349821733788,0.005655193953442458,0.004864146915527334,0.005207836384003813,0.005024601364787248,0.005504313946628098,0.005750278071522406,0.004886597332296213,0.006103541982444435,0.005474270006540333,0.005125628240247191,0.00473010472128963,0.0054541306620859015,0.005575627035188058,0.0045726216507197175,0.00485820415814734,0.005340888118678186,0.005382157267150386,0.005912383286721205,0.00546502571728256,0.005385128645840384,0.00506157852181834,0.005102517517102761,0.005071152964263889,0.006203578398341044
SectionCumProbs: 2_3 0.00504176933055168,0.006323754158692093,0.0052415120091571284,0.004911028668191754,0.00524118185596935,0.004262607807396554,0.004733406253167409,0.004477537532639769,0.005726176888814642,0.004889898864173988,0.005560439988550287,0.005089641542779435,0.0055597796821747324,0.005427718407063694,0.004915650812820642,0.004656150407227448,0.005321078927411529,0.005491107819116993,0.0048331125158762415,0.005020639526533916,0.005506294865754763,0.005307212493524869,0.004474896307137548,0.004787881529150709,0.005287403302258213,0.006112786271702206,0.006034870119386694,0.005995251736853384,0.004418109958839803,0.005463705104531452,0.0055673732054936165,0.004571961344344162
