HitRate: 2707079/3000000 0.902360
CumReqs: 3000000
CumProbs: 0.9037988227945154
SectionCumProbs: 0_3 0.3043626623156953
SectionCumProbs: 1_3 0.30220359835235805
SectionCumProbs: 2_3 0.2972325621264577
