HitRate: 1509663/3000000 0.503221
CumReqs: 3000000
CumProbs: 0.07950485818971359
SectionCumProbs: 0_3 0.028226725711275946
SectionCumProbs: 1_3 0.02589187805427479
SectionCumProbs: 2_3 0.02538625442420288
