HitRate: 1774836/3000000 0.591612
CumReqs: 3000000
CumProbs: 0.35797635353358276
SectionCumProbs: 0_3 0.2674958921126275
SectionCumProbs: 1_3 0.05567954538607131
SectionCumProbs: 2_3 0.03480091603488124
