HitRate: 1511230/3000000 0.503743
CumReqs: 375337,373086,372510,377132,377967,373607,373032,377329
CumProbs: 0.06355145666516088,0.06315735821450416,0.06253839378397141,0.0625973586409167,0.06211631201137455,0.06229587166049036,0.062261558777635145,0.0634851628429456
SectionCumProbs: 0_3 0.021358936740369407,0.021221685208948796,0.021410239497259634,0.021002149385632825,0.02057207237819593,0.02120236339141871,0.021338948653269317,0.02132728893579427
SectionCumProbs: 1_3 0.021097092799358248,0.021075772173118148,0.020056379731013645,0.02103013270757295,0.02111275013425332,0.02040383931177019,0.02082525481479705,0.021181375899963627
SectionCumProbs: 2_3 0.021095427125433237,0.020859900832437196,0.021071774555698138,0.020565076547710892,0.020431489498925315,0.020689668957301448,0.02009735530956883,0.020976498007187715
