HitRate: 300088/3000000 0.100029
CumReqs: 3000000
CumProbs: 0.09999999999999977
SectionCumProbs: 0_3 0.033333333333333305
SectionCumProbs: 1_3 0.033333333333333305
SectionCumProbs: 2_3 0.033333333333333305
