HitRate: 907317/3000000 0.302439
CumReqs: 186841,186928,187699,186752,188495,187352,187861,187742,187779,187041,187502,188037,187348,188229,186658,187736
CumProbs: 0.05716851988922249,0.056506848745436274,0.056900391713309156,0.05632587885995626,0.05700850791327417,0.05612062441263791,0.056742375728744764,0.05632953817749356,0.05718315715937157,0.05659167837925502,0.05724669621842797,0.057049758401876254,0.056982892690513195,0.05674836370289666,0.057218419673821734,0.05704077644064837
SectionCumProbs: 0_3 0.018971898104639846,0.01911128483628713,0.018812551459152872,0.018668174749045665,0.0194629119850966,0.018827188729301975,0.018980880065867727,0.018735373125639342,0.019208755748871008,0.018752339052403075,0.019226387006096086,0.019381076338353807,0.018844819986527064,0.01886744122221206,0.019307889987608226,0.019018138571701832
SectionCumProbs: 1_3 0.019073028334761016,0.01885845926098419,0.019099641553213965,0.01868214668873346,0.018947946208032203,0.018745353082559195,0.01904807844246138,0.01862326494290633,0.018983874052943675,0.019148543342121245,0.01889871175389426,0.018701108606881178,0.019429645462030427,0.019327517236217256,0.018980880065867702,0.018685806006270744
SectionCumProbs: 2_3 0.01912359344982161,0.018537104648164947,0.01898819870094227,0.018975557422177127,0.018597649720145378,0.01854808260077677,0.018713417220415657,0.01897090010894785,0.01899052735755691,0.018690795984730665,0.01912159745843763,0.01896757345664124,0.018708427241955747,0.018553405244467365,0.01892964962034581,0.019336831862675798
