HitRate: 1273391/3000000 0.424464
CumReqs: 3000000
CumProbs: 0.012249731345092768
SectionCumProbs: 0_3 0.004005763717551191
SectionCumProbs: 1_3 0.004161944878373497
SectionCumProbs: 2_3 0.004082022749168056
