HitRate: 978297/3000000 0.326099
CumReqs: 94203,93640,93221,93761,93805,93589,94089,93916,93538,94265,94262,94293,94262,94277,94259,93392,92804,93483,94096,93209,93592,93905,94084,93727,93550,93489,93389,92458,93621,94003,94142,93676
CumProbs: 0.0034573026275433643,0.0032520594774091633,0.0034781916719027446,0.003417513971620742,0.003457302627543367,0.003371425445177034,0.0035657267149325172,0.0034198349765495626,0.003322684341671822,0.0034214928372130055,0.0035203013327541896,0.003568047719861334,0.0034105509568342816,0.0035408588049808784,0.0034811758210969387,0.0034158561109572973,0.0033531889778791626,0.0033177107596814898,0.003583631610097699,0.003553126973890355,0.003405245802711265,0.0033886671960768363,0.003358825704134871,0.003409556240436216,0.00354947968043078,0.003460949921002939,0.003428787424132153,0.0034881388358834024,0.0034805126768315637,0.0036645352104737014,0.003468576080054775,0.0035481533919000255
SectionCumProbs: 0_3 0.0012032752695266974,0.001065341262328266,0.0012254906024168298,0.0011843756579634512,0.0012238327417533868,0.0010699832721859062,0.0011701180562578436,0.0011306609724679082,0.001118061231425744,0.0011160717986296118,0.0010862303066876441,0.0011740969218501064,0.0011933281055460415,0.0011863650907595821,0.0011876913792903364,0.0011734337775847288,0.0011137507937007925,0.0011210453806199403,0.001277215855116241,0.0012370956270609285,0.001093193321474103,0.001093193321474104,0.0011273452511410223,0.0011031404854547594,0.0012656108304721426,0.0011353029823255474,0.0012032752695266971,0.0010802620082992504,0.0011157402264969235,0.0011790705038404344,0.0011011510526586282,0.0011512184446945974
SectionCumProbs: 1_3 0.0011024773411893824,0.0010981669034644316,0.0011250242462122026,0.0011515500168272864,0.0011668023349309582,0.001151218444694598,0.00121620658270155,0.001178738931707746,0.0010739621377781684,0.001185701946494205,0.0012016174088632545,0.001163486613604073,0.0010766147148396769,0.0011243611019468264,0.0011956491104748606,0.001167133907063647,0.001133976693794793,0.0011038036297201367,0.0011754232103808604,0.0011081140674450878,0.0011286715396717766,0.0011561920266849259,0.001130660972467908,0.0011515500168272862,0.0011492290118984662,0.0011916702448825983,0.0011303294003352196,0.0012185275876303698,0.0011843756579634507,0.0011664707627982698,0.0011353029823255477,0.0011482342955004001
SectionCumProbs: 2_3 0.0011515500168272855,0.0010885513116164639,0.0011276768232737116,0.0010815882968300047,0.0010666675508590206,0.0011502237282965315,0.0011794020759731227,0.0011104350723739073,0.0011306609724679082,0.0011197190920891865,0.001232453617203289,0.0012304641844071574,0.0011406081364485645,0.001230132612274469,0.0010978353313317434,0.0010752884263089224,0.0011054614903835793,0.0010928617493414152,0.001130992544600597,0.0012079172793843373,0.0011833809415653855,0.0011392818479178096,0.0011008194805259396,0.0011548657381541716,0.0011346398380601705,0.0011339766937947934,0.0010951827542702347,0.0011893492399537792,0.0011803967923711882,0.0013189939438349963,0.0012321220450705994,0.0012487006517050271
