HitRate: 2707009/3000000 0.902336
CumReqs: 3000000
CumProbs: 0.9754711564806383
SectionCumProbs: 0_3 0.3829577913678447
SectionCumProbs: 1_3 0.33825808276743685
SectionCumProbs: 2_3 0.25425528236951855
