HitRate: 30214/3000000 0.010071
CumReqs: 187197,187542,187675,187787,188022,187731,187422,187679,187014,187154,187117,187406,187735,187912,187443,187164
CumProbs: 0.0006249999999999998,0.0006249999999999998,0.0006249999999999998,0.0006249999999999998,0.0006249999999999998,0.0006249999999999998,0.0006249999999999998,0.0006249999999999998,0.0006249999999999998,0.0006249999999999998,0.0006249999999999998,0.0006249999999999998,0.0006249999999999998,0.0006249999999999998,0.0006249999999999998,0.0006249999999999998
SectionCumProbs: 0_3 0.00020833333333333337,0.00020833333333333337,0.00020833333333333337,0.00020833333333333337,0.00020833333333333337,0.00020833333333333337,0.00020833333333333337,0.00020833333333333337,0.00020833333333333337,0.00020833333333333337,0.00020833333333333337,0.00020833333333333337,0.00020833333333333337,0.00020833333333333337,0.00020833333333333337,0.00020833333333333337
SectionCumProbs: 1_3 0.00020833333333333337,0.00020833333333333337,0.00020833333333333337,0.00020833333333333337,0.00020833333333333337,0.00020833333333333337,0.00020833333333333337,0.00020833333333333337,0.00020833333333333337,0.00020833333333333337,0.00020833333333333337,0.00020833333333333337,0.00020833333333333337,0.00020833333333333337,0.00020833333333333337,0.00020833333333333337
SectionCumProbs: 2_3 0.00020833333333333337,0.00020833333333333337,0.00020833333333333337,0.00020833333333333337,0.00020833333333333337,0.00020833333333333337,0.00020833333333333337,0.00020833333333333337,0.00020833333333333337,0.00020833333333333337,0.00020833333333333337,0.00020833333333333337,0.00020833333333333337,0.00020833333333333337,0.00020833333333333337,0.00020833333333333337
