HitRate: 347655/3000000 0.115885
CumReqs: 3000000
CumProbs: 0.08386979166667047
SectionCumProbs: 0_3 0.02748437499999864
SectionCumProbs: 1_3 0.028161458333331918
SectionCumProbs: 2_3 0.028223958333331873
