HitRate: 1680448/3000000 0.560149
CumReqs: 94835,93381,94359,93516,93836,94042,93607,93559,93161,93876,93567,93797,93867,93803,93444,92766,93723,93964,93842,93439,93855,93824,94337,94109,93480,93771,93183,94114,93360,93751,93971,93861
CumProbs: 0.013604166666666662,0.013963541666666688,0.013708333333333324,0.01358854166666665,0.013833333333333342,0.01371354166666665,0.013776041666666676,0.013687499999999983,0.013895833333333349,0.013760416666666634,0.013755208333333338,0.013963541666666647,0.013661458333333314,0.013864583333333323,0.013687499999999977,0.013895833333333328,0.013739583333333319,0.013890625000000007,0.013739583333333324,0.013822916666666674,0.013859374999999981,0.013874999999999983,0.013739583333333331,0.013802083333333319,0.013718749999999974,0.013874999999999988,0.01365624999999997,0.013885416666666655,0.013796874999999984,0.013791666666666634,0.013843749999999998,0.013833333333333298
SectionCumProbs: 0_3 0.00440104166666667,0.004463541666666673,0.004427083333333334,0.004421875000000005,0.004432291666666669,0.004458333333333336,0.004406249999999998,0.004338541666666666,0.004411458333333333,0.004416666666666672,0.004281249999999999,0.004442708333333332,0.0043854166666666685,0.004369791666666669,0.004473958333333337,0.004401041666666669,0.004348958333333341,0.004484375000000008,0.004421875000000004,0.004375000000000003,0.0044635416666666695,0.004531250000000001,0.004380208333333335,0.004385416666666666,0.004239583333333332,0.004562500000000001,0.004239583333333338,0.004395833333333342,0.0045000000000000005,0.004479166666666674,0.004442708333333337,0.004395833333333337
SectionCumProbs: 1_3 0.0044218750000000005,0.004651041666666668,0.004526041666666664,0.0044843750000000075,0.004583333333333338,0.004505208333333338,0.004489583333333341,0.004515624999999996,0.004593750000000003,0.004463541666666673,0.004515625000000001,0.004645833333333338,0.0045833333333333325,0.004651041666666673,0.004614583333333334,0.00463541666666667,0.0045156250000000005,0.004562500000000006,0.004619791666666674,0.004598958333333342,0.004713541666666672,0.004489583333333336,0.00458854166666667,0.0045520833333333325,0.004645833333333336,0.0044739583333333385,0.004625000000000007,0.004666666666666676,0.0044270833333333376,0.004630208333333339,0.004640625000000007,0.004692708333333333
SectionCumProbs: 2_3 0.004781250000000004,0.004848958333333335,0.004755208333333339,0.004682291666666676,0.004817708333333342,0.004750000000000004,0.004880208333333334,0.0048333333333333344,0.004890625000000003,0.004880208333333338,0.004958333333333337,0.004875,0.004692708333333334,0.004843749999999997,0.004598958333333338,0.004859375000000003,0.004875000000000006,0.004843749999999999,0.0046979166666666706,0.004848958333333337,0.0046822916666666645,0.00485416666666667,0.0047708333333333465,0.004864583333333337,0.004833333333333333,0.00483854166666667,0.004791666666666667,0.004822916666666671,0.0048697916666666655,0.004682291666666668,0.004760416666666668,0.004744791666666673
