HitRate: 36661/3000000 0.012220
CumReqs: 3000000
CumProbs: 0.007819444444444506
SectionCumProbs: 0_3 0.0024895833333333315
SectionCumProbs: 1_3 0.0025659722222222225
SectionCumProbs: 2_3 0.0027638888888888925
