HitRate: 1629810/3000000 0.543270
CumReqs: 3000000
CumProbs: 0.04105599761434685
SectionCumProbs: 0_3 0.016803078450976266
SectionCumProbs: 1_3 0.012153917223696228
SectionCumProbs: 2_3 0.01209900193967437
