HitRate: 2759699/3000000 0.919900
CumReqs: 375364,376732,381210,374229,379377,374287,362499,376302
CumProbs: 0.0897141369315329,0.08703776512759795,0.08807427755215302,0.08620123555418491,0.08775195225089782,0.0857068988593963,0.08547267057884117,0.08813048188286654
SectionCumProbs: 0_3 0.040577696866776806,0.040117082770416986,0.03837762408870402,0.03898306236746081,0.03914278723288402,0.03901390939548028,0.038308871814389196,0.04018269805883156
SectionCumProbs: 1_3 0.026894425785186332,0.023892853109588427,0.02767788801378479,0.025722761551426578,0.024472672670159398,0.025273126905717702,0.025352858630683532,0.023768157920051755
SectionCumProbs: 2_3 0.022242014279558693,0.02302782924758235,0.022018765449654493,0.021495411635288786,0.02413649234784458,0.021419862558190086,0.021810940133759983,0.024179625903973646
