HitRate: 1147558/3000000 0.382519
CumReqs: 375098,375784,375466,375005,374807,374342,374568,374930
CumProbs: 0.1422852884292938,0.14108782733810946,0.14443919252351495,0.13796742337098644,0.14485221776521806,0.14171100648113247,0.14164546343270085,0.14512097894264833
SectionCumProbs: 0_3 0.048437699945311434,0.04790433905384277,0.04820327084086878,0.048426255920982125,0.049508583191641295,0.04955644002065475,0.05061379851095905,0.05102821090712619
SectionCumProbs: 1_3 0.049155899169129144,0.04707932893628488,0.04995975518110863,0.04527013272640704,0.04708730507445379,0.04793069498866177,0.04866762079774559,0.04954187489878107
SectionCumProbs: 2_3 0.044691689314853206,0.046104159347981906,0.04627616650153749,0.04427103472359733,0.0482563294991228,0.04422387147181596,0.042364044123996344,0.04455089313674118
