HitRate: 1512534/3000000 0.504178
CumReqs: 186664,186825,186646,186859,188799,187411,188352,187200,188292,188350,187040,187666,186943,187970,187852,187131
CumProbs: 0.03185900722718776,0.031806282895040276,0.03150278845811644,0.03177398924160003,0.03206001874350005,0.03165173469643305,0.03196247872902722,0.0319371051441812,0.03192688980482761,0.03214338909370829,0.031820452559304956,0.03175322903581688,0.03151135616209042,0.03194007088786448,0.031884710339109626,0.03178618174340912
SectionCumProbs: 0_3 0.010691505978280206,0.010610771844679375,0.01048225628506992,0.010709300440379977,0.010762354299603387,0.010674041043256359,0.010769274368197723,0.010688540234596916,0.010870439180505698,0.010728083483707507,0.0107188567255817,0.010724129158796454,0.010622964346488488,0.010636804483677202,0.010673052462028586,0.010687222126293226
SectionCumProbs: 1_3 0.010642735971043793,0.010656905635308434,0.010458200808527622,0.010464132295894218,0.010764001934982975,0.010550138862709797,0.010542230212887672,0.01063153205046246,0.010551456971013486,0.010715231927746567,0.010594625017959228,0.010545855010722794,0.010447655942098132,0.010694142194887585,0.010618021440349658,0.010559036093759673
SectionCumProbs: 2_3 0.010524765277863817,0.010538605415052535,0.010562331364518895,0.010600556505325804,0.01053366250891371,0.010427554790466894,0.010650974147941838,0.010617032859121897,0.010504993653308505,0.01070007368225418,0.010506970815764061,0.010483244866297677,0.010440735873503778,0.01060912420929977,0.01059363643673146,0.010539923523356204
