HitRate: 2738866/3000000 0.912955
CumReqs: 3000000
CumProbs: 0.9160279707898231
SectionCumProbs: 0_3 0.781795507622492
SectionCumProbs: 1_3 0.08319003772355085
SectionCumProbs: 2_3 0.051042425443782784
