HitRate: 396414/3000000 0.132138
CumReqs: 3000000
CumProbs: 0.13219813999298313
SectionCumProbs: 0_3 0.04426129923142816
SectionCumProbs: 1_3 0.04413464993909765
SectionCumProbs: 2_3 0.04380219082245663
