HitRate: 2967739/3000000 0.989246
CumReqs: 3000000
CumProbs: 0.9897660949187275
SectionCumProbs: 0_3 0.4555658364937038
SectionCumProbs: 1_3 0.31073562668131705
SectionCumProbs: 2_3 0.22346463174649447
