HitRate: 2970915/3000000 0.990305
CumReqs: 3000000
CumProbs: 0.993888397825525
SectionCumProbs: 0_3 0.6640687131106241
SectionCumProbs: 1_3 0.20381180648175382
SectionCumProbs: 2_3 0.12600787823222595
