HitRate: 1524510/3000000 0.508170
CumReqs: 95158,95501,95164,94043,94481,92258,92822,90202,91706,91909,96197,95762,96935,95276,94100,94304,95522,95059,93352,92406,93052,93591,92845,90014,90359,91754,96111,96227,94143,91321,92193,96233
CumProbs: 0.0032062374074576156,0.0033148218033469978,0.0031252987319940594,0.003637577262294268,0.0035013471459790636,0.004235124520654851,0.003811778609073859,0.0029044660495564528,0.003502679469855007,0.0034407264096236417,0.0038990458229481457,0.004180499241741174,0.0035293259473738728,0.004339045782978431,0.003924026895622083,0.004058258526123374,0.0031952457354810855,0.003441059490592629,0.003085662096684745,0.003130294946528847,0.0034683721300494655,0.0034420587334995844,0.0030816651250569153,0.0029457680897106956,0.0029604236523460728,0.004230128306120062,0.004103224456936462,0.00359827370795394,0.004355366750458736,0.003973989040969957,0.0037235121522926126,0.0038827248554678395
SectionCumProbs: 0_3 0.0011734442537370852,0.001267040006022104,0.0010815139062969954,0.0010382133803288377,0.0009932474495157502,0.0014558969154370705,0.001456563077375042,0.001035548732576951,0.0012660407631151463,0.0013096743700522903,0.0016807265695025068,0.001457229239313014,0.001173444253737085,0.0018545948353131108,0.001593459355628219,0.0015558212061328198,0.0013313246330363695,0.0010265555464143337,0.0010818469872659814,0.000853020361572715,0.001349977167299576,0.0012357303949374356,0.0011497955049390913,0.0012004238122249376,0.001011233821840985,0.0014728840448553478,0.0016614078733013285,0.0011684480392022975,0.001815291280972783,0.0012327326662165633,0.0013399847382300008,0.001132142213582842
SectionCumProbs: 1_3 0.0010735199630413357,0.0008700074909909926,0.0008406963657202393,0.0012597122247044157,0.001046873485522469,0.0014046024462132523,0.0013203329610598372,0.0011138227602886215,0.0013209991229978086,0.0009063133166104481,0.0014175926040036998,0.0015061921417539315,0.0010775169346691658,0.0012267372087748183,0.0010228916557554894,0.0012007568931939234,0.0010138984695928718,0.0009626040003690539,0.0009452837899817904,0.0009809234536632746,0.0011691142011402695,0.0010625282910648032,0.0010502042952123276,0.0006095381732440722,0.0010685237485065485,0.0014159271991587706,0.0015038605749710303,0.0013279938233465112,0.0013836183451671452,0.0014475698912124247,0.0015185161376064069,0.0013613019202450944
SectionCumProbs: 2_3 0.0009592731906791954,0.0011777743063339009,0.0012030884599768242,0.0013396516572610154,0.001461226210940844,0.0013746251590045276,0.0010348825706389792,0.0007550945566908805,0.0009156395837420514,0.0012247387229609033,0.0008007266494419395,0.0012170778606742292,0.0012783647589676224,0.0012577137388905006,0.0013076758842383756,0.0013016804267966305,0.0008500226328518426,0.0014518999438092408,0.0010585313194369731,0.001296351131292857,0.0009492807616096205,0.0011438000474973463,0.0008816653249054966,0.001135806104241686,0.0008806660819985391,0.0013413170621059446,0.0009379560086641021,0.0011018318454051315,0.0011564571243188077,0.0012936864835409703,0.0008650112764562049,0.0013892807216399042
