HitRate: 2966374/3000000 0.988791
CumReqs: 3000000
CumProbs: 0.9814107484213349
SectionCumProbs: 0_3 0.445001679714989
SectionCumProbs: 1_3 0.3068111422200834
SectionCumProbs: 2_3 0.22959792648696278
