HitRate: 1367130/3000000 0.455710
CumReqs: 93760,93383,93734,93843,93990,93781,94029,93323,94446,93797,94137,95127,93926,93830,94108,93892,92553,93809,93430,93974,92900,93806,94075,94185,93925,93182,93474,92697,92964,93529,94067,94324
CumProbs: 0.01742101067109729,0.017150729290377007,0.01721967531923143,0.01758868223422679,0.01731969561461176,0.017276644807862285,0.017181803556902957,0.01735076988113768,0.01725333910796785,0.01725851815238882,0.01738540474070304,0.01756440546350343,0.017564081773227144,0.01744625851264964,0.017661188856120613,0.017220322699784043,0.01726110767459931,0.017016397825707654,0.017149110838995476,0.017362422731084865,0.017032906029799566,0.017546926188582557,0.017100880987825,0.0171390764404298,0.01735433047417709,0.01710282312948285,0.017357567376940185,0.01742683709607088,0.017378930935176777,0.017633998872910436,0.017615872217436983,0.01784083695947361
SectionCumProbs: 0_3 0.005950074659162238,0.005776900361335464,0.005808622008414009,0.006038442104595333,0.005815095813940245,0.0059371270481097665,0.0057506814489542025,0.005975969881267167,0.005801500822335147,0.005918676702359998,0.005779813573822257,0.005866886258150116,0.005958814296622649,0.005821569619466478,0.0059180293218073715,0.005602107612127122,0.0057846689279669435,0.005919324082912618,0.005753270971164703,0.005695977792257525,0.005664579835455287,0.005848759602676662,0.005652603295231758,0.0058571755498607655,0.005741941811493793,0.005642245206389774,0.00570698326165212,0.005858794001242326,0.005767837033598729,0.005916734560702126,0.005751652519783142,0.005960109057727901
SectionCumProbs: 1_3 0.00576233429890143,0.00563480033003461,0.005813477362558681,0.005876273276163157,0.005921913605123108,0.005764276440559294,0.005805385105650894,0.005747768236467403,0.005685296013139238,0.0056302686661662375,0.005820922238913853,0.005988917492319636,0.005870770541465847,0.00593777442866239,0.00598309106734603,0.005821893309742784,0.0056144078426269735,0.005570062274772263,0.005706983261652126,0.006003807245029976,0.005672348402086769,0.005903139569097037,0.005951369420267477,0.0057671896530461005,0.0059018448079917775,0.005891163028873499,0.00589860790522867,0.005882099701136769,0.005960432748004204,0.005874331134505291,0.005953311561925353,0.005936803357833455
SectionCumProbs: 2_3 0.005708601713033681,0.00573902859900698,0.005597575948258751,0.0056739668534683246,0.005582686195548423,0.005575241319193244,0.005625737002297874,0.0056270317634031265,0.005766542272493483,0.005709572783862617,0.005784668927966938,0.005708601713033679,0.005734496935138616,0.0056869144645208015,0.005760068466967247,0.005796321777914159,0.005862030904005439,0.005527011468022792,0.005688856606178669,0.005662637693797408,0.005695977792257522,0.00579502701680891,0.005496908272325805,0.0055147112375229556,0.0057105438546915495,0.005569414894219639,0.005751976210059451,0.005685943393691857,0.005650661153573876,0.005842933177703053,0.005910908135728513,0.005943924543912311
