HitRate: 2680328/3000000 0.893443
CumReqs: 3000000
CumProbs: 0.7355534499278575
SectionCumProbs: 0_3 0.388833924185451
SectionCumProbs: 1_3 0.1800358163287666
SectionCumProbs: 2_3 0.16668370941363847
