HitRate: 395966/3000000 0.131989
CumReqs: 3000000
CumProbs: 0.1323218427782811
SectionCumProbs: 0_3 0.04469913135425048
SectionCumProbs: 1_3 0.04385481464037256
SectionCumProbs: 2_3 0.04376789678365771
