HitRate: 14999197/30000000 0.499973
CumReqs: 30000000
CumProbs: 0.5000000000140482
SectionCumProbs: 0_3 0.1666666666696494
SectionCumProbs: 1_3 0.1666666666696494
SectionCumProbs: 2_3 0.1666666666696494
