HitRate: 1193673/3000000 0.397891
CumReqs: 76526,88642,95154,93859,95963,100173,108626,100244,96244,104486,107974,104793,95492,88649,105859,104664,101285,97724,90896,97146,92509,84910,94282,84621,90709,78564,85406,76743,76281,94333,95303,91940
CumProbs: 0.010622829590026731,0.006918330127164164,0.006107544074416436,0.004937333966239455,0.016227379851933274,0.009868671979747001,0.015366627526419664,0.01195692907287581,0.021969837026673662,0.0195221558781156,0.02512270883820088,0.020570781389228937,0.023364895362297116,0.01710878490352346,0.02055479218194386,0.005921003322757138,0.003973318010343018,0.007990606340720014,0.004641866739950532,0.01148291569857013,0.010665134367635179,0.009826367202138555,0.008129845687494275,0.0054313338496514854,0.007522255810661137,0.0075199240512653955,0.009367343709662647,0.01702117737194061,0.012654458240687535,0.020418217703050443,0.01092995561329436,0.02147916822811269
SectionCumProbs: 0_3 0.005186832221583765,0.0048024250297715705,0.00017821303953164945,0.0022351579350605006,0.006156511021727001,0.005288763418026166,0.007494607806397348,0.0016528843030954106,0.014115138947876851,0.007185150023733978,0.022209342027464794,0.010658805306418166,0.010527560563286447,0.006678825126373031,0.01522305776933903,0.0036072317852116494,0.0005742790283225491,0.0036112290870329196,0.0004180511488078881,0.003896036841798453,0.003965656515185583,0.002758804473646955,0.004763784445499288,0.001454351645972302,0.004676510022401546,0.0029623337580466516,0.008226780256660089,0.007860694031528719,0.008287072892464253,0.015837309815874286,0.007811727084218154,0.019701368243102573
SectionCumProbs: 1_3 0.0033847153171609164,0.00037008352695264027,0.002191187615026524,0.001982328594865132,0.005115880114256209,0.0037451386980454863,0.004064922843747137,0.004177180403227822,0.0074353144960485,0.01104254628126015,0.0022401545623370895,0.0057088132177446895,0.010858337288996593,0.0012701426537087466,0.002386389187298573,0.0017704715983377888,0.0013810677792490068,0.0033697254353311514,0.0010902640717515677,0.005416343967821721,0.004300763651202105,0.004131877649253421,0.002502977157085634,0.0013787360198532657,0.002421365578234692,0.004114222899542809,0.0008251097176072817,0.0061934860635737546,0.0010519565959643908,0.0030556041338763,0.0028004430342851903,0.0015636112290870329
SectionCumProbs: 2_3 0.0020512820512820513,0.001745821570439953,0.003738143419858262,0.0007198474363138216,0.004954988715950067,0.0008347698636753524,0.003807096876275181,0.006126864366552576,0.0004193835827483116,0.0012944595731214765,0.0006732122483989973,0.004203162865066079,0.0019789975100140736,0.009159817123441676,0.0029453452253062518,0.0005432999392077013,0.002017971202771463,0.001009651818355943,0.003133551519391078,0.002170534888949959,0.0023987142012474906,0.0029356850792381806,0.0008630840849093528,0.002598246183825917,0.00042438021002489984,0.0004433673936759354,0.0003154537353952749,0.002966997276838134,0.0033154287522588915,0.0015253037532998559,0.0003177854947910161,0.00021418875592308523
