HitRate: 26997589/30000000 0.899920
CumReqs: 30000000
CumProbs: 0.9000000000247769
SectionCumProbs: 0_3 0.30000000000485894
SectionCumProbs: 1_3 0.30000000000485894
SectionCumProbs: 2_3 0.30000000000485894
