HitRate: 1510698/3000000 0.503566
CumReqs: 3000000
CumProbs: 0.5049670784917809
SectionCumProbs: 0_3 0.16904563379682108
SectionCumProbs: 1_3 0.16842834512423469
SectionCumProbs: 2_3 0.16749309957072483
