HitRate: 1511819/3000000 0.503940
CumReqs: 3000000
CumProbs: 0.5446604972272228
SectionCumProbs: 0_3 0.18670571529993776
SectionCumProbs: 1_3 0.18179464580806326
SectionCumProbs: 2_3 0.17616013611935416
