HitRate: 348038/3000000 0.116013
CumReqs: 3000000
CumProbs: 0.08440820312498597
SectionCumProbs: 0_3 0.02797135416667757
SectionCumProbs: 1_3 0.02816276041667769
SectionCumProbs: 2_3 0.0282740885416774
