HitRate: 2224730/3000000 0.741577
CumReqs: 94783,101581,85164,94232,107770,97096,118156,84759,85025,143878,96158,74933,117487,76624,126417,110959,65963,115425,92276,83623,101905,70445,111587,71295,88037,76997,94070,62605,73903,145746,65878,65223
CumProbs: 0.012465693549035721,0.010457575372006195,0.01487332571663646,0.021497610497592683,0.01753840048047162,0.01617866845810673,0.01715009397808476,0.014935296533655761,0.018592234001805066,0.029038931517632337,0.013997823110236203,0.013773343714543959,0.02107469263463653,0.014494248910401408,0.02764755482274697,0.01987186544685244,0.010644476719080361,0.011909604355889157,0.019691227107881303,0.01464950558495507,0.014335036651782693,0.012347026027083883,0.011791266465942751,0.012246158633424823,0.011868400355211448,0.012407678316081496,0.015525337823360746,0.00896763870749972,0.014124401800318154,0.028229025680310972,0.011921471108084355,0.013445689501154698
SectionCumProbs: 0_3 0.008391771594027861,0.0071240069011756614,0.01043087517956703,0.014764217522841851,0.013740380514001779,0.010309240969566397,0.01368829865714513,0.01054822417349719,0.01216704695212359,0.022277190190415224,0.010587450382142378,0.010542290797399602,0.018464007151695994,0.00820289245492118,0.023614177604405984,0.00799489465950003,0.007762833727683092,0.008442864554868234,0.016421277614097174,0.009413960442840822,0.01081127051382378,0.008715140591346633,0.0066051661246417735,0.008697340463053857,0.0084801129714809,0.008279367080179024,0.012196384200606132,0.005544739963199884,0.010980371732605151,0.02307720706757389,0.008991372211890088,0.007178396182070264
SectionCumProbs: 1_3 0.0028579094870068967,0.0021271153309867937,0.0026578228597158695,0.005803501087455988,0.002099096610525942,0.00411512595568559,0.002267538565296475,0.0031852340683907305,0.005233896982087138,0.005219722805854002,0.0023301686463266147,0.0023875246152700058,0.0016616749393312303,0.0019240620156469727,0.0026176077550544123,0.010450982731897766,0.0018996692472457598,0.002325553798250711,0.0016020115463498867,0.0025342108576827016,0.0017902314214457264,0.0019870217286825334,0.0038804279678252814,0.002265231141258522,0.0022705052533452713,0.0026789193080628652,0.002207545540309711,0.002042070273587972,0.0018690134707415346,0.004090733187284379,0.0016982640919330479,0.0017203494362963076
SectionCumProbs: 2_3 0.0012160124680009729,0.0012064531398437415,0.001784627677353556,0.0009298918872948621,0.0016989233559438913,0.001754301532854752,0.0011942567556431347,0.0012018382917678356,0.0011912900675943388,0.001542018521363121,0.001080204081767197,0.0008435283018743532,0.0009490105436093255,0.004367294439833257,0.0014157694632865765,0.001425988055454652,0.0009819737441515042,0.0011411860027702274,0.0016679379474342435,0.0027013342844315483,0.00173353471651318,0.001644863707054718,0.001305672373475699,0.0012835870291124396,0.0011177821303852797,0.001449391927839598,0.0011214080824449202,0.001380828470711867,0.001275016596971473,0.0010610854254527336,0.0012318348042612184,0.004546943882788132
