HitRate: 24658372/30000000 0.821946
CumReqs: 1400222,688282,693824,746705,959055,946738,880963,935593,1065662,1094151,839911,752647,713990,718850,732298,724611,783330,948029,1016558,934452,863033,935929,934015,910604,789193,820417,833566,879684,1246049,1111989,1752260,1347390
CumProbs: 0.12387314406204118,0.05258266156197487,0.05305079042261168,0.058406183341283606,0.079454991511267,0.07811414026619481,0.0717284336344715,0.07709651491530989,0.09030388409159126,0.09302327756418748,0.06761992949510366,0.058863587885986564,0.05512207981397466,0.055440754108955465,0.05688223934191517,0.05607305229432045,0.0618606289100488,0.07839886461916482,0.08519240700973638,0.07704501325855809,0.07011189888416478,0.07716382246792715,0.07729042551155041,0.07472553700920825,0.06262782277868342,0.06549957012327713,0.06695218495155124,0.07154583968556662,0.10811033251053212,0.09458120268090282,0.15879422899619633,0.11825541068237712
SectionCumProbs: 0_3 0.11537172318370742,0.043965112553254415,0.04436010407325085,0.04960491807152576,0.07058009009547611,0.06969561460898684,0.06310605244851365,0.06887579677146918,0.08187282594890315,0.08445005988470392,0.05895112823232862,0.05016931637286885,0.04651210641214945,0.046917915774090484,0.04839129337681798,0.04724909137921472,0.05353276113288383,0.06980949811510752,0.0765875775385179,0.06812415939600573,0.06136743507845162,0.06871976420970277,0.06851949384470987,0.06639252530143595,0.05410663673668012,0.0569524773762135,0.058409300874985436,0.0628873574593445,0.09940521198013264,0.08572693933821791,0.14988332006615104,0.10990263381093664
SectionCumProbs: 1_3 0.005501324671245159,0.005587992108150464,0.005520029873454932,0.005567696963752855,0.005680021703022622,0.00532016478784342,0.005483274151112697,0.005278888641633826,0.0052786392389377,0.005419240008881221,0.005563394767244621,0.005553262782714308,0.005477787291797844,0.005458022128129489,0.005359009257765718,0.005638870258161079,0.005293572225368519,0.005394673843312358,0.005519156964018487,0.005714595151773688,0.005709856500547216,0.005374877504307022,0.005553138081366249,0.005252763709214161,0.005408889796991812,0.005371822321279412,0.005484271761897195,0.005602457464526034,0.005497053650073906,0.005608443129233164,0.005676093610558552,0.005332354344616782
SectionCumProbs: 2_3 0.0030000962070900607,0.003029556900570475,0.0031706564759062745,0.0032335683060051752,0.003194879712767927,0.0030983608693654478,0.0031391070348457846,0.002941829502206593,0.0031524189037517394,0.0031539776706025514,0.0031054064955311554,0.003141008730403765,0.003132186110028131,0.003064816206735908,0.003131936707332018,0.0031850906569448265,0.0030342955517969417,0.0031946926607458377,0.0030856725071998193,0.0032062587107788954,0.003034607305167126,0.0030691807539182056,0.003217793585474921,0.0030802479985589885,0.0031122962450117484,0.00317527042578469,0.003058612314669669,0.003056024761697312,0.0032080668803258217,0.0032458202134525833,0.003234815319485816,0.0030204225268247002
