HitRate: 302507/3000000 0.100836
CumReqs: 3000000
CumProbs: 0.10218545109798495
SectionCumProbs: 0_3 0.03402608746597924
SectionCumProbs: 1_3 0.03421782874308264
SectionCumProbs: 2_3 0.03394153488892324
