HitRate: 1358565/3000000 0.452855
CumReqs: 317596,276041,250482,551370,370387,428815,349059,456250
CumProbs: 0.041321818259987673,0.022327812981486585,0.01958524539297638,0.10758503742576586,0.05046304366011624,0.07783939398888108,0.0394901070597869,0.085101582317188
SectionCumProbs: 0_3 0.025428990695800294,0.015235264573285612,0.013767495991465345,0.09951897584147566,0.02823288194894605,0.06236183428412786,0.020825383197915798,0.07761276305435842
SectionCumProbs: 1_3 0.01268300031361722,0.0021399959273087944,0.0016307428862049418,0.005253838311492888,0.011364541523953055,0.010509009746130026,0.015623869969834756,0.004468628779529095
SectionCumProbs: 2_3 0.0032098272505701603,0.00495255248089218,0.004187006515306086,0.002812223272797322,0.01086562018721715,0.00496854995862319,0.003040853892036356,0.0030201904833004663
