HitRate: 1510628/3000000 0.503543
CumReqs: 3000000
CumProbs: 0.5297889451743379
SectionCumProbs: 0_3 0.17958179309925928
SectionCumProbs: 1_3 0.1766518882082868
SectionCumProbs: 2_3 0.17355526386667944
