HitRate: 1324433/3000000 0.441478
CumReqs: 341795,368680,404218,402198,395930,382394,362899,341886
CumProbs: 0.06196400824966285,0.08043021805152979,0.07312488599461296,0.06835962724732085,0.07402561176788573,0.06830370635674067,0.06471711352340223,0.06461292757845237
SectionCumProbs: 0_3 0.03847490416890242,0.05363545704010724,0.054318490775050264,0.045549562552176195,0.05086138143240028,0.04419547813027173,0.0467565217738639,0.036702078792534856
SectionCumProbs: 1_3 0.01676295267628062,0.012440068116970522,0.010164620450269684,0.014196250371141621,0.015664506611313855,0.015560986391251837,0.011892509396706786,0.016211732469133655
SectionCumProbs: 2_3 0.006726151404479796,0.014354692894451977,0.00864177476929304,0.008613814324002975,0.007499723724171535,0.008547241835217108,0.006068082352831526,0.011699116316783855
