HitRate: 1861444/3000000 0.620481
CumReqs: 178303,198941,209376,105585,118020,147360,130771,102153,68507,85042,85602,87439,79938,94101,101034,94818,76649,63689,63210,66941,74401,68514,78574,75118,88386,74876,71550,55442,57378,67460,67352,63470
CumProbs: 0.14322936803293396,0.16343984968617462,0.17252219118221473,0.06989751510308964,0.08196776024865503,0.11251628278614605,0.09335166654440123,0.06840653730319385,0.03576859707316295,0.04931428899987502,0.04891015206519585,0.05033140550432514,0.042837193287163164,0.05775523246630587,0.06534461347920588,0.060822112998405134,0.04235308812828748,0.029011943022970665,0.026800259863683895,0.02952942334979617,0.0390522509733322,0.03223545553138879,0.042760859982248295,0.03905092918450246,0.05335962371315593,0.040100099068072756,0.03804207386023795,0.02181810731735684,0.022965750468739343,0.031312186033847,0.03372577243686967,0.029641775400320237
SectionCumProbs: 0_3 0.13575597398983952,0.15628930256473306,0.16385026511779444,0.05993486224647262,0.0739550763630453,0.0985803327074664,0.08456771887666467,0.05698198600093446,0.02518437301938202,0.04131812747463652,0.03945110075269262,0.04077652450166907,0.035293083541680266,0.048404237390630205,0.05726980551860051,0.05106301562156126,0.03378426159258368,0.01983608496722954,0.016307239239151908,0.017474709222979817,0.028944201345448832,0.02211517935683076,0.035671776041387826,0.029734631065606306,0.043671902933115465,0.03140107633264401,0.03057462786687734,0.015400492101981286,0.01422839585724944,0.023914794848460184,0.024127602850041042,0.023019282916341994
SectionCumProbs: 1_3 0.005137132286608756,0.004287882963529863,0.005517477022353433,0.006239173723366781,0.005473527543766079,0.010365137555259033,0.0058832820809714605,0.007016385555227312,0.006751697342080934,0.005086243416665512,0.005535651618761732,0.006138387325102555,0.004913089079975493,0.00682604796375126,0.005610002240432068,0.006781437590749064,0.005165550746447194,0.006104351262737911,0.007033238362805921,0.00833586125447012,0.004784875563495099,0.00747339404309428,0.0039531399424096595,0.00579240909892994,0.007447949608122655,0.006249087139589495,0.0049163935520497295,0.004256490478824613,0.006089150691196425,0.004702263761639175,0.00685413597638228,0.003981888849455522
SectionCumProbs: 2_3 0.0023362617564855223,0.0028626641579114678,0.00315444904206659,0.003723479133250192,0.0025391563418436704,0.0035708125234204455,0.002900665586765193,0.004408165747032088,0.0038325267117000146,0.002909918108573055,0.003923399693741529,0.0034164936775535814,0.0026310206655074577,0.0025249471119244515,0.0024648057201733394,0.0029776597860949132,0.003403275789256633,0.0030715067930032433,0.003459782261726083,0.0037188528723462616,0.005323174064388299,0.0026468821314637953,0.003135943998450865,0.003523889019966282,0.0022397711719178027,0.0024499355958392736,0.0025510524413109243,0.0021611247365509643,0.002648203920293489,0.0026951274237476536,0.00274403361044636,0.002640603634522745
