HitRate: 16461205/30000000 0.548707
CumReqs: 30000000
CumProbs: 0.5515540529303555
SectionCumProbs: 0_3 0.45690426287931885
SectionCumProbs: 1_3 0.0600814079860161
SectionCumProbs: 2_3 0.03456838206502032
