HitRate: 300270/30000000 0.010009
CumReqs: 30000000
CumProbs: 0.01000000000000012
SectionCumProbs: 0_3 0.003333333333333315
SectionCumProbs: 1_3 0.003333333333333315
SectionCumProbs: 2_3 0.003333333333333315
