HitRate: 1746038/3000000 0.582013
CumReqs: 3000000
CumProbs: 0.41863194444451035
SectionCumProbs: 0_3 0.1331215277777656
SectionCumProbs: 1_3 0.1379930555555448
SectionCumProbs: 2_3 0.1475173611111041
