HitRate: 29400538/30000000 0.980018
CumReqs: 30000000
CumProbs: 0.9799829426328115
SectionCumProbs: 0_3 0.3883899203287275
SectionCumProbs: 1_3 0.349890483233528
SectionCumProbs: 2_3 0.24170253907057176
