HitRate: 303103/3000000 0.101034
CumReqs: 3000000
CumProbs: 0.1029797194587234
SectionCumProbs: 0_3 0.034471329576099996
SectionCumProbs: 1_3 0.0343172554980819
SectionCumProbs: 2_3 0.03419113438454229
