HitRate: 2108268/3000000 0.702756
CumReqs: 375563,376587,380005,376833,378426,375147,369279,368160
CumProbs: 0.015446182969622123,0.016191486906296897,0.014685913090443842,0.016751878308928308,0.015136886824549606,0.015198080900563947,0.015277234107582506,0.015598503006657853
SectionCumProbs: 0_3 0.005591276119311155,0.006205877491455277,0.005062479484187151,0.006353541457489904,0.0055636722698046825,0.0048426464176356005,0.004699971099102144,0.0052058199557207625
SectionCumProbs: 1_3 0.0054296439402732495,0.0053654566757582005,0.005175222917713591,0.005270339796735897,0.00494009133215845,0.005870972955876741,0.005391065066264208,0.005522100207294931
SectionCumProbs: 2_3 0.004425262910037725,0.004620152739083425,0.004448210688543105,0.005127997054702514,0.004633123222586471,0.004484461527051606,0.005186197942216164,0.004870582843642154
