HitRate: 116421/3000000 0.038807
CumReqs: 187887,186748,187712,186851,187525,187989,187652,187919,187716,186990,188203,187037,187803,188084,186848,187036
CumProbs: 0.005177083333333337,0.005500000000000005,0.005312500000000001,0.005250000000000001,0.005166666666666669,0.005260416666666669,0.0053020833333333375,0.004979166666666666,0.00515625,0.0052916666666666685,0.004958333333333337,0.005187499999999999,0.0052604166666666684,0.005239583333333336,0.0051041666666666674,0.005416666666666672
SectionCumProbs: 0_3 0.0016979166666666679,0.0017604166666666675,0.0017604166666666673,0.0017291666666666681,0.0016354166666666674,0.0017083333333333354,0.0018125000000000005,0.0016875000000000017,0.0017916666666666669,0.0018125000000000007,0.0016250000000000006,0.001791666666666667,0.0017812500000000005,0.001750000000000001,0.0018125000000000005,0.0017708333333333332
SectionCumProbs: 1_3 0.0016979166666666677,0.0017499999999999996,0.0017500000000000013,0.0019479166666666677,0.001843750000000001,0.0017500000000000005,0.0016979166666666668,0.0016145833333333342,0.0017083333333333338,0.0018333333333333342,0.001750000000000001,0.0017812500000000007,0.0017187500000000009,0.0018750000000000004,0.0016875000000000004,0.001916666666666667
SectionCumProbs: 2_3 0.0017812500000000014,0.001989583333333335,0.0018020833333333337,0.0015729166666666673,0.0016875000000000002,0.0018020833333333341,0.0017916666666666673,0.0016770833333333338,0.0016562500000000002,0.001645833333333334,0.0015833333333333337,0.0016145833333333342,0.0017604166666666677,0.0016145833333333333,0.0016041666666666678,0.0017291666666666673
