HitRate: 2181460/3000000 0.727153
CumReqs: 3000000
CumProbs: 0.7282393997881449
SectionCumProbs: 0_3 0.6164539898637255
SectionCumProbs: 1_3 0.07021619892371826
SectionCumProbs: 2_3 0.0415692110006987
