HitRate: 1597874/3000000 0.532625
CumReqs: 3000000
CumProbs: 0.09989462887168918
SectionCumProbs: 0_3 0.03365144617041596
SectionCumProbs: 1_3 0.03285999636099711
SectionCumProbs: 2_3 0.0333831863402761
