HitRate: 1060408/3000000 0.353469
CumReqs: 376243,375436,375130,373827,374593,374045,375532,375194
CumProbs: 0.09347222222222211,0.0969444444444443,0.08930555555555549,0.09333333333333325,0.09319444444444429,0.09347222222222218,0.09624999999999996,0.09111111111111109
SectionCumProbs: 0_3 0.030694444444444455,0.0313888888888889,0.028888888888888898,0.03000000000000001,0.02944444444444445,0.030416666666666668,0.03041666666666667,0.029444444444444457
SectionCumProbs: 1_3 0.03013888888888891,0.032361111111111125,0.02916666666666668,0.0326388888888889,0.03222222222222225,0.03027777777777781,0.03291666666666669,0.028472222222222242
SectionCumProbs: 2_3 0.03263888888888889,0.03319444444444445,0.03125000000000002,0.030694444444444455,0.03152777777777779,0.032777777777777774,0.03291666666666668,0.03319444444444446
