HitRate: 2406016/3000000 0.802005
CumReqs: 3000000
CumProbs: 0.5011566796295043
SectionCumProbs: 0_3 0.1674583473962656
SectionCumProbs: 1_3 0.1670679659430423
SectionCumProbs: 2_3 0.1666303662901957
