HitRate: 1950493/3000000 0.650164
CumReqs: 3000000
CumProbs: 0.49937310685728453
SectionCumProbs: 0_3 0.17909020081568688
SectionCumProbs: 1_3 0.16409974165335764
SectionCumProbs: 2_3 0.15618316439143654
