HitRate: 2385737/3000000 0.795246
CumReqs: 374086,375353,375674,374535,375106,375969,375130,374147
CumProbs: 0.06248435319434531,0.06254028220179186,0.06259854158454872,0.06255559609668794,0.062413443202761286,0.06248202281903505,0.062407450809106306,0.062416772310347396
SectionCumProbs: 0_3 0.020714373222256555,0.020699725148877697,0.02104229031948779,0.020809252788460516,0.020826564147908257,0.020888818459768407,0.02058287347260543,0.020940419627353008
SectionCumProbs: 1_3 0.020953070236180205,0.020928767750801647,0.020904132354664477,0.020985362579765417,0.02088981719204423,0.020906795640733368,0.020887153905975352,0.020847204614942102
SectionCumProbs: 2_3 0.02081690973590855,0.020911789302112523,0.020652118910396405,0.020760980728461997,0.020697061862808806,0.02068640871853328,0.02093742343052552,0.02062914806805229
