HitRate: 3639895/30000000 0.121330
CumReqs: 30000000
CumProbs: 0.07865082465218474
SectionCumProbs: 0_3 0.025997786458426122
SectionCumProbs: 1_3 0.026192274305649303
SectionCumProbs: 2_3 0.026460763888983527
