HitRate: 1606516/3000000 0.535505
CumReqs: 3000000
CumProbs: 0.03778813473545144
SectionCumProbs: 0_3 0.014145038249270159
SectionCumProbs: 1_3 0.012140014703062068
SectionCumProbs: 2_3 0.01150308178311918
