HitRate: 396082/3000000 0.132027
CumReqs: 3000000
CumProbs: 0.1320991447304517
SectionCumProbs: 0_3 0.04441320503890975
SectionCumProbs: 1_3 0.04380781579292973
SectionCumProbs: 2_3 0.04387812389861207
