HitRate: 5989951/30000000 0.199665
CumReqs: 1874961,1876582,1874667,1875874,1873641,1873576,1875659,1874837,1875631,1874011,1874152,1876014,1876846,1874952,1873771,1874826
CumProbs: 0.025029166666666627,0.02514166666666686,0.024982638888888988,0.024959722222222386,0.02517500000000016,0.025122222222222292,0.025090972222222455,0.024986111111111285,0.025045833333333524,0.024950694444444584,0.02520555555555561,0.025185416666666804,0.025155555555555795,0.025127777777777922,0.025209722222222373,0.024897222222222504
SectionCumProbs: 0_3 0.00813125000000046,0.008160416666667144,0.0082145833333338,0.008088194444444937,0.008199305555556041,0.0082159722222227,0.008195833333333789,0.008176388888889347,0.008194444444444901,0.008083333333333833,0.008302083333333791,0.008329166666667146,0.008138888888889351,0.008161805555556068,0.00818750000000047,0.00806805555555607
SectionCumProbs: 1_3 0.008414583333333794,0.008377777777778256,0.008319444444444895,0.008318055555556026,0.008356250000000471,0.008295138888889367,0.008370833333333811,0.008325000000000443,0.008257638888889376,0.00840208333333379,0.008357638888889348,0.008316666666667137,0.008417361111111585,0.00838680555555599,0.008417361111111573,0.00834166666666714
SectionCumProbs: 2_3 0.00848333333333378,0.008603472222222672,0.008448611111111587,0.008553472222222684,0.008619444444444888,0.008611111111111583,0.008524305555555991,0.008484722222222673,0.008593750000000457,0.008465277777778214,0.00854583333333378,0.008539583333333801,0.008599305555556014,0.008579166666667094,0.008604861111111573,0.008487500000000432
