HitRate: 30381/3000000 0.010127
CumReqs: 3000000
CumProbs: 0.012654789433175035
SectionCumProbs: 0_3 0.004270351412949779
SectionCumProbs: 1_3 0.004238765973504885
SectionCumProbs: 2_3 0.004145672046719934
