HitRate: 1435244/3000000 0.478415
CumReqs: 3000000
CumProbs: 0.03014550307713969
SectionCumProbs: 0_3 0.010348672745472999
SectionCumProbs: 1_3 0.009977852996503125
SectionCumProbs: 2_3 0.009818977335166724
