HitRate: 1883036/3000000 0.627679
CumReqs: 186991,187162,186661,187592,187929,187654,187094,187054,186991,188093,187664,188346,188087,187185,188074,187423
CumProbs: 0.03923155326258298,0.039134391774724844,0.04091643756363753,0.03952459925006947,0.038964098916987724,0.039955666601111585,0.03850128057973483,0.0381623431395011,0.03824319537761162,0.0400101464353749,0.03858100505057561,0.03952511975804015,0.03899099182880563,0.03993588729822615,0.038505184389514835,0.03911261719128522
SectionCumProbs: 0_3 0.013355974273373044,0.014087114469505651,0.013723192646679799,0.01412485129737913,0.013024844452699311,0.013702719333166828,0.013522970580629247,0.01263567799329603,0.01357458762105389,0.013540841354288869,0.012696664177192715,0.013194703553794193,0.01387396645551682,0.013785219846517816,0.013361960115035734,0.014930771138631138
SectionCumProbs: 1_3 0.0131788280606888,0.01366463549997957,0.014632520071437984,0.012511536842291554,0.013050783099904307,0.014100300671429257,0.012519170959194692,0.013134151126539739,0.012756349091162723,0.013585344785781037,0.013636267815578128,0.013370982253193992,0.013548735725177345,0.012549186918836587,0.012508240291810652,0.013407591313797687
SectionCumProbs: 2_3 0.012696750928521159,0.011382641805239622,0.012560724845519742,0.01288821111039879,0.01288847136438412,0.012152646596515493,0.012459139039910905,0.012392514019665317,0.011912258665395005,0.012883960295304994,0.012248073057804752,0.012959433951051955,0.01156828964811146,0.013601480532871772,0.012634983982668475,0.01077425473885638
