HitRate: 598732/3000000 0.199577
CumReqs: 375068,375031,374376,374603,375197,374384,375542,375799
CumProbs: 0.04791666666666674,0.051111111111111135,0.04902777777777785,0.04833333333333339,0.0495833333333334,0.052916666666666674,0.0484722222222223,0.04958333333333338
SectionCumProbs: 0_3 0.01444444444444445,0.016249999999999997,0.017361111111111112,0.01555555555555555,0.015277777777777779,0.018472222222222223,0.015277777777777776,0.017499999999999998
SectionCumProbs: 1_3 0.016111111111111107,0.01694444444444444,0.014583333333333334,0.015000000000000003,0.01652777777777778,0.01680555555555556,0.015555555555555559,0.01597222222222222
SectionCumProbs: 2_3 0.017361111111111112,0.017916666666666664,0.017083333333333332,0.017777777777777785,0.017777777777777778,0.017638888888888895,0.01763888888888889,0.016111111111111107
