HitRate: 642046/3000000 0.214015
CumReqs: 94084,93120,93532,93630,94356,93353,93660,93710,94033,94134,94377,94037,94745,94488,93982,93288,92836,93195,93796,93804,93448,94297,93618,94061,93935,93308,92602,93262,93747,93583,94299,93680
CumProbs: 0.00036642690133089576,0.00029314152106471673,0.0003174589426984942,0.0003514367099128137,0.0003547678635612764,0.00034344194115650326,0.0003041343281046435,0.0003241212499954197,0.0003191245195227256,0.0003587652479394316,0.00037575413154659134,0.00037841905446536154,0.0003754210161817451,0.0003464399794401197,0.00036975805497935856,0.0004017371300046003,0.00031046352003672264,0.00034011078750804057,0.00036709313206058835,0.00029247529033502403,0.0003187914041578793,0.0002864792137677913,0.0003487717869940435,0.00034910490235888985,0.000339444556778348,0.0003237881346305733,0.0003497711330885824,0.0003474393255346586,0.0003534354021018912,0.00039007809223498097,0.0004110643602202959,0.00038741316931621065
SectionCumProbs: 0_3 0.0001212539928040419,0.00010026772481872694,0.00011559103160165532,9.726968653511053e-05,0.0001255844925470434,0.0001222533388985807,0.00011725660842588666,0.00010293264773749711,0.00011359233941257771,0.00013924222250574043,0.00011159364722350011,0.00013024810765489115,0.000118922185250118,0.00011059430112896128,0.00011392545477742398,0.000141240914694818,0.0001265838386415822,0.00010126707091326576,0.00011225987795319262,9.760280189995682e-05,9.360541752180158e-05,9.960149408903441e-05,0.0001319136844791225,0.00011092741649380757,9.926837872418814e-05,0.00010559757065626725,0.00014623764516751204,0.0001179228391555792,0.00012625072327673593,0.0001522337217347449,0.0001439058376135882,0.00010626380138595978
SectionCumProbs: 1_3 0.0001265838386415822,0.00010060084018357322,0.00010226641700780456,0.00013757664568150909,0.00011325922404773144,0.00011858906988527175,8.527753340064485e-05,0.00010792937821019115,9.32723021569553e-05,0.00010626380138595978,0.00015190060636989863,0.00013391237666820013,0.00015190060636989866,0.00012225333889858068,0.00012591760791188966,0.00012591760791188966,8.927491777880009e-05,0.00011225987795319265,0.00014124091469481804,0.00010926183966957622,9.860214799449561e-05,8.194637975218215e-05,0.00010626380138595976,0.00011825595452042548,0.00011592414696650159,0.00011292610868288517,0.00010493133992657471,0.00011592414696650161,0.00012425203108765832,0.0001255844925470434,0.0001255844925470434,0.00014224026078935682
SectionCumProbs: 2_3 0.00011858906988527174,9.227295606241649e-05,9.96014940890344e-05,0.00011659037769619414,0.0001159241469665016,0.00010259953237265083,0.00010160018627811201,0.00011325922404773144,0.00011225987795319262,0.00011325922404773144,0.00011225987795319263,0.00011425857014227023,0.00010459822456172844,0.00011359233941257771,0.00012991499229004488,0.00013457860739789267,9.460476361634038e-05,0.00012658383864158217,0.00011359233941257772,8.56106487654911e-05,0.0001265838386415822,0.00010493133992657471,0.00011059430112896128,0.0001199215313446568,0.00012425203108765834,0.00010526445529142098,9.860214799449561e-05,0.00011359233941257771,0.0001029326477374971,0.00011225987795319265,0.00014157403005966428,0.00013890910714089413
