HitRate: 1746143/3000000 0.582048
CumReqs: 3000000
CumProbs: 0.4186388888888774
SectionCumProbs: 0_3 0.13248437499999413
SectionCumProbs: 1_3 0.13852256944444544
SectionCumProbs: 2_3 0.14763194444444938
