HitRate: 2967989/3000000 0.989330
CumReqs: 3000000
CumProbs: 0.9814043562615475
SectionCumProbs: 0_3 0.6714501740467077
SectionCumProbs: 1_3 0.1920354651911703
SectionCumProbs: 2_3 0.11791871702236305
