HitRate: 303057/3000000 0.101019
CumReqs: 3000000
CumProbs: 0.1017920874781686
SectionCumProbs: 0_3 0.033836108990678536
SectionCumProbs: 1_3 0.033892394818772965
SectionCumProbs: 2_3 0.034063583668716944
