HitRate: 3965315/30000000 0.132177
CumReqs: 3750983,3749170,3749445,3753007,3749474,3749282,3748520,3750119
CumProbs: 0.0164614576339858,0.016452466357488125,0.016655714268271112,0.016595587172639637,0.0165119502319932,0.01646470946833774,0.016399274314057227,0.01654837245032533
SectionCumProbs: 0_3 0.005423049711690296,0.0055445275334910825,0.005617599536755186,0.00563742814306358,0.005517585474434434,0.005526075264145101,0.005360540770832018,0.00547270985482568
SectionCumProbs: 1_3 0.005566727915707775,0.005552316081967303,0.005564592109072094,0.005499309209832816,0.0054870491547506,0.005504048004764389,0.00553828997257193,0.005471217026263855
SectionCumProbs: 2_3 0.00547168000658771,0.005355622742029774,0.005473522622443836,0.0054588498197432654,0.005507315602808187,0.005434586199428253,0.005500443570653268,0.005604445569235785
