HitRate: 2796995/3000000 0.932332
CumReqs: 68000,73636,128613,99557,116398,83887,110582,65102,120361,66213,85284,76501,91760,81591,84438,75692,104524,76349,120791,111883,131579,86136,84212,109247,70821,65327,140568,97432,107013,73001,96134,97368
CumProbs: 0.02026524140430379,0.026759760594656883,0.02999374271481283,0.032328377631931804,0.0334827110403331,0.029898819771850483,0.029642366442174585,0.020548102971588846,0.031921250635450725,0.023982934410008913,0.030188723535830395,0.027256382174148202,0.027111577004589375,0.024402091825845983,0.02780934132720695,0.02366838295759282,0.028594252833936525,0.025950054687060953,0.03593941070017934,0.03856468294343481,0.03946285644702369,0.031020583020532646,0.023607057161365973,0.028137390323290365,0.023150928212875784,0.020509370889761454,0.03379872961706122,0.03058279312593823,0.03581221102236089,0.024657811593364855,0.02730934536179894,0.027751389916897105
SectionCumProbs: 0_3 0.01644969120701102,0.014109627929939365,0.02235105203816617,0.018961848165838513,0.023497316262853726,0.015903480825786034,0.01888614455135765,0.014475675445694329,0.02325700130060656,0.01787309521416769,0.022564958762804108,0.01519647362000488,0.019008649431379976,0.019092422229574867,0.021199066028663883,0.018584943930177282,0.020287248268977293,0.018121332647697684,0.020787244234385528,0.029069014261182288,0.03202248221295227,0.017112537971011685,0.014940167002760782,0.018452022467542337,0.017703789068604103,0.016451745181047306,0.02196021012154452,0.017933247310945116,0.022888753098383716,0.018698499351898344,0.01635198072785532,0.02136983929853934
SectionCumProbs: 1_3 0.002341530401383108,0.004101346013199659,0.005531352079758874,0.00986171619800615,0.002439534305400893,0.004400786085206168,0.006395928436610568,0.0043971182744271435,0.0053162716556722275,0.003982362231525281,0.0030963658597237213,0.008486287155840471,0.002388625091786865,0.003341669044630551,0.004777396896005162,0.003138912464761344,0.003737352471480803,0.00595681813013538,0.006704464679348989,0.002411952368341999,0.0051124880887844825,0.0063478067591887215,0.007098974406750195,0.007582685292299301,0.0024258900493026128,0.002515824769606363,0.003546186173673586,0.006698156044808837,0.00561292419148637,0.004456683521479935,0.008491422090930865,0.0034552244663517105
SectionCumProbs: 2_3 0.001474019795908265,0.008548786651516361,0.0021113385968862257,0.0035048132680852787,0.007545860472077344,0.009594552860855924,0.00436029345420516,0.0016753092514657575,0.003347977679170587,0.002127476964314282,0.004527398913300969,0.0035736213983012816,0.005714302481421137,0.001968000551638651,0.0018328784025362966,0.0019445265626523755,0.004569652093476768,0.0018719039092259975,0.00844770178644417,0.007083716313909183,0.0023278861452847646,0.007560238290331026,0.0015679157518534489,0.002102682563447535,0.0030212490949674767,0.0015418009391062,0.008292333321841094,0.005951389770182308,0.007310533732489161,0.0015026287199853122,0.002465942543010472,0.0029263261520041063
