HitRate: 1680378/3000000 0.560126
CumReqs: 187420,187063,187367,186989,187754,188121,187370,187825,187641,187189,187740,187787,187555,187760,187141,187278
CumProbs: 0.027729166666666652,0.027572916666666586,0.027104166666666644,0.027833333333333283,0.02767708333333336,0.027468749999999993,0.02772916666666665,0.027666666666666596,0.027291666666666596,0.027614583333333335,0.02765624999999997,0.027906249999999973,0.02731249999999997,0.027770833333333318,0.027531249999999986,0.027572916666666634
SectionCumProbs: 0_3 0.009020833333333353,0.008749999999999997,0.008885416666666666,0.009187500000000006,0.008979166666666667,0.00876041666666667,0.008875000000000006,0.008812500000000008,0.008770833333333337,0.008895833333333329,0.00897916666666668,0.008947916666666668,0.008666666666666668,0.008708333333333342,0.008656250000000006,0.008833333333333342
SectionCumProbs: 1_3 0.009083333333333337,0.009406250000000005,0.009197916666666672,0.009208333333333346,0.009052083333333336,0.009093750000000001,0.00929166666666667,0.009114583333333337,0.008833333333333337,0.009197916666666677,0.009031249999999992,0.00932291666666667,0.009229166666666665,0.009416666666666669,0.009343750000000015,0.009041666666666672
SectionCumProbs: 2_3 0.009624999999999993,0.009416666666666677,0.009020833333333332,0.009437500000000015,0.009645833333333341,0.00961458333333335,0.009562500000000003,0.00973958333333334,0.009687500000000003,0.009520833333333333,0.009645833333333336,0.009635416666666676,0.009416666666666674,0.009645833333333345,0.009531250000000019,0.009697916666666676
