HitRate: 504801/3000000 0.168267
CumReqs: 187631,186628,186794,187314,187807,188184,188846,187134,186945,186949,187743,187807,187636,187543,186721,188318
CumProbs: 0.03180060707041243,0.031225901315763176,0.031111359728509785,0.031322462537575625,0.03187352744136736,0.03155187868181279,0.0315655304407587,0.03175099458058467,0.03162846171980198,0.03155121274235202,0.03148262097789214,0.03206431909687955,0.031768309006564834,0.031205590162209546,0.031420355638309624,0.03171170415239891
SectionCumProbs: 0_3 0.010550811846796631,0.010518180813218633,0.010380664314568492,0.01055247669544857,0.01048155414287598,0.010642045552922873,0.01038832261836741,0.010622733308560384,0.010419288803293467,0.010639048825349386,0.01062040252044767,0.010944049098384565,0.010768574050470223,0.010591767123634322,0.010340042007461185,0.01039265122486245
SectionCumProbs: 1_3 0.010606417791771386,0.01063838288588861,0.010440265896307902,0.010449922018489145,0.010598426518242079,0.010463240807704654,0.01074926180610773,0.010522509419713675,0.010599758397163633,0.010358022372902124,0.010576783485766881,0.010550145907335856,0.010507192812115837,0.010331384794471106,0.010809196357577525,0.010856478059292587
SectionCumProbs: 2_3 0.010643377431844429,0.010069337616655948,0.01029042951763341,0.010320063823637919,0.0107935467802493,0.010446592321185267,0.01042794601628355,0.010605751852310611,0.010609414519344875,0.010554141544100504,0.010285434971677594,0.010570124091159122,0.010492542143978777,0.010282438244104105,0.01027111727327092,0.01046257486824388
