HitRate: 2950324/3000000 0.983441
CumReqs: 314367,380193,356701,330400,431746,354986,327397,504210
CumProbs: 0.10197469340981781,0.11192527240993831,0.10364308560087052,0.10310577877291273,0.1314506128501204,0.10776618071276532,0.10655022266695065,0.14646184939887355
SectionCumProbs: 0_3 0.061045585216961955,0.060161852536190615,0.06739518471367031,0.05783627498088714,0.0663354320333282,0.04676815061763867,0.06157694765469037,0.08123471589942755
SectionCumProbs: 1_3 0.02154544238647453,0.02821240627265267,0.01847912775980701,0.03170572626413238,0.024579723354683593,0.03638462186247653,0.03102872626578359,0.0353004311334136
SectionCumProbs: 2_3 0.019383665806381307,0.023551013601095086,0.017768773127393233,0.013563777527893226,0.04053545746210863,0.02461340823265023,0.013944548746476708,0.029926702366032447
