HitRate: 1511635/3000000 0.503878
CumReqs: 3000000
CumProbs: 0.5793542873234376
SectionCumProbs: 0_3 0.2017910836353552
SectionCumProbs: 1_3 0.19350268775747495
SectionCumProbs: 2_3 0.1840605159306086
