HitRate: 17455601/30000000 0.581853
CumReqs: 1876003,1876283,1875257,1874052,1872252,1877036,1875514,1874090,1873472,1876123,1876364,1873482,1875230,1875643,1874179,1875020
CumProbs: 0.02623819444444436,0.026060416666666697,0.026121527777777737,0.026295138888888913,0.026040277777777846,0.026206250000000125,0.02617083333333351,0.025959027777777987,0.02606944444444453,0.026140277777777807,0.026239583333333403,0.026190972222222126,0.026218055555555696,0.026082638888889068,0.02617500000000022,0.026075694444444446
SectionCumProbs: 0_3 0.008250000000000448,0.008320138888889383,0.00831319444444492,0.008237500000000472,0.00813888888888934,0.008261805555556013,0.00826250000000046,0.008169444444444928,0.008200694444444906,0.00825625000000046,0.008372916666667124,0.008196527777778235,0.008297222222222664,0.008265277777778243,0.008282638888889375,0.008247916666667158
SectionCumProbs: 1_3 0.008718750000000415,0.008561111111111575,0.008672916666667118,0.008730555555556014,0.008680555555555976,0.008765972222222659,0.008722916666667095,0.008551388888889334,0.008627777777778196,0.008743750000000423,0.008652083333333772,0.008784027777778196,0.008655555555556003,0.0085819444444449,0.00864097222222269,0.008722222222222669
SectionCumProbs: 2_3 0.009269444444444866,0.009179166666667094,0.00913541666666711,0.009327083333333744,0.009220833333333745,0.00917847222222263,0.0091854166666671,0.009238194444444901,0.009240972222222685,0.009140277777778196,0.009214583333333796,0.009210416666667094,0.009265277777778207,0.009235416666667088,0.009251388888889314,0.009105555555555984
