HitRate: 116084/3000000 0.038695
CumReqs: 93351,94093,93618,93644,94074,93340,93488,93803,93707,94227,93554,94145,93457,93427,94037,93469,93797,93763,94148,93949,93723,93780,93404,93881,93481,93864,94157,93906,93590,93190,94129,93804
CumProbs: 0.002708333333333332,0.0026562499999999985,0.0024999999999999983,0.002447916666666665,0.0024999999999999988,0.0022916666666666654,0.002708333333333332,0.002499999999999999,0.0026562499999999993,0.0026562499999999985,0.0027083333333333326,0.0028124999999999986,0.002708333333333332,0.0027604166666666654,0.0023958333333333323,0.0027604166666666662,0.0029687499999999983,0.0023437499999999986,0.002552083333333332,0.0027604166666666654,0.0031249999999999984,0.0025520833333333324,0.002447916666666666,0.0025520833333333324,0.002604166666666666,0.002760416666666666,0.002552083333333332,0.002083333333333332,0.0031249999999999993,0.0026562499999999993,0.0022916666666666654,0.002760416666666666
SectionCumProbs: 0_3 0.0009895833333333334,0.0009375000000000001,0.0008333333333333334,0.0008854166666666667,0.0009895833333333334,0.0006770833333333334,0.0006770833333333334,0.0009375000000000001,0.0008854166666666667,0.0010416666666666667,0.0008854166666666667,0.0009375000000000001,0.0008854166666666667,0.0008854166666666667,0.0009375000000000001,0.0009375000000000001,0.0009375000000000001,0.0008854166666666667,0.0008854166666666667,0.0008854166666666667,0.0010416666666666667,0.0008854166666666667,0.0009375000000000001,0.0006770833333333334,0.00078125,0.0010416666666666667,0.00078125,0.0006770833333333334,0.0011458333333333333,0.0010416666666666667,0.00078125,0.00078125
SectionCumProbs: 1_3 0.0008333333333333334,0.0009375000000000001,0.0008333333333333334,0.0007291666666666667,0.0007291666666666667,0.0007291666666666667,0.0009375000000000001,0.00078125,0.0009895833333333334,0.0008333333333333334,0.00109375,0.0009375000000000001,0.0009895833333333334,0.0008333333333333334,0.0007291666666666667,0.0009375000000000001,0.00109375,0.0005729166666666667,0.0008854166666666667,0.0009895833333333334,0.0009895833333333334,0.00078125,0.0007291666666666667,0.0007291666666666667,0.0009895833333333334,0.00078125,0.0009375000000000001,0.000625,0.0008333333333333334,0.0008333333333333334,0.0006770833333333334,0.0009895833333333334
SectionCumProbs: 2_3 0.0008854166666666667,0.00078125,0.0008333333333333334,0.0008333333333333334,0.00078125,0.0008854166666666667,0.00109375,0.00078125,0.00078125,0.00078125,0.0007291666666666667,0.0009375000000000001,0.0008333333333333334,0.0010416666666666667,0.0007291666666666667,0.0008854166666666667,0.0009375000000000001,0.0008854166666666667,0.00078125,0.0008854166666666667,0.0010937499999999999,0.0008854166666666667,0.00078125,0.0011458333333333333,0.0008333333333333334,0.0009375000000000001,0.0008333333333333334,0.00078125,0.0011458333333333333,0.00078125,0.0008333333333333334,0.0009895833333333334
