HitRate: 395560/3000000 0.131853
CumReqs: 3000000
CumProbs: 0.1311834766099256
SectionCumProbs: 0_3 0.043949436723362996
SectionCumProbs: 1_3 0.043546136442853906
SectionCumProbs: 2_3 0.04368790344370877
