HitRate: 2226704/3000000 0.742235
CumReqs: 432624,114947,81038,120922,151431,169242,71392,66328,68249,120748,67720,73743,98281,110147,95268,79830,54753,55075,80009,65356,79214,60082,96897,67857,100584,55899,58646,51121,62638,88390,52116,49453
CumProbs: 0.13572654203026652,0.03007658043746973,0.018822330682890288,0.03262717463694401,0.04243971255396533,0.048474800689517206,0.01604139212354103,0.014710733289241672,0.015152968097470925,0.031951629661631065,0.01436571105063061,0.016326439149709666,0.025199145715710223,0.028731422101261225,0.02410970586771774,0.018848363879499924,0.010129879288351261,0.010380654764552811,0.018204124646945378,0.013855921744870063,0.018851000152574304,0.012086323443684434,0.023926814423181807,0.014755549931506339,0.025618972202807146,0.010866388078509528,0.011797981076172808,0.00912776598594801,0.01296716818466566,0.02137720882611042,0.009569671260042968,0.008644339410931373
SectionCumProbs: 0_3 0.13185385688398457,0.026396672759752795,0.014100106538385618,0.028895530100142112,0.03847113297460245,0.04483410757378187,0.012848865430452314,0.011375847850135788,0.011419675889997555,0.02705508196008221,0.010515434225481096,0.011978895315902953,0.0225091585774275,0.025670049993623503,0.019359471321797644,0.015373096899182655,0.006679986436375034,0.006247967186309041,0.01451696721827386,0.010275862909845718,0.015290054297339309,0.008067654675908122,0.01969032359263386,0.01082190097037916,0.022739832471436797,0.008234069413729119,0.008977168886573357,0.005885809172714443,0.009610863026830344,0.017774741669953777,0.005777062908395771,0.005877900353491267
SectionCumProbs: 1_3 0.002239843510830306,0.002514345444701371,0.0032175712872954372,0.002640886552272187,0.0026138647532596695,0.002261922297828337,0.0019363425731409249,0.0019458990630355955,0.002332113068434025,0.003212957809415251,0.0025802522715611706,0.0027852225030951506,0.0014377574279465382,0.0020381686206393163,0.003521401759119115,0.002378247847235884,0.002306079871824403,0.0029756932327199732,0.0020523385884141728,0.0021251656320942524,0.002070133431666319,0.00302281661392473,0.0022302870209356344,0.0029453760923644637,0.0018928440674134577,0.0014473139178412093,0.001909979842397005,0.0018697766780125268,0.0020497023153397817,0.0023357379439113138,0.0027179975396981527,0.0016107628484535131
SectionCumProbs: 2_3 0.0016328416354515467,0.0011655622330155636,0.0015046528572092348,0.0010907579845296906,0.0013547148261031892,0.0013787708179070167,0.0012561841199477891,0.0013889863760702863,0.0014011791390393486,0.0016835898921335917,0.0012700245535883466,0.0015623213307115605,0.0012522297103362008,0.0010232034869983957,0.0012288327868009714,0.0010970191330813717,0.0011438129801518296,0.0011569943455237892,0.0016348188402573404,0.0014548932029300854,0.001490812423568677,0.0009958521538515784,0.0020062038096123136,0.0009882728687627016,0.000986295663956908,0.0011850047469392055,0.0009108323472024364,0.0013721801352210368,0.0013066028424955367,0.0012667292122453568,0.00107461081194904,0.0011556762089865935
