HitRate: 2705729/3000000 0.901910
CumReqs: 3000000
CumProbs: 0.91751767125281
SectionCumProbs: 0_3 0.3198262784596708
SectionCumProbs: 1_3 0.3088963309936673
SectionCumProbs: 2_3 0.2887950617991816
