HitRate: 733932/3000000 0.244644
CumReqs: 187556,187491,187728,188673,188414,187374,187774,187360,187004,186570,186164,188136,186854,187535,187766,187601
CumProbs: 0.0010465308847991313,0.0010445355923590937,0.0010595002856593682,0.0009780258443578783,0.001099073585720091,0.0010674814554195136,0.0010744649789596417,0.0009391176417771666,0.0009830140754579686,0.0010445355923590941,0.0010631583217994344,0.0010076226822184195,0.0010089528771784438,0.0010032995485983402,0.0010791206613197267,0.0010518516646392266
SectionCumProbs: 0_3 0.0003588200904665591,0.0003199118878858479,0.0003132609130857264,0.00031026797442567164,0.0004196765098876716,0.0003441879459062917,0.00035416440810647404,0.0003086052307256413,0.0003302208988260363,0.00034385539716628554,0.00035549460306649836,0.00035017382322640096,0.0003391997148062005,0.0003481785307863647,0.0004050443653274041,0.0003897471232871244
SectionCumProbs: 1_3 0.0003332138374860911,0.00040171887792734326,0.0003674663577067172,0.00032955580134602424,0.00032057698536586013,0.0003594851879465713,0.0003511714694464192,0.00028532681892521564,0.00031858169292582367,0.0003345440324461155,0.0003548295055864864,0.0003225722778058966,0.000323902472765921,0.00032157463158587847,0.00032190718032588445,0.0003122632668657081
SectionCumProbs: 2_3 0.00035449695684648035,0.0003229048265459026,0.0003787730148669239,0.0003382020685861823,0.0003588200904665591,0.00036380832156665034,0.0003691291014067477,0.00034518559212630987,0.00033421148370610935,0.0003661361627466928,0.0003528342131464498,0.00033487658118612154,0.00034585068960632206,0.00033354638622609716,0.0003521691156664375,0.0003498412744863952
