HitRate: 1898421/3000000 0.632807
CumReqs: 189013,190584,188090,188859,189866,187624,185445,184461,184066,187438,188381,188825,186249,185575,185669,189855
CumProbs: 0.028038835972120906,0.027019282729390318,0.02733562949159555,0.02964268521029254,0.0299811473996429,0.027959348639773497,0.02774107898925495,0.027477937457572463,0.027332744870663644,0.027886912603037488,0.026273127448322452,0.02835165708652048,0.02731447560476123,0.028391080239257308,0.028435631606984327,0.028869606800526346
SectionCumProbs: 0_3 0.012350023750045748,0.012617972983281427,0.011799061152040729,0.013008999376280916,0.013459641268540955,0.013015409645018619,0.012735921928055073,0.0122263055634082,0.012148741311682093,0.01238976741621945,0.012060920629975625,0.013230794674605214,0.011848740734757885,0.012352587857540811,0.012167010577584526,0.012908037643662211
SectionCumProbs: 1_3 0.00849328556401075,0.008466362435312428,0.008529824095815623,0.009192645883293429,0.008928542811300328,0.00793591269726806,0.008280144128482348,0.008055464209226081,0.00854713182140739,0.008456106005332108,0.008248413298230743,0.00832213138871427,0.007935271670394286,0.00918751766830327,0.009148094515566444,0.00901411989894858
SectionCumProbs: 2_3 0.007195526658064126,0.00593494731079615,0.007006744243738974,0.007441039950717892,0.007592963319801307,0.00700802629748652,0.006725012932717221,0.007196167684937898,0.006636871737573893,0.007041039181485654,0.005963793520115793,0.006798731023200723,0.007530463199608773,0.00685097471341295,0.007120526513833078,0.0069474492579152825
