HitRate: 347680/3000000 0.115893
CumReqs: 3000000
CumProbs: 0.08354166666666694
SectionCumProbs: 0_3 0.02666666666666668
SectionCumProbs: 1_3 0.027708333333333342
SectionCumProbs: 2_3 0.029166666666666678
