HitRate: 1148381/3000000 0.382794
CumReqs: 187673,187372,187105,186924,187070,188085,187985,187190,187000,187611,187578,188380,187883,187635,187745,186764
CumProbs: 0.06881453702420909,0.07358438531608841,0.07416674698393827,0.06987750105164299,0.07147268447908563,0.07139747107732396,0.07033442029856161,0.0712425332047217,0.07120661815474547,0.06846458216526281,0.07253530150120573,0.07114242217169632,0.07456458857618604,0.07069816861873064,0.07109852599950327,0.071956670140479
SectionCumProbs: 0_3 0.02379762441897214,0.02539393561368453,0.025266758166184483,0.023968177530694572,0.02444999440887689,0.02562868470845612,0.024809144908638284,0.02396626900146879,0.025244463074774185,0.023473347953245544,0.026887619986846766,0.025245157085401745,0.02535992909293418,0.024276752005972662,0.022929937631867448,0.024847228741825534
SectionCumProbs: 1_3 0.022455581367931375,0.02568108251083677,0.02404044138728907,0.02478233874814883,0.023704540243550894,0.023429191527067145,0.024364284096373444,0.02418427508985052,0.022308711368874364,0.023451313115820584,0.023810463615581957,0.021945483556676065,0.02535732655308084,0.02370636202144823,0.024090236649816382,0.02404339093245619
SectionCumProbs: 2_3 0.02256133123730557,0.022509367191567153,0.024859547430464694,0.021126984772799565,0.02331814982665783,0.022339594841800703,0.021160991293549924,0.023091989113402298,0.023653443711096903,0.02153992109619672,0.021837217898776986,0.02395178152961851,0.023847332930170995,0.02271505459130972,0.024078351717819444,0.023066050466197308
