HitRate: 1745046/3000000 0.581682
CumReqs: 3000000
CumProbs: 0.42166666666669456
SectionCumProbs: 0_3 0.13361111111111112
SectionCumProbs: 1_3 0.14083333333333323
SectionCumProbs: 2_3 0.14722222222222212
