HitRate: 26349763/30000000 0.878325
CumReqs: 1401439,689177,692681,748855,957097,947197,881732,936973,1065005,1092589,841597,751744,713149,717764,733625,725480,784380,950003,1013429,933169,863436,935647,934629,909571,790249,820812,831253,882057,1246260,1109937,1751123,1347941
CumProbs: 0.12926863027183594,0.05801550018772499,0.058417987252885044,0.06378324692020428,0.08480605443443275,0.08358426689288169,0.07726387920760153,0.08258363334683266,0.09564357635783285,0.09844094615553817,0.07303674581442123,0.06424085740109621,0.060438059468579594,0.06093750058317815,0.06240519023708434,0.06151038216519011,0.06734947352688228,0.08388253625017993,0.09051681159388174,0.0824048841872864,0.07540937820988353,0.08267352470862906,0.08256784278503598,0.08010982651541747,0.06801371068642036,0.07102864571558042,0.07236495789533132,0.07708217290648313,0.11358119519796181,0.10010745333753039,0.16415144549817404,0.1238428496876633
SectionCumProbs: 0_3 0.1203380340113211,0.04904399201709733,0.049327647927204746,0.05461679708666024,0.07561166966156374,0.07426252406158815,0.06797917242125176,0.07340874274025494,0.08656750595799477,0.08918968665008348,0.06362341772470083,0.054886040520363666,0.051243875666496096,0.05165566480806168,0.053217695891179626,0.05236879528894806,0.05793304474502776,0.07455312781888568,0.08142018475359375,0.07319973312228038,0.06614890275836303,0.07351775503688157,0.07343412247958012,0.07097478554479278,0.058797161706809854,0.06164124285732033,0.06305811561235115,0.06781397443473704,0.1043363667576758,0.09079472548151482,0.15482108963316968,0.11465825506310813
SectionCumProbs: 1_3 0.005641852889786191,0.005668754265066608,0.005812735478547176,0.0058295021841648365,0.005858671658321608,0.005899784539219774,0.005897774831354652,0.005784656988660038,0.005794590687536253,0.005855570966186838,0.0060630876583179245,0.006015170480790735,0.00579243742910933,0.005911957626859997,0.005845723397647701,0.0058187358920301965,0.006026022903262428,0.005846010498771257,0.005779690139221905,0.005792035487536316,0.005939232233601073,0.005869179559445025,0.005795308440345245,0.005780551442592688,0.005813539361693217,0.005951261770679494,0.005985685195397974,0.005997944413375316,0.00589145860663564,0.005889649869557011,0.005970784647083647,0.005774493608884944
SectionCumProbs: 2_3 0.003288743370727332,0.0033027539055585577,0.0032776038471320317,0.0033369476493781652,0.0033357131145467264,0.0034219582920732555,0.0033869319549952414,0.0033902336179165286,0.003281479712300496,0.003395688539264756,0.0033502404314003824,0.0033396463999399127,0.003401746372972514,0.0033698781482539818,0.003341770948254486,0.0033228509842098855,0.003390405878590688,0.003483397932521595,0.003316936701063902,0.0034131155774666812,0.003321243217917761,0.0032865901123004166,0.0033384118651084782,0.0033544895280295207,0.0034030096179162883,0.003436141087578613,0.0033211570875806866,0.0032702540583681035,0.0033533698336475383,0.0034230779864552513,0.003359571217917065,0.0034101010156689683
