HitRate: 2851482/3000000 0.950494
CumReqs: 93556,93425,93230,94228,94371,93252,94068,93748,94064,93768,93568,93782,93763,94124,93458,93953,93453,93648,93606,93793,93749,93764,93920,93460,94268,94205,93456,93357,93742,93463,94014,93744
CumProbs: 0.026565972222221946,0.026583333333333105,0.026517361111110856,0.02645486111111088,0.0265381944444442,0.026552083333333084,0.02654861111111082,0.026579861111110895,0.026545138888888698,0.026559027777777598,0.026552083333333098,0.026465277777777595,0.026520833333333115,0.026666666666666464,0.026534722222222005,0.02648611111111083,0.02653819444444423,0.026496527777777536,0.026607638888888698,0.026583333333333084,0.026458333333333115,0.02663888888888861,0.026579861111110856,0.026548611111110804,0.026593749999999784,0.026517361111110912,0.026499999999999774,0.026541666666666453,0.02657291666666637,0.026524305555555315,0.02648263888888865,0.026524305555555346
SectionCumProbs: 0_3 0.007604166666666717,0.007586805555555612,0.0076944444444444985,0.007583333333333391,0.007343750000000059,0.007684027777777825,0.007527777777777822,0.0076562500000000545,0.007534722222222278,0.007506944444444488,0.007631944444444499,0.007482638888888943,0.007569444444444497,0.007687500000000046,0.00740972222222229,0.007340277777777839,0.007638888888888937,0.007708333333333384,0.0077881944444444995,0.007496527777777832,0.007385416666666717,0.007500000000000063,0.007243055555555613,0.0075034722222222724,0.0077187500000000485,0.0076666666666667235,0.007593750000000048,0.007697916666666704,0.007670138888888948,0.007576388888888942,0.007520833333333392,0.007621527777777826
SectionCumProbs: 1_3 0.00838888888888894,0.008534722222222284,0.008340277777777825,0.008454861111111175,0.008628472222222287,0.00837847222222227,0.008569444444444511,0.00856250000000006,0.008326388888888946,0.008447916666666729,0.008371527777777828,0.008583333333333387,0.008354166666666728,0.008465277777777837,0.008465277777777837,0.008513888888888942,0.008545138888888953,0.008527777777777834,0.008416666666666722,0.008607638888888946,0.008496527777777846,0.008586805555555617,0.008611111111111172,0.008413194444444497,0.008527777777777832,0.008305555555555613,0.008312500000000052,0.008309027777777837,0.008503472222222294,0.008440972222222272,0.008562500000000058,0.008440972222222277
SectionCumProbs: 2_3 0.010572916666666684,0.01046180555555561,0.010482638888888923,0.010416666666666718,0.010565972222222254,0.010489583333333368,0.01045138888888892,0.010361111111111163,0.010684027777777806,0.010604166666666704,0.010548611111111139,0.01039930555555559,0.01059722222222224,0.0105138888888889,0.010659722222222256,0.010631944444444473,0.010354166666666711,0.010260416666666689,0.010402777777777825,0.010479166666666713,0.010576388888888911,0.010552083333333354,0.01072569444444446,0.01063194444444449,0.010347222222222245,0.010545138888888934,0.010593750000000023,0.01053472222222226,0.010399305555555578,0.010506944444444466,0.010399305555555608,0.010461805555555585
