HitRate: 505315/3000000 0.168438
CumReqs: 93408,92979,93944,93619,94268,93921,93331,94188,93384,93754,93849,94145,93595,93629,93399,94193,94135,93959,93805,94010,94009,94137,93898,93325,93560,93483,94009,93691,93354,93618,94068,93333
CumProbs: 0.01947529241919896,0.01929066167079975,0.019405455061075508,0.019434012037474083,0.019570859330315108,0.019344665457850702,0.019432315583430677,0.019456348682379908,0.01952646878284404,0.019446169958119004,0.019381421962126107,0.01941195813490886,0.01940121392596677,0.019522227647735146,0.01935767160551735,0.01951940022432951,0.0194857538858004,0.019505545849640996,0.01952816523688747,0.01943740494556101,0.01945663142472048,0.019465396437278626,0.01950639407666278,0.019463417240894558,0.019331376567843405,0.019551350108815032,0.01938651132425665,0.019372374207227507,0.01940206215298856,0.019516007316242607,0.019399800214263904,0.01937859453872036
SectionCumProbs: 0_3 0.006599771713834133,0.006600902683196468,0.006606840272348669,0.006589310247232653,0.006719371723899739,0.006604295591283436,0.006632287083000924,0.006674981176428596,0.006609950438095065,0.006687421839414148,0.006593834124681928,0.006579979749993503,0.006595530578725407,0.006630873371297998,0.006571214737435506,0.006684028931327171,0.006693359428566319,0.006591289443616718,0.006689966520479359,0.006681766992602542,0.006557925847428186,0.006656037439609683,0.006641617580240097,0.006692228459204025,0.006573476676160138,0.006683746188986581,0.006547747123167309,0.006639921126196588,0.006603447364261687,0.00674170836880564,0.006625784009167555,0.006625501266826992
SectionCumProbs: 1_3 0.0065126870729352755,0.006444828911195923,0.006476496053340971,0.006428995340123425,0.006540678564652761,0.006442849714811872,0.006464620875036588,0.006469992979507612,0.006488371231645338,0.006437760352681409,0.006505335772080199,0.006492895109094659,0.00652343128187735,0.0065415267916745035,0.006476496053340959,0.006509011422507749,0.006482999127174337,0.006533327263797684,0.006467165556101817,0.006458400543543796,0.006536720171884628,0.0064798889614279395,0.006477627022703275,0.006495722532500448,0.006453876666094513,0.006559056816790522,0.0064968535018627765,0.006470275721848164,0.006448787303964066,0.006509859649529461,0.006457269574181466,0.006480454446109086
SectionCumProbs: 2_3 0.00636283363242752,0.006244930076405372,0.006322118735383937,0.006415706450116115,0.00631080904176067,0.006297520151753392,0.006335407625391199,0.006311374526441841,0.006428147113101674,0.006320987766021582,0.006282252065362025,0.006339083275818738,0.006282252065362049,0.006349827484760822,0.006309960814738941,0.006326359870492619,0.006309395330057782,0.006380929142224696,0.006371033160304377,0.006297237409412799,0.0063619854054057946,0.006329470036239028,0.006387149473717468,0.006275466249188101,0.006304023225586762,0.006308547103036053,0.0063419106992245785,0.006262177359180817,0.006349827484760836,0.0062644392979054634,0.006316746630912858,0.00627263882578231
