HitRate: 1511520/3000000 0.503840
CumReqs: 3000000
CumProbs: 0.5248773778478067
SectionCumProbs: 0_3 0.17753453684412304
SectionCumProbs: 1_3 0.17540887347184342
SectionCumProbs: 2_3 0.1719339675326852
