HitRate: 2970387/3000000 0.990129
CumReqs: 3000000
CumProbs: 0.9982696693775676
SectionCumProbs: 0_3 0.8894078741217842
SectionCumProbs: 1_3 0.07265378448948813
SectionCumProbs: 2_3 0.03620801076552196
