HitRate: 2910041/3000000 0.970014
CumReqs: 3000000
CumProbs: 0.9720054975790539
SectionCumProbs: 0_3 0.3752108696409276
SectionCumProbs: 1_3 0.3365097212144576
SectionCumProbs: 2_3 0.26028490672309135
