HitRate: 2970993/3000000 0.990331
CumReqs: 70306,90812,83583,97380,96382,59383,82946,84559,116297,83352,93380,74330,79533,92707,72199,109219,131200,108064,92467,136842,80421,92516,99387,113856,131511,87467,111491,74206,71804,110307,85935,86158
CumProbs: 0.0285369745842115,0.0319564277771568,0.027744160008301013,0.032796432008150134,0.03323329094933444,0.026466871278112238,0.030837730332684495,0.026513067964500793,0.034596636966345844,0.02877282829117426,0.028057276136509882,0.02866965411543397,0.027861945009111426,0.03240307455261192,0.032481329942552456,0.02685422363726212,0.03398487368232714,0.03220221117106067,0.03632170729335419,0.040428200254175144,0.03606571050716722,0.029430504556238506,0.028581138048987473,0.03152401355298447,0.02966040045103649,0.0280624301168747,0.035507331111513135,0.033283364942051495,0.030502106914076187,0.02891222218213733,0.028677739717657264,0.03260455262906877
SectionCumProbs: 0_3 0.018094726660070032,0.019342510034776276,0.01692865042362177,0.023516950424808853,0.021479425948721643,0.01801226297423546,0.018460990255525545,0.01648020684767308,0.02285246523155595,0.022670468255193105,0.017778726194225727,0.015738553801620973,0.01869173726634696,0.022595002634440628,0.018301831559126968,0.01793873600664791,0.022908686173331912,0.02253244560671179,0.02228401429629064,0.026391311088911802,0.023666746844948527,0.021246031021382426,0.019158999963260308,0.02232742121349016,0.02102218750719609,0.018689420339394126,0.02788085869852166,0.02301772359278961,0.0208112525860334,0.02054537339712982,0.019479823419904473,0.021988866173022693
SectionCumProbs: 1_3 0.005789574897335328,0.008569414398604104,0.006146239795414453,0.005255641445246102,0.008044417664761806,0.004790979380626808,0.008536315442133784,0.004518433116205801,0.00883051788093112,0.004267448457713976,0.007482491952343412,0.006571277680716424,0.0059113790571459655,0.006635253235151166,0.0069637367360069575,0.0058080157445116526,0.006379540154306437,0.005487239572091029,0.008180643512748744,0.010756451589490054,0.008433708677075906,0.004269056121313958,0.006525175562775701,0.005373852004068583,0.003736872185495279,0.006655585451268617,0.005418110037291698,0.005422176480515157,0.004578956922322916,0.0062411392320370854,0.005180506814058529,0.008903713858953971
SectionCumProbs: 2_3 0.004652673026803978,0.004044503343774548,0.004669269789262823,0.0040238401380924115,0.0037094473358482488,0.0036636289232487183,0.0038404246350235358,0.005514428000619662,0.0029136538538555483,0.0018349115782657279,0.0027960579899390333,0.0063598226330942725,0.0032588286856171348,0.0031728186830178914,0.007215761647415834,0.003107471886100894,0.004696647354686117,0.00418252599225562,0.005857049484310667,0.003280437575769822,0.003965254985139984,0.0039154174135405005,0.002896962522949834,0.00382274033542369,0.004901340758342943,0.002717424326210411,0.00220836237569742,0.004843464868743785,0.005111897405717471,0.0021257095529688404,0.004017409483692466,0.0017119725970904107
