HitRate: 2700148/3000000 0.900049
CumReqs: 47085,47148,46770,46726,47235,46815,47068,46496,46808,47156,46883,46835,46973,47139,46562,46731,46936,46816,46858,47099,46693,46633,46826,46513,46691,46726,47245,47134,46550,46624,46812,46839,46673,47023,46998,46742,46941,46802,46872,47037,46763,46966,46821,46656,46838,46909,46664,47260,47449,46953,46781,46798,46841,46757,46768,47384,46588,46702,46896,47017,46674,46762,47441,46799
CumProbs: 0.014062499999999955,0.014062499999999955,0.014062499999999955,0.014062499999999955,0.014062499999999955,0.014062499999999955,0.014062499999999955,0.014062499999999955,0.014062499999999955,0.014062499999999955,0.014062499999999955,0.014062499999999955,0.014062499999999955,0.014062499999999955,0.014062499999999955,0.014062499999999955,0.014062499999999955,0.014062499999999955,0.014062499999999955,0.014062499999999955,0.014062499999999955,0.014062499999999955,0.014062499999999955,0.014062499999999955,0.014062499999999955,0.014062499999999955,0.014062499999999955,0.014062499999999955,0.014062499999999955,0.014062499999999955,0.014062499999999955,0.014062499999999955,0.014062499999999955,0.014062499999999955,0.014062499999999955,0.014062499999999955,0.014062499999999955,0.014062499999999955,0.014062499999999955,0.014062499999999955,0.014062499999999955,0.014062499999999955,0.014062499999999955,0.014062499999999955,0.014062499999999955,0.014062499999999955,0.014062499999999955,0.014062499999999955,0.014062499999999955,0.014062499999999955,0.014062499999999955,0.014062499999999955,0.014062499999999955,0.014062499999999955,0.014062499999999955,0.014062499999999955,0.014062499999999955,0.014062499999999955,0.014062499999999955,0.014062499999999955,0.014062499999999955,0.014062499999999955,0.014062499999999955,0.014062499999999955
SectionCumProbs: 0_3 0.0046875,0.0046875,0.0046875,0.0046875,0.0046875,0.0046875,0.0046875,0.0046875,0.0046875,0.0046875,0.0046875,0.0046875,0.0046875,0.0046875,0.0046875,0.0046875,0.0046875,0.0046875,0.0046875,0.0046875,0.0046875,0.0046875,0.0046875,0.0046875,0.0046875,0.0046875,0.0046875,0.0046875,0.0046875,0.0046875,0.0046875,0.0046875,0.0046875,0.0046875,0.0046875,0.0046875,0.0046875,0.0046875,0.0046875,0.0046875,0.0046875,0.0046875,0.0046875,0.0046875,0.0046875,0.0046875,0.0046875,0.0046875,0.0046875,0.0046875,0.0046875,0.0046875,0.0046875,0.0046875,0.0046875,0.0046875,0.0046875,0.0046875,0.0046875,0.0046875,0.0046875,0.0046875,0.0046875,0.0046875
SectionCumProbs: 1_3 0.0046875,0.0046875,0.0046875,0.0046875,0.0046875,0.0046875,0.0046875,0.0046875,0.0046875,0.0046875,0.0046875,0.0046875,0.0046875,0.0046875,0.0046875,0.0046875,0.0046875,0.0046875,0.0046875,0.0046875,0.0046875,0.0046875,0.0046875,0.0046875,0.0046875,0.0046875,0.0046875,0.0046875,0.0046875,0.0046875,0.0046875,0.0046875,0.0046875,0.0046875,0.0046875,0.0046875,0.0046875,0.0046875,0.0046875,0.0046875,0.0046875,0.0046875,0.0046875,0.0046875,0.0046875,0.0046875,0.0046875,0.0046875,0.0046875,0.0046875,0.0046875,0.0046875,0.0046875,0.0046875,0.0046875,0.0046875,0.0046875,0.0046875,0.0046875,0.0046875,0.0046875,0.0046875,0.0046875,0.0046875
SectionCumProbs: 2_3 0.0046875,0.0046875,0.0046875,0.0046875,0.0046875,0.0046875,0.0046875,0.0046875,0.0046875,0.0046875,0.0046875,0.0046875,0.0046875,0.0046875,0.0046875,0.0046875,0.0046875,0.0046875,0.0046875,0.0046875,0.0046875,0.0046875,0.0046875,0.0046875,0.0046875,0.0046875,0.0046875,0.0046875,0.0046875,0.0046875,0.0046875,0.0046875,0.0046875,0.0046875,0.0046875,0.0046875,0.0046875,0.0046875,0.0046875,0.0046875,0.0046875,0.0046875,0.0046875,0.0046875,0.0046875,0.0046875,0.0046875,0.0046875,0.0046875,0.0046875,0.0046875,0.0046875,0.0046875,0.0046875,0.0046875,0.0046875,0.0046875,0.0046875,0.0046875,0.0046875,0.0046875,0.0046875,0.0046875,0.0046875
