HitRate: 366381/30000000 0.012213
CumReqs: 3748834,3750764,3750060,3751828,3751865,3749835,3749139,3747675
CumProbs: 0.0009763888888888854,0.0009861111111111073,0.0009888888888888853,0.0010097222222222187,0.0009722222222222187,0.000977777777777774,0.0009611111111111076,0.0009972222222222186
SectionCumProbs: 0_3 0.00031527777777777744,0.0003222222222222219,0.0003361111111111109,0.0003319444444444442,0.00033194444444444417,0.00032083333333333324,0.00031111111111111096,0.00031111111111111107
SectionCumProbs: 1_3 0.0003263888888888886,0.00033749999999999986,0.00032083333333333324,0.00033194444444444417,0.00033472222222222193,0.000347222222222222,0.00034027777777777756,0.0003444444444444443
SectionCumProbs: 2_3 0.000334722222222222,0.0003263888888888887,0.0003319444444444443,0.00034583333333333287,0.00030555555555555555,0.00030972222222222203,0.0003097222222222221,0.0003416666666666665
