HitRate: 27965978/30000000 0.932199
CumReqs: 30000000
CumProbs: 0.9396740129197926
SectionCumProbs: 0_3 0.8318526360341115
SectionCumProbs: 1_3 0.06690896016518641
SectionCumProbs: 2_3 0.04091241671992454
