HitRate: 364038/3000000 0.121346
CumReqs: 3000000
CumProbs: 0.0797847222222181
SectionCumProbs: 0_3 0.02646527777777749
SectionCumProbs: 1_3 0.026649305555555218
SectionCumProbs: 2_3 0.026670138888888462
