HitRate: 766504/3000000 0.255501
CumReqs: 93914,93429,94263,92870,93395,93461,94198,93711,93413,93843,94272,93462,94271,93700,93476,94298,93421,94272,93327,94273,94201,93505,92405,92371,93715,94101,93397,93685,93879,93962,95357,94153
CumProbs: 0.0006632289795563567,0.0006964070175531731,0.0006841311434943509,0.000682140461214542,0.0006828040219744778,0.000694084554893395,0.0007289214947900527,0.0006572569327169295,0.0006569251523369614,0.0007305803966898935,0.0007528096821477597,0.0006828040219744776,0.0007139913776914846,0.0006987294802129492,0.0007445151726485557,0.0007737118460857539,0.000670528147915656,0.0006678739048759111,0.000739870247329002,0.0007110053542717715,0.0007421927099887786,0.0006930892137534906,0.0006974023586930768,0.0007100100131318672,0.0006997248213528542,0.0007163138403512623,0.0007345617612495109,0.0006612382972765468,0.0007206269852908481,0.0006877807276740004,0.0006788226574148595,0.0006788226574148598
SectionCumProbs: 0_3 0.000212671223559592,0.00022096573305879614,0.00024419035965656747,0.00021300300393956015,0.0002156572469793055,0.00024916706535609,0.0002355640697773952,0.00021034876089981488,0.00020570383558026078,0.0002518213083958352,0.00023390516787755449,0.0002130030039395603,0.00024020899509694942,0.00021897505077898719,0.00022892846217803203,0.0002587886963751667,0.00023855009319710872,0.00020238603178057907,0.00024020899509694948,0.00021466190583940094,0.0002189750507789871,0.00024153611661682211,0.00023987721471698136,0.000257461574855294,0.00023987721471698138,0.0002584569159951984,0.0002866582482924921,0.00023523228939742712,0.00023888187357707684,0.00020205425140061087,0.00022096573305879603,0.00022229285457866867
SectionCumProbs: 1_3 0.00022096573305879614,0.00024883528497612173,0.00022926024255800033,0.0002441903596565675,0.0002256106583783504,0.00020902163937994226,0.0002528166495357397,0.0002110123216597512,0.00021731614887914632,0.00024651282231634463,0.00026111115903494376,0.0002488352849761218,0.00022328819571857316,0.000249498845736058,0.00024319501851666298,0.00025945225713510295,0.00020669917672016516,0.0002252788779983823,0.0002849993463926514,0.00024219967737675835,0.0002853311267726196,0.0002441903596565675,0.00023788653243717232,0.00022826490141809563,0.00023191448559774542,0.0002236199760985413,0.00022959202293796834,0.0002060356159602289,0.00024054077547691765,0.00025613445333542127,0.0002256106583783504,0.00022693777989822296
SectionCumProbs: 2_3 0.00022959202293796848,0.00022660599951825481,0.00021068054127978302,0.00022494709761841398,0.00024153611661682206,0.00023589585015736334,0.00024054077547691784,0.0002358958501573635,0.0002339051678775544,0.00023224626597771368,0.00025779335523526213,0.00022096573305879606,0.00025049418687596265,0.00023025558369790466,0.00027239169195386126,0.00025547089257548503,0.00022527887799838226,0.00024020899509694953,0.0002146619058394011,0.0002541437710556123,0.00023788653243717237,0.00020736273748010148,0.00021963861153892356,0.00022428353685847768,0.0002279331210381276,0.00023423694825752255,0.00021831149001905084,0.00021997039191889162,0.00024120433623685405,0.00022959202293796834,0.00023224626597771368,0.00022959202293796837
