HitRate: 122090/3000000 0.040697
CumReqs: 93952,94125,94006,93514,94581,93130,93611,93533,93659,94379,93773,93476,93802,93607,92935,93951,93503,93244,94112,93232,93662,94063,93843,93928,93702,93814,93584,93810,94145,93472,94113,93739
CumProbs: 0.002395833333333334,0.0024305555555555556,0.002638888888888888,0.0022569444444444442,0.0022222222222222222,0.002881944444444444,0.0021527777777777778,0.0023263888888888887,0.002916666666666666,0.0025694444444444436,0.002256944444444445,0.0028124999999999995,0.0021180555555555558,0.0021180555555555558,0.0026388888888888885,0.002638888888888889,0.002395833333333333,0.002569444444444444,0.0025347222222222225,0.002569444444444444,0.0022569444444444442,0.0026041666666666665,0.0022222222222222227,0.0023958333333333336,0.0021527777777777778,0.0022916666666666675,0.0026388888888888885,0.0017361111111111114,0.0026041666666666665,0.002465277777777778,0.002326388888888889,0.0023958333333333336
SectionCumProbs: 0_3 0.0007291666666666668,0.0005902777777777779,0.0007986111111111113,0.0006944444444444446,0.0005555555555555557,0.000902777777777778,0.0005902777777777779,0.0006944444444444446,0.0008333333333333335,0.000763888888888889,0.0005555555555555557,0.000902777777777778,0.0006944444444444446,0.0005208333333333334,0.0009722222222222224,0.0008680555555555556,0.0008333333333333335,0.0009722222222222224,0.0006944444444444446,0.0008680555555555557,0.000902777777777778,0.0008333333333333335,0.000763888888888889,0.0006597222222222224,0.0008333333333333335,0.0008680555555555557,0.0009375000000000001,0.0006944444444444446,0.0010069444444444446,0.0007986111111111112,0.0006944444444444446,0.0009027777777777778
SectionCumProbs: 1_3 0.0007291666666666668,0.0008333333333333335,0.0008333333333333335,0.0007986111111111113,0.0008333333333333334,0.0010763888888888889,0.0006944444444444446,0.0008680555555555556,0.0009722222222222223,0.0009027777777777778,0.0007986111111111112,0.0008333333333333335,0.0005208333333333334,0.0009375000000000002,0.000763888888888889,0.0008680555555555556,0.0007638888888888889,0.0007291666666666668,0.0008333333333333335,0.0007291666666666668,0.0005902777777777779,0.0010069444444444444,0.000763888888888889,0.0008680555555555557,0.0005555555555555557,0.0006250000000000001,0.0008333333333333335,0.0005555555555555557,0.0008333333333333335,0.000763888888888889,0.000763888888888889,0.000763888888888889
SectionCumProbs: 2_3 0.0009375000000000001,0.0010069444444444446,0.0010069444444444446,0.000763888888888889,0.0008333333333333335,0.000902777777777778,0.0008680555555555557,0.000763888888888889,0.0011111111111111111,0.0009027777777777778,0.000902777777777778,0.0010763888888888889,0.000902777777777778,0.0006597222222222224,0.0009027777777777778,0.000902777777777778,0.0007986111111111113,0.0008680555555555556,0.0010069444444444446,0.0009722222222222223,0.000763888888888889,0.000763888888888889,0.0006944444444444445,0.0008680555555555556,0.000763888888888889,0.0007986111111111113,0.0008680555555555557,0.0004861111111111112,0.000763888888888889,0.0009027777777777778,0.0008680555555555556,0.0007291666666666668
