HitRate: 29399343/30000000 0.979978
CumReqs: 30000000
CumProbs: 0.9800037975188639
SectionCumProbs: 0_3 0.38808878728502244
SectionCumProbs: 1_3 0.3495852113162826
SectionCumProbs: 2_3 0.24232979891770992
