HitRate: 303964/3000000 0.101321
CumReqs: 3000000
CumProbs: 0.13040998219770292
SectionCumProbs: 0_3 0.043821246768663155
SectionCumProbs: 1_3 0.04341915485890088
SectionCumProbs: 2_3 0.04316958057008328
