HitRate: 2424977/3000000 0.808326
CumReqs: 179906,190769,204500,202255,214746,196719,211663,195203,188356,193394,165684,163504,148029,172580,181024,191668
CumProbs: 0.09937720199319226,0.11879601003556996,0.12470743674982242,0.10277807886255581,0.11769055931828666,0.10554187139050455,0.12480256849071013,0.10918704126695593,0.09745633635401468,0.0959468243400691,0.08702134564013224,0.0759930245562535,0.08265721846059605,0.08252297332101591,0.10316888138000023,0.11162765105147089
SectionCumProbs: 0_3 0.03621668690287846,0.06929700958178826,0.07971642123008985,0.06862014890271995,0.05880301730038659,0.05774463524932637,0.06304980428384525,0.07302305801146822,0.05688115725276771,0.059257793427556875,0.048007387791780175,0.04884666851626635,0.04676636605699485,0.04866137707669773,0.055723665827054465,0.042587530317027375
SectionCumProbs: 1_3 0.03824097101995481,0.026414139957684605,0.02107284074979723,0.016802519433226967,0.041382970225090986,0.02265593898840154,0.027812278226200738,0.025275210822876308,0.028661503035100306,0.015955283441210073,0.020009818126010787,0.014899553145993411,0.025706452616934994,0.016651369350144142,0.017460817821390324,0.037183251907855465
SectionCumProbs: 2_3 0.024919544070359022,0.02308486049609712,0.023918174769935324,0.017355410526608883,0.017504571792809037,0.0251412971527766,0.033940485980664056,0.010888772432611426,0.011913676066146727,0.020733747471302202,0.019004139722341277,0.012246802893993743,0.010184399786666243,0.017210226894174056,0.029984397731555472,0.031856868826588086
