HitRate: 1810634/3000000 0.603545
CumReqs: 3000000
CumProbs: 0.12145067009613875
SectionCumProbs: 0_3 0.05847212099634702
SectionCumProbs: 1_3 0.036007701823578736
SectionCumProbs: 2_3 0.026970847276205124
