HitRate: 2324851/3000000 0.774950
CumReqs: 3000000
CumProbs: 0.3589803827316195
SectionCumProbs: 0_3 0.1831390632979232
SectionCumProbs: 1_3 0.09634331721094595
SectionCumProbs: 2_3 0.07949800222311008
