HitRate: 101313/3000000 0.033771
CumReqs: 93997,93725,94087,94535,94392,94148,93641,93527,93915,93354,93182,93061,92694,93584,93967,93393,93877,93660,93802,92971,94025,94098,94248,94720,94254,93995,93667,93698,93642,93374,92947,93820
CumProbs: 0.00319514364819436,0.0033920497896002904,0.003170155559183457,0.0030958576411910313,0.003166490639461857,0.00320313983667785,0.0032058052328390136,0.003204805709278577,0.003207137930919595,0.0031088514474767034,0.002994239412546686,0.0032054720583188684,0.0031381708052494977,0.0030985230373521953,0.0031698223846633095,0.003107185574875976,0.0031664906394618564,0.003200474440516687,0.0030835301839456527,0.0031568285783776405,0.0031888133323115984,0.003027556864561226,0.0033300793288532464,0.003242787604575152,0.0032964287023185615,0.003137837630729352,0.0031628257197402563,0.003145833819212842,0.0029612551350522926,0.0032864334667141995,0.0030742012973815815,0.0031381708052494977
SectionCumProbs: 0_3 0.0010188476826046252,0.0012060917629263387,0.0010418367244946576,0.0010628267192638178,0.0010871484592344318,0.0010448352951759662,0.0011464535238203122,0.0010351732340917496,0.0010671579880257077,0.0009858634051102308,0.001023845300406806,0.0010475006913371293,0.0009891951503116848,0.0010375054557327675,0.001062160370223527,0.0010121841922017172,0.001063159893783963,0.0010425030735349483,0.0009705373771835426,0.001012850541242008,0.0010934787751171941,0.0010291760927291325,0.0011148019444064995,0.0009871961031908123,0.0010015226075570645,0.0010538310072198919,0.0011048067088021375,0.0010228457768463699,0.0010065202253592455,0.0011141355953662088,0.0010308419653298595,0.001059828148582509
SectionCumProbs: 1_3 0.0010455016442162568,0.0010678243370659986,0.0010491665639378563,0.0010038548291980824,0.0010661584644652716,0.0010761537000696334,0.0009998567349563375,0.0010131837157621535,0.0010395045028536397,0.0010438357716155298,0.0009875292777109578,0.0010568295779012004,0.0010298424417694231,0.0010554968798206189,0.0010818176669121053,0.0010301756162895686,0.001080818143351669,0.0010968105203186481,0.0010538310072198917,0.001076486874589779,0.0010788190962307967,0.001005187527278664,0.001124464005490716,0.0011331265430144966,0.0011551160613440927,0.0010301756162895688,0.0010351732340917496,0.0011104706756446094,0.0009931932445534294,0.0010481670403774202,0.0010005230839966284,0.0010318414888902956
SectionCumProbs: 2_3 0.0011307943213734787,0.0011181336896079535,0.0010791522707509422,0.0010291760927291325,0.001013183715762153,0.0010821508414322505,0.0010594949740623638,0.001156448759424674,0.0011004754400402474,0.0010791522707509422,0.0009828648344289222,0.0011011417890805382,0.0011191332131683899,0.0010055207017988092,0.0010258443475276784,0.0010648257663846898,0.0010225126023262244,0.0010611608466630906,0.0010591617995422181,0.0010674911625458531,0.0010165154609636073,0.0009931932445534294,0.0010908133789560308,0.0011224649583698437,0.0011397900334174044,0.0010538310072198919,0.0010228457768463699,0.0010125173667218626,0.0009615416651396168,0.0011241308309705707,0.0010428362480550937,0.0010465011677766932
