HitRate: 909128/3000000 0.303043
CumReqs: 94000,93938,93911,94248,93751,93685,93726,93657,93724,93551,93807,94044,93808,93955,93609,93705,93840,93860,93237,93668,93947,93280,93767,93979,94242,93121,93757,93871,93471,93688,93830,93323
CumProbs: 0.02910741924169723,0.029210710068120326,0.029207170507090336,0.02906687517898905,0.029144101965099752,0.02913187439063236,0.02895071322154745,0.028972272366003405,0.028973237700829792,0.028975168370482553,0.029153755313363682,0.029345535165538658,0.028887644679556995,0.028986108831848247,0.029087790766894075,0.0289526438912003,0.028892149575413504,0.028930762968468863,0.028966158578769587,0.02891757005917492,0.02880848722379345,0.028990291949429238,0.029044672477982234,0.0290173213245681,0.02921907630328237,0.029114820142032812,0.029044672477982224,0.02908746898861866,0.02891596116779767,0.029023435111801756,0.028923362068133257,0.028829402811698514
SectionCumProbs: 0_3 0.009753743085789295,0.009868296151853612,0.00987473171736284,0.009783024908856292,0.009737332393740783,0.009827430310869996,0.009584165934621094,0.009698075444134467,0.009840623220163915,0.009714486136182995,0.009811341397096917,0.009834187654654693,0.009700006113787234,0.00970676345757191,0.009880523726321148,0.009705476344470077,0.009697110109308084,0.009725104819273224,0.009764683547155007,0.009637581128347707,0.00962889311491024,0.009749881746483767,0.00974087195477084,0.009802975161934928,0.009767901329909612,0.009755351977166603,0.009698075444134467,0.009789782252640992,0.009723174149620482,0.009764039990604082,0.009709659462051075,0.00960025484839417
SectionCumProbs: 1_3 0.009660105607630018,0.009725104819273219,0.009729287936854231,0.009635006902144002,0.009692283435176157,0.009697753665859008,0.00969453588310438,0.009619883323197307,0.009623422884227396,0.009733471054435231,0.009704832787919152,0.009765005325430455,0.009624066440778319,0.009700971448613616,0.009676838077954008,0.00966203627728278,0.009634685123868541,0.009611838866310783,0.009601863739771484,0.009756960868543932,0.009695822996206234,0.00967876874760677,0.00966461050348647,0.009635328680419476,0.00983611832430744,0.009681664752085928,0.009709981240326527,0.009705476344470082,0.009608299305280706,0.00974762929855553,0.009668150064516542,0.009647556254887
SectionCumProbs: 2_3 0.009693570548277994,0.009617309096993631,0.00960315085287332,0.009648843367988857,0.009714486136183,0.009606690413903406,0.00967201140382208,0.009654313598671704,0.009509191596438564,0.009527211179864404,0.009637581128347686,0.009746342185453704,0.009563572124991553,0.009578373925662782,0.009530428962619015,0.009585131269447475,0.00956035434223693,0.00959381928288494,0.009599611291843243,0.009523028062283393,0.009483771112677094,0.0095616414553388,0.009639190019724991,0.009579017482213707,0.009615056649065395,0.009677803412780388,0.009636615793521312,0.009592210391507637,0.009584487712896553,0.009511765822642253,0.009545552541565706,0.009581591708417393
