HitRate: 300938/3000000 0.100313
CumReqs: 3000000
CumProbs: 0.10000000000010165
SectionCumProbs: 0_3 0.03333333333335351
SectionCumProbs: 1_3 0.03333333333335351
SectionCumProbs: 2_3 0.03333333333335351
