HitRate: 1678802/3000000 0.559601
CumReqs: 3000000
CumProbs: 0.44208333333330396
SectionCumProbs: 0_3 0.14223958333333497
SectionCumProbs: 1_3 0.14515625000000168
SectionCumProbs: 2_3 0.15468750000000303
