HitRate: 2913043/3000000 0.971014
CumReqs: 3000000
CumProbs: 0.9958950951525274
SectionCumProbs: 0_3 0.40192291993067875
SectionCumProbs: 1_3 0.3493482271275776
SectionCumProbs: 2_3 0.24462394809688814
