HitRate: 1590666/3000000 0.530222
CumReqs: 94409,94607,94042,94033,93525,93158,94077,93728,93453,93363,93830,93376,94038,93346,93200,94098,94377,94597,94559,93691,93455,93109,93560,93100,92746,93146,93804,94368,94083,93398,93614,94110
CumProbs: 0.028670762852822246,0.028444460937572493,0.02840768273465488,0.028573350315364805,0.02869296230863737,0.028565729606652168,0.028291384092996523,0.028735704544460536,0.02856904295826634,0.027917306695753496,0.028591905084404293,0.0285200053543762,0.028473287096616014,0.028211532319094314,0.028231081093618094,0.02856407293084507,0.028868901279351305,0.02852795739825028,0.028777452774799418,0.028231081093618087,0.028441478921119697,0.02823240643426378,0.02853292742567157,0.028790374846094813,0.028118095803573905,0.027990200431265842,0.028154542671330107,0.028764862038665472,0.02839542333368235,0.028225779731035384,0.028784410813189273,0.028705553044771324
SectionCumProbs: 0_3 0.009549742022443318,0.00949739106693898,0.009350940925591402,0.009367176348500972,0.009728000339287205,0.009402960545934315,0.009392026485607463,0.009627274450215564,0.009495403055970459,0.009221720212637648,0.009565646110191471,0.009508656462427257,0.009543777989537755,0.009350278255268562,0.009168706586810474,0.009502361094360279,0.009496397061454718,0.00948115564402941,0.00960176164278624,0.009351272260752823,0.0096428472028023,0.009514620495332813,0.009538476626955042,0.009760802520267772,0.009550404692766157,0.009541127308246402,0.009363200326563938,0.00954311531921492,0.00939235782076888,0.009262143102330877,0.009459287523375692,0.009407930573355618
SectionCumProbs: 1_3 0.00942416599626519,0.009569953467289932,0.009702156196696454,0.009507331121781579,0.009516939841462749,0.00955471204986462,0.00934696490365436,0.009594472269235004,0.009651461916999218,0.009411243924969821,0.009384074441733392,0.009747549113810976,0.009582875538585302,0.009562332758577275,0.009655106603774836,0.009432780710462104,0.009555706055348875,0.009689234125401085,0.009656100609259095,0.009528205236951033,0.009447028122403162,0.009274071168141995,0.009515614500817077,0.009692216141853857,0.009148826477125286,0.00925054637168118,0.009527211231466765,0.009409255914001297,0.009458293517891438,0.009290306591051564,0.0096362204995739,0.009506005781135899
SectionCumProbs: 2_3 0.009696854834113741,0.009377116403343573,0.00935458561236702,0.009698842845082255,0.009448022127887418,0.009608057010853209,0.009552392703734681,0.009513957825009977,0.009422177985296673,0.009284342558146008,0.00964218453247946,0.009263799778137974,0.009346633568492939,0.009298921305248481,0.009407267903032781,0.009628931126022672,0.009816798162547725,0.009357567628819797,0.009519590522754109,0.009351603595914245,0.009351603595914245,0.009443714770788961,0.009478836297899468,0.009337356183973182,0.009418864633682474,0.009198526751338264,0.009264131113299398,0.009812490805449266,0.009544771995022018,0.009673330037652928,0.009688902790239666,0.009791616690279824
