HitRate: 300186/3000000 0.100062
CumReqs: 3000000
CumProbs: 0.0999999999999973
SectionCumProbs: 0_3 0.033333333333333125
SectionCumProbs: 1_3 0.033333333333333125
SectionCumProbs: 2_3 0.033333333333333125
