HitRate: 1595075/3000000 0.531692
CumReqs: 138187,131817,82401,75284,103936,94674,87331,64859,84322,76027,70536,55079,65488,105325,107124,97827,160050,162441,163056,59010,88239,95114,115770,95655,93120,71474,71450,75498,76516,60507,59559,112324
CumProbs: 0.09008164110816631,0.08561126256971333,0.038364060594394164,0.026974802957650135,0.053987905366385876,0.053068385501626236,0.04356712428405004,0.024364778625842336,0.039433447876445295,0.026959150138510798,0.028273320868804734,0.014805568673580108,0.02604062938986643,0.06513171347747693,0.06137137345828056,0.05075576473346579,0.11564102956917448,0.12040947774868499,0.11877059428092615,0.01895623005514455,0.042844763332704996,0.05055993797487156,0.06617179335347997,0.05061522239991687,0.05021957241826731,0.02622513283248753,0.025331256948019992,0.024612559422430957,0.024365444703252526,0.020868538299784127,0.021071358871185292,0.06956512471966467
SectionCumProbs: 0_3 0.08424214045307919,0.07647201442457241,0.021443363104773315,0.024012423675854763,0.04384421248668678,0.03784352109833501,0.0369220030013448,0.019313913624413603,0.024545285604002327,0.014817891105668517,0.022126758527622564,0.005859149938687574,0.01639016683240893,0.04567492624857875,0.04729848993590337,0.042493407498832694,0.10923036753485416,0.11379466298814314,0.11121494517849877,0.0061565535023349344,0.034934428009354396,0.0345913981431094,0.04962742960061333,0.03966357762166404,0.028169079754110864,0.019447129106450495,0.01830913585115035,0.017620744847724714,0.01806135505456173,0.011791235353790348,0.010972293177968556,0.06340757210121446
SectionCumProbs: 1_3 0.0046761964581999785,0.004415760190817857,0.006629468463565899,0.0008052875889130083,0.0069375292657762105,0.006951183852684991,0.0037753267609255013,0.003252789032635795,0.013397481028450163,0.003788315270424098,0.003260115884147824,0.007349165105270204,0.004249240838271742,0.01749019367532856,0.012004047086344281,0.0023279405485946763,0.0034609382233184373,0.002834159380334864,0.005996361885185572,0.0016468763966810695,0.005983373375686976,0.007012129935716868,0.011856843978693517,0.006776005493806479,0.019447129106450495,0.0017964107752674804,0.0014690337281618197,0.001056731811257641,0.004896335042265942,0.0061229165931206185,0.008965068902377697,0.0014667024572261739
SectionCumProbs: 2_3 0.0011633041968871537,0.004723487954323076,0.01029122902605495,0.0021570916928823633,0.0032061636139228827,0.008273680550606231,0.002869794521779732,0.0017980759687929412,0.0014906812439928142,0.008352943762418182,0.002886446457034344,0.0015972536296223274,0.005401221719185761,0.0019665935535696085,0.002068836436032923,0.005934416686038418,0.0029497238110018672,0.003780655380206977,0.0015592872172418134,0.011152800156128545,0.0019269619476636338,0.008956409896045297,0.004687519774173116,0.004175639284446359,0.0026033635577059496,0.0049815929507695525,0.005553087368707816,0.0059350827634486025,0.0014077546064248493,0.002954386352873158,0.0011339967908390377,0.0046908501612240375
