HitRate: 2971397/3000000 0.990466
CumReqs: 3000000
CumProbs: 0.9988973097925469
SectionCumProbs: 0_3 0.45660105070466406
SectionCumProbs: 1_3 0.3194891839858253
SectionCumProbs: 2_3 0.22280707505326958
