HitRate: 2965429/3000000 0.988476
CumReqs: 3000000
CumProbs: 0.9868265969953852
SectionCumProbs: 0_3 0.6458785721264231
SectionCumProbs: 1_3 0.19605349731331556
SectionCumProbs: 2_3 0.14489452755513516
