HitRate: 1500390/3000000 0.500130
CumReqs: 376328,374289,375645,374749,375301,374200,374750,374738
CumProbs: 0.06250000000000015,0.06250000000000015,0.06250000000000015,0.06250000000000015,0.06250000000000015,0.06250000000000015,0.06250000000000015,0.06250000000000015
SectionCumProbs: 0_3 0.02083333333333331,0.02083333333333331,0.02083333333333331,0.02083333333333331,0.02083333333333331,0.02083333333333331,0.02083333333333331,0.02083333333333331
SectionCumProbs: 1_3 0.02083333333333331,0.02083333333333331,0.02083333333333331,0.02083333333333331,0.02083333333333331,0.02083333333333331,0.02083333333333331,0.02083333333333331
SectionCumProbs: 2_3 0.02083333333333331,0.02083333333333331,0.02083333333333331,0.02083333333333331,0.02083333333333331,0.02083333333333331,0.02083333333333331,0.02083333333333331
