HitRate: 1593506/3000000 0.531169
CumReqs: 186270,188620,186282,188501,189121,187469,188617,189487,187629,187866,187248,186492,185626,186354,186180,188238
CumProbs: 0.006440709254408516,0.006149479501790529,0.0060505147002716045,0.006250110377409102,0.006198795295140029,0.006201461013699462,0.006366735564384269,0.006342410882529446,0.006279100066742929,0.00630309153377782,0.006122489101376278,0.0062930950891799484,0.006143814849851737,0.006177469546664571,0.00614881307215067,0.0062847647186817235
SectionCumProbs: 0_3 0.0021862224335544656,0.0020456057795444084,0.002063266165000648,0.0021115823138903598,0.0020805933356369587,0.002011284653091717,0.0021489023737224127,0.002084591913476107,0.0020272789644483116,0.0019922914083557613,0.002091922639514546,0.0020452725647244793,0.0020789272615373135,0.0019876264008767547,0.002153900596021349,0.002092589069154404
SectionCumProbs: 1_3 0.002214545693248435,0.002033610046026963,0.00199628998619491,0.0020029542825934906,0.002047605068463983,0.00212890948452667,0.00205560222414228,0.0020202814532298014,0.0021092498101508562,0.002169228477738085,0.002054935794502422,0.002156233099760852,0.002107250521231282,0.002143570936603548,0.0019503063410447018,0.00207659475779781
SectionCumProbs: 2_3 0.002039941127605615,0.002070263676219158,0.001990958549076045,0.002135573780925251,0.002070596891039087,0.002061266876081074,0.0021622309665195747,0.0022375375158235388,0.002142571292143761,0.002141571647683974,0.001975630667359309,0.002091589424694617,0.0019576370670831406,0.0020462722091842667,0.0020446061350846215,0.002115580891729508
