HitRate: 26996802/30000000 0.899893
CumReqs: 30000000
CumProbs: 0.9000000000196768
SectionCumProbs: 0_3 0.2999999999997589
SectionCumProbs: 1_3 0.2999999999997589
SectionCumProbs: 2_3 0.2999999999997589
