HitRate: 1882583/3000000 0.627528
CumReqs: 93741,93413,94283,93525,93225,93934,93926,93792,93954,93304,93766,94281,93456,93898,93360,93698,93615,93511,93494,93704,93700,93891,93952,93913,94082,93911,93824,93603,94174,93607,93689,93774
CumProbs: 0.019177838974412532,0.019791622848076496,0.02029955872514755,0.019905107346985595,0.019312649273823954,0.019667790020744605,0.0191209774046093,0.01932143559040936,0.019251926063644915,0.01976953773626433,0.020044126400514457,0.019683475222945192,0.01915644809008365,0.019835641209438856,0.019147206186712347,0.01938330861485758,0.01923515613100168,0.019859310027697284,0.019571509346655785,0.019220837689158825,0.01887910421050921,0.01951647012399619,0.019602424164271055,0.01972855662014135,0.019868725487939415,0.019291041443406546,0.019414657324649906,0.01928546592893136,0.020389352711189374,0.01967904952273922,0.019692109677268612,0.02040039526709545
SectionCumProbs: 0_3 0.0065497542749281,0.006589129989995965,0.006978873638036864,0.006976595704107316,0.006783209960793285,0.006731446624070459,0.006596918354574128,0.006403662778913212,0.006573227841706848,0.006843282332706745,0.007341954611797643,0.006979524476302447,0.006520076050017445,0.007050183817336078,0.006668098366220226,0.006774770757949539,0.006880944173675237,0.006809807551246843,0.006696648471470538,0.006781018805299151,0.006731706959376697,0.006514869343892766,0.0066302629683809115,0.007190895050355466,0.006929583486723258,0.006660852366863385,0.006662718103224729,0.007324381978626861,0.006862699007630018,0.006888949484341927,0.007259927295725137,0.007755670802620908
SectionCumProbs: 1_3 0.006593555690201939,0.007011871138102003,0.006896998184226322,0.006491092052590074,0.006249197163881139,0.006858012972117808,0.006598740701717764,0.007532238026045725,0.006541683880434853,0.006871485324215407,0.006596571240832481,0.006619762777696146,0.006451586169869091,0.006811109227778012,0.006089004172111922,0.00653539244386753,0.007205300270633738,0.006766982393371376,0.006678359916207612,0.0062928250222841625,0.006165455973709259,0.0067851624755900395,0.006393249366663859,0.006490462908933343,0.006084187968946599,0.006603665377927353,0.006059434420245529,0.006299572045637387,0.00695229774219216,0.006590670307224515,0.006341529419158738,0.006694479010585256
SectionCumProbs: 2_3 0.0060345290092824935,0.006190621719978527,0.006423686902884366,0.0064374195902882,0.006280242149149525,0.006078330424556336,0.005925318348317402,0.005385534785450407,0.00613701434150321,0.006054770079342174,0.006105600547884331,0.006084187968946597,0.00618478587019712,0.0059743481643247725,0.0063901036483802005,0.0060731454130405135,0.005148911686692706,0.00628252008307907,0.006196500958977643,0.006146993861575508,0.005981941277423258,0.006216438304513383,0.006578911829226286,0.006047198660852539,0.00685495403226956,0.006026523698615805,0.006692504801179649,0.005661511904667121,0.006574355961367194,0.006199429731172772,0.006090652962384737,0.005950245453889291
