HitRate: 2965166/3000000 0.988389
CumReqs: 3000000
CumProbs: 0.9663340642540589
SectionCumProbs: 0_3 0.6271433073823219
SectionCumProbs: 1_3 0.19822270375488474
SectionCumProbs: 2_3 0.14096805311674307
