HitRate: 5985024/30000000 0.199501
CumReqs: 938250,937735,939191,936593,938297,938162,938381,936901,936431,936929,938073,936606,937675,938429,935722,937372,938269,936279,939569,936321,936373,936068,937537,935333,937887,938356,938385,938207,936526,938978,937124,938041
CumProbs: 0.012441319444444482,0.012627083333333407,0.012507638888888943,0.012580555555555784,0.01254826388888896,0.012578125000000082,0.01244965277777791,0.012521875000000095,0.012526388888889097,0.012500347222222336,0.012541666666666751,0.012533680555555649,0.012526041666666763,0.012549652777777849,0.01255069444444449,0.012577083333333464,0.012535763888888999,0.0124913194444446,0.012523958333333442,0.012552430555555556,0.012560069444444502,0.012576041666666756,0.012505208333333366,0.01255659722222235,0.01247951388888898,0.012509375000000085,0.012575347222222304,0.012609027777777825,0.012574652777777886,0.01246493055555562,0.012547222222222295,0.012577430555555637
SectionCumProbs: 0_3 0.00407465277777801,0.004100694444444688,0.0041038194444446814,0.004070833333333572,0.004082638888889128,0.004068750000000244,0.00402395833333359,0.004107638888889129,0.0041260416666668905,0.0040534722222224755,0.004111458333333572,0.00409548611111136,0.004048958333333584,0.0040979166666669075,0.004094097222222456,0.00409166666666691,0.004091319444444689,0.004069444444444686,0.004038888888889142,0.004093055555555797,0.0040899305555558004,0.004059375000000235,0.004065972222222468,0.0040597222222224505,0.00407013888888912,0.004089236111111356,0.004093055555555785,0.004099652777778,0.004094444444444679,0.004056597222222471,0.004104166666666904,0.004109027777778009
SectionCumProbs: 1_3 0.004171180555555799,0.0041746527777780235,0.004162847222222455,0.004239583333333552,0.004189236111111336,0.004233680555555774,0.004197916666666887,0.004168402777778009,0.004145486111111347,0.004158333333333579,0.004170138888889111,0.004137152777778025,0.0041836805555557745,0.0041763888888891225,0.004154166666666895,0.004197916666666901,0.004161111111111344,0.004193750000000242,0.004199652777778014,0.004156597222222453,0.004247569444444679,0.004186458333333558,0.004153125000000241,0.004198611111111333,0.004148263888889128,0.004100347222222447,0.004168750000000223,0.004212500000000238,0.004151736111111347,0.004177083333333569,0.004164583333333562,0.004212152777778018
SectionCumProbs: 2_3 0.004195486111111347,0.004351736111111323,0.004240972222222442,0.004270138888889108,0.0042763888888891115,0.00427569444444468,0.004227777777777998,0.004245833333333552,0.004254861111111341,0.0042885416666668995,0.004260069444444663,0.00430104166666688,0.004293402777778001,0.004275347222222449,0.004302430555555774,0.004287500000000215,0.004283333333333558,0.004228125000000222,0.0042854166666668764,0.004302777777777999,0.004222569444444678,0.004330208333333552,0.004286111111111325,0.004298263888889098,0.0042611111111113265,0.004319791666666878,0.0043135416666668916,0.0042968750000002215,0.004328472222222446,0.004231250000000231,0.004278472222222442,0.004256250000000207
