HitRate: 2960169/3000000 0.986723
CumReqs: 3000000
CumProbs: 0.9562490203009478
SectionCumProbs: 0_3 0.5961110171966103
SectionCumProbs: 1_3 0.20809823116289378
SectionCumProbs: 2_3 0.1520397719414255
