HitRate: 2967286/3000000 0.989095
CumReqs: 3000000
CumProbs: 0.9873192700515289
SectionCumProbs: 0_3 0.4514965837710664
SectionCumProbs: 1_3 0.31192804296105753
SectionCumProbs: 2_3 0.22389464332118098
