HitRate: 2706172/3000000 0.902057
CumReqs: 3000000
CumProbs: 0.9040079144439003
SectionCumProbs: 0_3 0.3053164288526361
SectionCumProbs: 1_3 0.3012224124327202
SectionCumProbs: 2_3 0.2974690731585359
