HitRate: 2960668/3000000 0.986889
CumReqs: 3000000
CumProbs: 0.9303857652753394
SectionCumProbs: 0_3 0.3678490827982399
SectionCumProbs: 1_3 0.29889625820316945
SectionCumProbs: 2_3 0.2636404242738677
