HitRate: 1059768/3000000 0.353256
CumReqs: 93398,93814,93791,93402,94324,93707,93864,93856,93726,94079,93779,93861,93722,93855,93704,94205,93510,93519,94121,93435,93779,93578,93867,93564,93754,93738,93802,93753,93650,93183,93945,93715
CumProbs: 0.02307986111111103,0.02305555555555548,0.023076388888888744,0.022815972222222133,0.023052083333333227,0.02306944444444435,0.02286458333333323,0.023326388888888785,0.02333680555555542,0.02299305555555549,0.023336805555555437,0.023319444444444344,0.023138888888888764,0.023229166666666547,0.023368055555555437,0.023277777777777686,0.02292708333333322,0.023069444444444316,0.02297569444444442,0.023121527777777713,0.023184027777777744,0.02330902777777767,0.023527777777777644,0.022940972222222113,0.023083333333333237,0.022982638888888785,0.02320833333333325,0.02304513888888885,0.023493055555555416,0.023277777777777675,0.0231909722222221,0.02303124999999986
SectionCumProbs: 0_3 0.007256944444444505,0.007635416666666729,0.00744097222222228,0.007354166666666722,0.0074166666666667215,0.007461805555555614,0.007340277777777838,0.00745833333333338,0.007350694444444497,0.007482638888888946,0.007392361111111165,0.007281250000000066,0.00737500000000006,0.0074652777777778345,0.0075138888888889544,0.007475694444444501,0.007378472222222278,0.007378472222222286,0.007579861111111169,0.007381944444444502,0.007364583333333392,0.007572916666666718,0.007562500000000057,0.007364583333333389,0.007388888888888945,0.007270833333333387,0.007434027777777835,0.00745486111111117,0.007510416666666725,0.0073819444444445,0.0073402777777778405,0.007208333333333393
SectionCumProbs: 1_3 0.007892361111111157,0.007611111111111165,0.007729166666666717,0.007663194444444502,0.007704861111111155,0.007454861111111159,0.007607638888888941,0.00774652777777784,0.007885416666666728,0.007513888888888951,0.007635416666666717,0.007899305555555593,0.007652777777777833,0.007538194444444496,0.007770833333333387,0.007847222222222274,0.007722222222222269,0.007711805555555613,0.007385416666666732,0.007756944444444503,0.0077812500000000555,0.007677083333333383,0.007892361111111162,0.007847222222222271,0.007614583333333397,0.00778472222222226,0.007555555555555603,0.007569444444444509,0.007916666666666723,0.007805555555555613,0.007729166666666721,0.007579861111111163
SectionCumProbs: 2_3 0.007930555555555599,0.007809027777777835,0.007906250000000054,0.0077986111111111615,0.007930555555555606,0.00815277777777784,0.007916666666666716,0.00812152777777783,0.008100694444444506,0.007996527777777837,0.008309027777777834,0.008138888888888949,0.008111111111111175,0.008225694444444497,0.008083333333333389,0.00795486111111116,0.007826388888888949,0.007979166666666721,0.008010416666666707,0.007982638888888933,0.008038194444444497,0.008059027777777826,0.00807291666666672,0.007729166666666712,0.008079861111111163,0.007927083333333383,0.008218750000000056,0.008020833333333385,0.008065972222222282,0.008090277777777828,0.008121527777777835,0.008243055555555615
