HitRate: 1502317/3000000 0.500772
CumReqs: 93656,94060,93519,94020,93618,93384,93741,93827,93175,94057,93372,93978,94311,93610,93696,92903,93835,93850,93830,94048,93527,94070,94174,93785,93454,93520,93628,93897,93840,93595,94024,93996
CumProbs: 0.015625000000000357,0.015625000000000357,0.015625000000000357,0.015625000000000357,0.015625000000000357,0.015625000000000357,0.015625000000000357,0.015625000000000357,0.015625000000000357,0.015625000000000357,0.015625000000000357,0.015625000000000357,0.015625000000000357,0.015625000000000357,0.015625000000000357,0.015625000000000357,0.015625000000000357,0.015625000000000357,0.015625000000000357,0.015625000000000357,0.015625000000000357,0.015625000000000357,0.015625000000000357,0.015625000000000357,0.015625000000000357,0.015625000000000357,0.015625000000000357,0.015625000000000357,0.015625000000000357,0.015625000000000357,0.015625000000000357,0.015625000000000357
SectionCumProbs: 0_3 0.005208333333333323,0.005208333333333323,0.005208333333333323,0.005208333333333323,0.005208333333333323,0.005208333333333323,0.005208333333333323,0.005208333333333323,0.005208333333333323,0.005208333333333323,0.005208333333333323,0.005208333333333323,0.005208333333333323,0.005208333333333323,0.005208333333333323,0.005208333333333323,0.005208333333333323,0.005208333333333323,0.005208333333333323,0.005208333333333323,0.005208333333333323,0.005208333333333323,0.005208333333333323,0.005208333333333323,0.005208333333333323,0.005208333333333323,0.005208333333333323,0.005208333333333323,0.005208333333333323,0.005208333333333323,0.005208333333333323,0.005208333333333323
SectionCumProbs: 1_3 0.005208333333333323,0.005208333333333323,0.005208333333333323,0.005208333333333323,0.005208333333333323,0.005208333333333323,0.005208333333333323,0.005208333333333323,0.005208333333333323,0.005208333333333323,0.005208333333333323,0.005208333333333323,0.005208333333333323,0.005208333333333323,0.005208333333333323,0.005208333333333323,0.005208333333333323,0.005208333333333323,0.005208333333333323,0.005208333333333323,0.005208333333333323,0.005208333333333323,0.005208333333333323,0.005208333333333323,0.005208333333333323,0.005208333333333323,0.005208333333333323,0.005208333333333323,0.005208333333333323,0.005208333333333323,0.005208333333333323,0.005208333333333323
SectionCumProbs: 2_3 0.005208333333333323,0.005208333333333323,0.005208333333333323,0.005208333333333323,0.005208333333333323,0.005208333333333323,0.005208333333333323,0.005208333333333323,0.005208333333333323,0.005208333333333323,0.005208333333333323,0.005208333333333323,0.005208333333333323,0.005208333333333323,0.005208333333333323,0.005208333333333323,0.005208333333333323,0.005208333333333323,0.005208333333333323,0.005208333333333323,0.005208333333333323,0.005208333333333323,0.005208333333333323,0.005208333333333323,0.005208333333333323,0.005208333333333323,0.005208333333333323,0.005208333333333323,0.005208333333333323,0.005208333333333323,0.005208333333333323,0.005208333333333323
