HitRate: 303596/3000000 0.101199
CumReqs: 187288,187865,187480,187340,187032,187311,187082,187621,187131,188181,187542,187710,187162,187910,188065,187280
CumProbs: 0.0072020991596021865,0.00730400329238817,0.007302364962279068,0.00729417331173359,0.0072525597269624585,0.00728106667086081,0.0072469894045915206,0.007188992518729379,0.007209635478104054,0.0073295612420901345,0.007246334072547872,0.007250266064809722,0.007252232060940619,0.007254198057071558,0.007256819385246117,0.007255508721158829
SectionCumProbs: 0_3 0.0023795106504563746,0.0024470098509512843,0.002447337516973102,0.002467325144304122,0.0024358692062094018,0.002452252507300395,0.002428005221685727,0.0024322648799693846,0.002448975847082205,0.002422107233292971,0.002412932584682009,0.0024424225266458026,0.0023981876137001107,0.00241293258468201,0.0023926172913291723,0.0024194859051184076
SectionCumProbs: 1_3 0.002466014480216839,0.002431937213947567,0.0024296435517948255,0.00241653691092203,0.0023929449573509955,0.0024076899283328903,0.0024299712178166414,0.002382131978630935,0.002388685299067333,0.0024339032100784866,0.0024568398316058815,0.002409983590485628,0.0024761721268932585,0.002395893951547371,0.0024473375169731058,0.0024388182004057846
SectionCumProbs: 2_3 0.0023565740289289813,0.0024250562274893495,0.0024253838935111675,0.0024103112565074464,0.0024237455634020712,0.002421124235227513,0.0023890129650891503,0.0023745956601290735,0.00237197433195452,0.0024735507987186955,0.0023765616562599927,0.0023978599476782887,0.002377872320347274,0.002445371520842183,0.002416864576943847,0.002397204615634655
