HitRate: 36628/3000000 0.012209
CumReqs: 93541,93418,93530,94430,94380,93157,94054,93824,93991,94017,93389,93836,93918,94058,93402,93914,93360,93777,93652,93736,93799,93838,93969,93486,94169,94215,93472,93196,93745,93291,93919,93517
CumProbs: 0.00020833333333333337,0.0002534722222222222,0.00031250000000000006,0.0001736111111111111,0.00020138888888888884,0.00020833333333333337,0.00022569444444444443,0.00022222222222222218,0.00029513888888888884,0.00021180555555555552,0.00022569444444444443,0.00022569444444444446,0.00025000000000000006,0.00028125,0.0002465277777777779,0.0002743055555555556,0.00024305555555555552,0.00023611111111111115,0.00021527777777777775,0.00021527777777777783,0.00021875000000000003,0.0002708333333333334,0.0002673611111111111,0.00019444444444444443,0.0002743055555555555,0.00020833333333333335,0.00024652777777777775,0.0002708333333333333,0.0002638888888888889,0.00021180555555555552,0.00026041666666666666,0.00022222222222222226
SectionCumProbs: 0_3 5.555555555555555e-05,0.00010416666666666666,0.00010069444444444443,5.5555555555555545e-05,5.555555555555555e-05,5.555555555555555e-05,7.98611111111111e-05,5.9027777777777766e-05,0.00011458333333333334,7.98611111111111e-05,6.25e-05,8.680555555555557e-05,9.375e-05,0.0001076388888888889,0.00010416666666666666,0.00010069444444444446,6.944444444444444e-05,9.027777777777777e-05,7.291666666666665e-05,6.944444444444443e-05,6.944444444444443e-05,0.00010069444444444443,7.638888888888889e-05,6.249999999999999e-05,7.291666666666666e-05,5.902777777777777e-05,9.027777777777777e-05,7.98611111111111e-05,0.00010069444444444443,6.25e-05,7.98611111111111e-05,9.375e-05
SectionCumProbs: 1_3 7.638888888888889e-05,7.291666666666666e-05,8.680555555555555e-05,5.9027777777777766e-05,7.98611111111111e-05,9.027777777777777e-05,6.944444444444443e-05,7.638888888888887e-05,7.638888888888887e-05,6.597222222222222e-05,7.291666666666666e-05,7.291666666666666e-05,6.944444444444444e-05,8.680555555555556e-05,6.944444444444443e-05,8.680555555555557e-05,7.638888888888889e-05,7.291666666666666e-05,7.98611111111111e-05,8.680555555555556e-05,6.944444444444443e-05,7.291666666666666e-05,9.722222222222222e-05,7.291666666666666e-05,8.333333333333332e-05,6.59722222222222e-05,6.944444444444443e-05,7.638888888888889e-05,9.027777777777776e-05,9.027777777777777e-05,8.333333333333333e-05,6.944444444444444e-05
SectionCumProbs: 2_3 7.638888888888887e-05,7.638888888888887e-05,0.000125,5.902777777777777e-05,6.597222222222223e-05,6.25e-05,7.638888888888889e-05,8.680555555555556e-05,0.00010416666666666666,6.59722222222222e-05,9.02777777777778e-05,6.59722222222222e-05,8.680555555555555e-05,8.680555555555555e-05,7.291666666666666e-05,8.680555555555556e-05,9.722222222222223e-05,7.291666666666669e-05,6.25e-05,5.902777777777777e-05,7.98611111111111e-05,9.722222222222223e-05,9.374999999999997e-05,5.9027777777777766e-05,0.00011805555555555556,8.333333333333332e-05,8.680555555555555e-05,0.00011458333333333334,7.291666666666667e-05,5.9027777777777766e-05,9.722222222222223e-05,5.9027777777777766e-05
