HitRate: 499573/3000000 0.166524
CumReqs: 93835,94028,94130,93415,93617,93612,93739,94009,93745,93185,93677,93915,93940,93653,93896,93818,93499,93325,93744,94119,93408,93765,94280,94139,93689,93775,93624,93729,93397,93731,93640,93922
CumProbs: 0.015625000000000357,0.015625000000000357,0.015625000000000357,0.015625000000000357,0.015625000000000357,0.015625000000000357,0.015625000000000357,0.015625000000000357,0.015625000000000357,0.015625000000000357,0.015625000000000357,0.015625000000000357,0.015625000000000357,0.015625000000000357,0.015625000000000357,0.015625000000000357,0.015625000000000357,0.015625000000000357,0.015625000000000357,0.015625000000000357,0.015625000000000357,0.015625000000000357,0.015625000000000357,0.015625000000000357,0.015625000000000357,0.015625000000000357,0.015625000000000357,0.015625000000000357,0.015625000000000357,0.015625000000000357,0.015625000000000357,0.015625000000000357
SectionCumProbs: 0_3 0.005208333333333323,0.005208333333333323,0.005208333333333323,0.005208333333333323,0.005208333333333323,0.005208333333333323,0.005208333333333323,0.005208333333333323,0.005208333333333323,0.005208333333333323,0.005208333333333323,0.005208333333333323,0.005208333333333323,0.005208333333333323,0.005208333333333323,0.005208333333333323,0.005208333333333323,0.005208333333333323,0.005208333333333323,0.005208333333333323,0.005208333333333323,0.005208333333333323,0.005208333333333323,0.005208333333333323,0.005208333333333323,0.005208333333333323,0.005208333333333323,0.005208333333333323,0.005208333333333323,0.005208333333333323,0.005208333333333323,0.005208333333333323
SectionCumProbs: 1_3 0.005208333333333323,0.005208333333333323,0.005208333333333323,0.005208333333333323,0.005208333333333323,0.005208333333333323,0.005208333333333323,0.005208333333333323,0.005208333333333323,0.005208333333333323,0.005208333333333323,0.005208333333333323,0.005208333333333323,0.005208333333333323,0.005208333333333323,0.005208333333333323,0.005208333333333323,0.005208333333333323,0.005208333333333323,0.005208333333333323,0.005208333333333323,0.005208333333333323,0.005208333333333323,0.005208333333333323,0.005208333333333323,0.005208333333333323,0.005208333333333323,0.005208333333333323,0.005208333333333323,0.005208333333333323,0.005208333333333323,0.005208333333333323
SectionCumProbs: 2_3 0.005208333333333323,0.005208333333333323,0.005208333333333323,0.005208333333333323,0.005208333333333323,0.005208333333333323,0.005208333333333323,0.005208333333333323,0.005208333333333323,0.005208333333333323,0.005208333333333323,0.005208333333333323,0.005208333333333323,0.005208333333333323,0.005208333333333323,0.005208333333333323,0.005208333333333323,0.005208333333333323,0.005208333333333323,0.005208333333333323,0.005208333333333323,0.005208333333333323,0.005208333333333323,0.005208333333333323,0.005208333333333323,0.005208333333333323,0.005208333333333323,0.005208333333333323,0.005208333333333323,0.005208333333333323,0.005208333333333323,0.005208333333333323
