HitRate: 366401/30000000 0.012213
CumReqs: 30000000
CumProbs: 0.007894444444444728
SectionCumProbs: 0_3 0.0026152777777777646
SectionCumProbs: 1_3 0.0026402777777777644
SectionCumProbs: 2_3 0.0026388888888888755
