HitRate: 2907735/3000000 0.969245
CumReqs: 3000000
CumProbs: 0.937442444235312
SectionCumProbs: 0_3 0.3389829084555512
SectionCumProbs: 1_3 0.31837215549313397
SectionCumProbs: 2_3 0.2800873802866969
