HitRate: 1886934/3000000 0.628978
CumReqs: 3000000
CumProbs: 0.1864574235604946
SectionCumProbs: 0_3 0.06431346337571986
SectionCumProbs: 1_3 0.062055155997443566
SectionCumProbs: 2_3 0.06008880418725681
