HitRate: 504619/3000000 0.168206
CumReqs: 374784,375937,373657,374507,375638,376108,374660,374709
CumProbs: 0.062925469801285,0.06334991929129595,0.06322431689119064,0.06354948384743145,0.06242405968945889,0.06232677613287865,0.06168243915196724,0.06335858152578598
SectionCumProbs: 0_3 0.020928624853616566,0.021226472454927217,0.021394386538887603,0.020792361241831266,0.020567809470820767,0.020878983586731452,0.02048485191743558,0.021826165611928558
SectionCumProbs: 1_3 0.021322090197182442,0.021147846018787057,0.020614785434785864,0.02152998382494291,0.021057558882371853,0.020963940117306644,0.020857994326236404,0.02052616411269568
SectionCumProbs: 2_3 0.020674754750486007,0.020975600817581676,0.0212151449175172,0.02122713878065723,0.020798691336266276,0.020483852428840574,0.02033959290829526,0.02100625180116174
