HitRate: 28214522/30000000 0.940484
CumReqs: 30000000
CumProbs: 0.9722149775965715
SectionCumProbs: 0_3 0.8638203019334402
SectionCumProbs: 1_3 0.06711215409840206
SectionCumProbs: 2_3 0.04128252158009548
