HitRate: 396293/3000000 0.132098
CumReqs: 3000000
CumProbs: 0.13214309915664618
SectionCumProbs: 0_3 0.04411139913590153
SectionCumProbs: 1_3 0.04430229779155461
SectionCumProbs: 2_3 0.04372940222918998
