HitRate: 2363925/3000000 0.787975
CumReqs: 70223,80524,87458,92600,94239,96168,105316,98739,96018,105622,109521,106419,101031,92852,109945,103488,101073,98162,91530,97526,92829,86208,94708,83417,89378,81298,89682,82303,79034,94460,95669,92560
CumProbs: 0.039858984945690165,0.0493760231641535,0.04683772703002371,0.05257436434109007,0.06174581442137102,0.06153481383836792,0.06663876385732959,0.053310822411721026,0.06297313972012071,0.07265998466708125,0.0681783448623716,0.0736288263902297,0.058614452565119365,0.05928204457363748,0.06624663609726282,0.04596919705945059,0.062068132748611234,0.04161208218897221,0.05726197341832897,0.05112660475219866,0.05374037054343801,0.047834555417683694,0.04383969490133288,0.05604879868028725,0.059050289834928965,0.04491073511848418,0.047638334309197915,0.0485864218766411,0.047347776129324844,0.054359536188643975,0.06016912750158329,0.05585100528727835
SectionCumProbs: 0_3 0.02876777546267614,0.03128405961348214,0.03356733119796132,0.03677856510798765,0.05087220911635729,0.04681225602074909,0.04376705535636463,0.03834739060515967,0.035885193041949155,0.046789615123616145,0.048463154770028286,0.05480449270868784,0.04837070444006862,0.04829240467081712,0.04987538072869728,0.035654696130859316,0.04336046257868496,0.029415242229298214,0.04643050533853489,0.0407819159607633,0.04010394687439272,0.032319880657315524,0.031001991770033866,0.031238777819216225,0.034987104122341316,0.032884016344212015,0.03851153710937378,0.03498018607043961,0.0348861634559569,0.040194510462924694,0.045484304512519544,0.042748214985380895
SectionCumProbs: 1_3 0.007398856508912026,0.007665515964033685,0.0095135791925124,0.010989954359724852,0.007173390908296201,0.010845933097406774,0.00757652466002492,0.009417669836601906,0.02299812017662415,0.008703852663104087,0.01346064225936028,0.008313926101369587,0.006412090742200052,0.007196975176143043,0.007249803936119967,0.0068954110046080585,0.006668373119469098,0.007029055189073509,0.0064598881917029925,0.006505484442873558,0.009360753136864852,0.009220819814306907,0.00919660663265082,0.020192221216658902,0.006398254638396575,0.007182195701625684,0.005442934562147065,0.006968050549576336,0.006311464532720191,0.010120795475342484,0.01057518570252501,0.007971482532233405
SectionCumProbs: 2_3 0.0036923529741019613,0.010426447586637596,0.0037568166395500016,0.004805844873377644,0.003700214396717575,0.0038766247202119707,0.015295183840940143,0.005545761969959305,0.004089826501547444,0.017166516880361082,0.006254547832983137,0.010510407580172361,0.003831657382850652,0.0037926647266772044,0.009121451432445528,0.0034190899239831913,0.012039297050457127,0.005167784770600544,0.004371579888091077,0.0038392043485616454,0.004275670532180578,0.006293854946061211,0.003641096498648152,0.004617799644412134,0.017664931074191058,0.0048445230726464695,0.0036838626376770964,0.006638185256625143,0.006150148140647774,0.00404423025037688,0.0041096372865387955,0.005131307769664094
