HitRate: 2303311/3000000 0.767770
CumReqs: 371779,376632,377963,376479,377471,376403,372412,370861
CumProbs: 0.13787284976653927,0.14065084011498757,0.1360283529680492,0.13576693972424053,0.13990632351334858,0.13792571657897454,0.13693614331637943,0.135034398477904
SectionCumProbs: 0_3 0.06002252535124275,0.060534252729066304,0.05921462699104851,0.05949882261811616,0.06008795168265415,0.05864594365507682,0.058929263036634455,0.05874612772505024
SectionCumProbs: 1_3 0.042723978575212956,0.0426433639882956,0.041699647574055636,0.04016826250446137,0.041616988414281485,0.04190235236869579,0.04126415355559963,0.039620316978892324
SectionCumProbs: 2_3 0.035126345840082764,0.03747322339762423,0.03511407840294316,0.03609985460166149,0.03820138341641089,0.03737742055520064,0.036742726724144345,0.03666795377395997
