HitRate: 2939386/3000000 0.979795
CumReqs: 375947,375919,374832,374703,374615,374222,374916,374846
CumProbs: 0.12247394837219162,0.12256654093267412,0.1222918843487709,0.12263589865588194,0.12227905316997742,0.1226646821110133,0.12247880341281608,0.12197665349679099
SectionCumProbs: 0_3 0.04876125372407625,0.0487494629111309,0.04844810360379263,0.048543470473203475,0.04779960889179884,0.04771464568086913,0.04895718929213854,0.048293435881039015
SectionCumProbs: 1_3 0.04262032091124951,0.04456129679522238,0.045698416667215754,0.04308536444535843,0.04588533573126101,0.04440870980416501,0.04226520936842511,0.04340718428104306
SectionCumProbs: 2_3 0.031092373736865818,0.02925578122632086,0.028145364077762493,0.031007063737320116,0.028594108546917546,0.03054132662597912,0.03125640475225247,0.030276033334708928
