HitRate: 1745743/3000000 0.581914
CumReqs: 3000000
CumProbs: 0.41838107638878086
SectionCumProbs: 0_3 0.13213107638889976
SectionCumProbs: 1_3 0.13820312500000667
SectionCumProbs: 2_3 0.14804687500000283
