HitRate: 2786180/3000000 0.928727
CumReqs: 3000000
CumProbs: 0.8833778142484351
SectionCumProbs: 0_3 0.6220634125957981
SectionCumProbs: 1_3 0.14585913414656482
SectionCumProbs: 2_3 0.11545526750650319
