HitRate: 2654829/3000000 0.884943
CumReqs: 314715,379870,355798,330532,435931,355635,326144,501375
CumProbs: 0.07265949718737856,0.07858010516064139,0.08492313853424373,0.08084423878277623,0.09339393197554056,0.08760038424080514,0.08054521481828389,0.11515981650106703
SectionCumProbs: 0_3 0.04982790322666484,0.04592263029328964,0.03428730515212637,0.044133475782717674,0.04192322634550806,0.04702526037370346,0.036294989968228296,0.06560599085698471
SectionCumProbs: 1_3 0.014753290261464689,0.02020656934695028,0.03128475862546101,0.012596592390754805,0.028846000329957475,0.026757489236467754,0.030152192886755403,0.024757787262576967
SectionCumProbs: 2_3 0.008078303699249079,0.01245090552040148,0.01935107475665636,0.02411417060930374,0.022624705300075047,0.01381763463063389,0.014098031963300214,0.02479603838150535
