HitRate: 1859619/3000000 0.619873
CumReqs: 3000000
CumProbs: 0.16540689962562088
SectionCumProbs: 0_3 0.08419573524452302
SectionCumProbs: 1_3 0.045478912843984615
SectionCumProbs: 2_3 0.035732251537064656
