HitRate: 16808289/30000000 0.560276
CumReqs: 1874381,1875326,1875210,1874011,1876909,1873995,1876859,1874592,1876249,1871929,1874964,1874794,1873914,1876450,1874880,1875537
CumProbs: 0.027444791666664144,0.02753541666666414,0.027476041666664133,0.02749999999999747,0.027521874999997472,0.027574999999997466,0.027408333333330814,0.027426041666664146,0.02740833333333081,0.027449999999997476,0.02740937499999748,0.0274802083333308,0.027498958333330804,0.02745104166666415,0.02754062499999747,0.027564583333330787
SectionCumProbs: 0_3 0.008810416666666192,0.008838541666666184,0.008834374999999514,0.008717708333332864,0.008752083333332855,0.008917708333332842,0.008781249999999508,0.008852083333332846,0.008742708333332863,0.008797916666666194,0.008732291666666192,0.008809374999999514,0.008795833333332854,0.008842708333332849,0.008780208333332859,0.008813541666666183
SectionCumProbs: 1_3 0.009088541666666165,0.009184374999999481,0.009124999999999488,0.009245833333332818,0.009132291666666152,0.009161458333332824,0.009196874999999476,0.009020833333332838,0.00914687499999949,0.009120833333332835,0.00912812499999949,0.009189583333332824,0.00908541666666617,0.009105208333332827,0.009151041666666155,0.009164583333332818
SectionCumProbs: 2_3 0.009545833333332789,0.009512499999999457,0.009516666666666127,0.009536458333332783,0.009637499999999436,0.009495833333332794,0.0094302083333328,0.009553124999999456,0.009518749999999463,0.009531249999999448,0.009548958333332785,0.009481249999999459,0.009617708333332777,0.009503124999999467,0.009609374999999445,0.009586458333332788
