HitRate: 1499763/3000000 0.499921
CumReqs: 3000000
CumProbs: 0.5000000000000527
SectionCumProbs: 0_3 0.1666666666666673
SectionCumProbs: 1_3 0.1666666666666673
SectionCumProbs: 2_3 0.1666666666666673
