HitRate: 28056154/30000000 0.935205
CumReqs: 30000000
CumProbs: 0.9486529139257429
SectionCumProbs: 0_3 0.8421428102986057
SectionCumProbs: 1_3 0.06600673271672446
SectionCumProbs: 2_3 0.04050337091435196
