HitRate: 2789405/3000000 0.929802
CumReqs: 3000000
CumProbs: 0.9058108528184714
SectionCumProbs: 0_3 0.42399055389917806
SectionCumProbs: 1_3 0.2606319148461301
SectionCumProbs: 2_3 0.221188384067692
