HitRate: 3964520/30000000 0.132151
CumReqs: 30000000
CumProbs: 0.13212194509823533
SectionCumProbs: 0_3 0.04433848263138203
SectionCumProbs: 1_3 0.04398383936030195
SectionCumProbs: 2_3 0.04379962310655166
