HitRate: 29400508/30000000 0.980017
CumReqs: 1875870,1874284,1871919,1873654,1875639,1874737,1875256,1879241,1874216,1875416,1874890,1874787,1874014,1873854,1874959,1877264
CumProbs: 0.061276192005906914,0.06123257668822567,0.06126845967576213,0.061232059321667046,0.06127327278804086,0.06120792853498472,0.06122834727021484,0.061276762636021186,0.06128414999436393,0.06122824228823197,0.06124577657100372,0.061239662841853136,0.061254028698247254,0.06125132138009849,0.06121387821134084,0.06123218366984856
SectionCumProbs: 0_3 0.02425977043351584,0.024253423702349737,0.02434194747199203,0.024161242455566573,0.02420677826471735,0.024180598541188064,0.024345272668223464,0.024255882879688113,0.02425058656730402,0.024216643602364456,0.02431309993527548,0.02418930863431943,0.02422122824384937,0.024378597182167096,0.024269398567784355,0.024266120749729166
SectionCumProbs: 1_3 0.021861179539313064,0.022075841261911644,0.021830443542177284,0.02193435950728485,0.02192700616782668,0.02197247344441971,0.021738113442158,0.021844419878436105,0.021889132402802,0.0218906670199467,0.021807781209858663,0.021898062702890294,0.021853391992499308,0.02176916770119346,0.021915648443673576,0.021728038123184218
SectionCumProbs: 2_3 0.015155242033077942,0.014903311723964042,0.015096068661592573,0.015136457358815697,0.01513948835549692,0.015054856549376976,0.015144961159833437,0.015176459877896845,0.015144431024257941,0.015120931665920833,0.015124895425869533,0.015152291504643796,0.015179408461898677,0.015103556496738042,0.015028831199882917,0.01523802479693502
