HitRate: 2964770/3000000 0.988257
CumReqs: 387496,391018,375467,371359,356997,377580,368933,371150
CumProbs: 0.12287007926574825,0.12391318217420767,0.1217156214665928,0.11948276391696601,0.11939681093767693,0.12141020778760417,0.117621926221003,0.12083999395077047
SectionCumProbs: 0_3 0.054022776653392474,0.054991298368482426,0.05414565101553904,0.053747490822815394,0.053150841275855454,0.053996931685392845,0.052074213751762334,0.05247916747893132
SectionCumProbs: 1_3 0.03873171210064143,0.039564510812350524,0.03800332705964993,0.037020332162480796,0.03828821244976996,0.03871664817643581,0.03637022045314511,0.038422901654430644
SectionCumProbs: 2_3 0.030115590511736966,0.029357372993397298,0.029566643391427613,0.028714940931695507,0.027957757212075867,0.0286966279257987,0.029177492016120816,0.029937924817431828
