HitRate: 2046381/3000000 0.682127
CumReqs: 85697,98517,68234,130925,124515,84969,88392,104751,101384,116397,63505,87913,76700,104648,144583,71760,170673,53965,60115,64291,118380,73478,71204,91133,117305,77358,69496,117193,74489,83867,73627,130536
CumProbs: 0.010988681687827948,0.01345957847919149,0.010947394637278276,0.00796873371617084,0.008330661328650582,0.013488878966678355,0.009129765532837689,0.021681694820106647,0.009920878694982925,0.013127284314283687,0.008528106659101812,0.010007781277188271,0.005992948571318219,0.012414749732216854,0.016760877722739473,0.01331540676235274,0.009757728253294722,0.0068629732736269315,0.006270304322188161,0.009577263887182467,0.023438725189063054,0.008038322373952132,0.008866394105541022,0.006118807483477687,0.017880955448941735,0.009906561411324573,0.005492176603360966,0.009447076493916988,0.011269367039548667,0.009023884225782897,0.006552321514249193,0.01712447013564461
SectionCumProbs: 0_3 0.00679138685533517,0.005785847398399728,0.0028557986497136714,0.0029283839482606667,0.004508612512040669,0.009414446405579344,0.0026803286848775853,0.01796819099123216,0.004050459434973394,0.006775737731336504,0.002565124495440611,0.0039722138149800735,0.003909950279070496,0.006336230419033596,0.011538065828206582,0.010764932510655557,0.0015635805595261047,0.003611618042840643,0.0037301518331283967,0.0038783190709880885,0.012953479149872993,0.004338802868650908,0.006228018391383259,0.0023926511713702274,0.01524424453520936,0.005426916426685685,0.00342749111579253,0.005182190764153385,0.009198355310363749,0.0051452321947097306,0.002680661644962664,0.01025317285989073
SectionCumProbs: 1_3 0.001338832502098481,0.005969308405277684,0.0068676347148180225,0.0024655694300023006,0.0028424802463105528,0.0020094141134454945,0.004839241876523084,0.00281184791848338,0.00432881406609857,0.0021772259963247866,0.0055131530887208785,0.0016744562678570655,0.0010578141902926818,0.004871539004775646,0.0026743354033461827,0.000825741010993343,0.0009732423286828798,0.0019268400123461599,0.0018156313439301208,0.004569877167695013,0.005206163890278998,0.0031111790349684673,0.0012209646319808827,0.002216848246449064,0.0022318314502775723,0.0023743383666909395,0.0006016588737358755,0.0016990953141528347,0.0008900023074133894,0.001893544003838364,0.00294736267311011,0.0011207436463724165
SectionCumProbs: 2_3 0.002858462330394295,0.0017044226755140819,0.0012239612727465844,0.002574780337907872,0.000979568570299361,0.002065018447653514,0.001610194971437019,0.0009016559103911181,0.0015416051939109593,0.004174320586622397,0.00044982907494032516,0.004361111194351133,0.0010251841019550418,0.0012069803084076083,0.002548476491186713,0.0017247332407038375,0.007220905365085739,0.0013245152184401285,0.000724521145129643,0.0011290676484993654,0.00527908214891107,0.000588340470332757,0.0014174110821768796,0.001509308065658397,0.0004048794634548005,0.0021053066179479475,0.0014630266138325604,0.0025657904156107672,0.0011810094217715274,0.001985108027234803,0.0009242971961764196,0.005750553629381463
