HitRate: 2939919/3000000 0.979973
CumReqs: 3000000
CumProbs: 0.9799855926375135
SectionCumProbs: 0_3 0.390625865800992
SectionCumProbs: 1_3 0.3480135029465146
SectionCumProbs: 2_3 0.241346223890005
