HitRate: 1443941/3000000 0.481314
CumReqs: 3000000
CumProbs: 0.019163114578463133
SectionCumProbs: 0_3 0.007022754136623455
SectionCumProbs: 1_3 0.006469904695954469
SectionCumProbs: 2_3 0.005670455745885202
