HitRate: 2965733/3000000 0.988578
CumReqs: 3000000
CumProbs: 0.9923691979325159
SectionCumProbs: 0_3 0.8654165766396885
SectionCumProbs: 1_3 0.08160661394033547
SectionCumProbs: 2_3 0.04534600735243088
