HitRate: 505383/3000000 0.168461
CumReqs: 94159,93634,94137,94087,94057,93717,93722,93432,93594,93531,94273,93882,93500,93959,94039,93648,93727,93389,94035,93372,93383,94088,93675,93905,93671,93354,93597,93622,94230,93473,93897,93211
CumProbs: 0.01625754150466457,0.016259178027132875,0.016303036829283496,0.0162156465294759,0.016336094583143376,0.01626376029004416,0.01626277837656317,0.01623037523169068,0.016226774882260375,0.01619699017333716,0.016234957494601934,0.016281434732701886,0.016287653518081417,0.016164259723971047,0.01610927256903587,0.016169496595869606,0.016188480256501984,0.016154767893654835,0.01613643884200978,0.01619175330143859,0.016126292402706303,0.016172769640806217,0.01616982390036329,0.01632954849327011,0.016258196113651882,0.016164914332958347,0.016250995414791337,0.016229720622703347,0.016281762037195547,0.015965913200812108,0.016201572436248455,0.016168841986882287
SectionCumProbs: 0_3 0.005470240002566066,0.005371394045480268,0.005436527639718922,0.0054325999857949775,0.005486932531742805,0.005404451799340086,0.005392341533074609,0.00538350431174575,0.005449292514971724,0.005478749919401271,0.005418198588073876,0.005476786092439299,0.0054967516665526605,0.005401833363390794,0.005420489719529507,0.005431290767820339,0.005415907456618243,0.005381540484783777,0.005372048654467595,0.005479731832882254,0.005410015975732332,0.005468930784591427,0.005395614578011227,0.00545845704079425,0.005444710252060463,0.005428672331871048,0.005410670584719656,0.00539430536003658,0.005433909203769627,0.005402160667884454,0.005464021217186495,0.005460420867756221
SectionCumProbs: 1_3 0.0054096886712386725,0.005457802431806924,0.005386777356682358,0.005440455293642865,0.005469258089085087,0.0054826775733252085,0.005480059137375918,0.005439473380161877,0.005431290767820338,0.005398887622947844,0.0054073975397830425,0.005407070235289387,0.005431945376807658,0.005397578404973193,0.005350119253392267,0.005388086574657001,0.005385795443201374,0.005405761017314737,0.005442419120604829,0.00541132519370698,0.0053848135297203895,0.005376958221872519,0.005410343280225999,0.005442746425098492,0.005392668837568266,0.005391359619593626,0.005409688671238671,0.005395614578011226,0.005436527639718921,0.0052866221816219175,0.005365502564594355,0.0053497919488986025
SectionCumProbs: 2_3 0.005377612830859837,0.005429981549845697,0.005479731832882251,0.005342591250038042,0.005379903962315475,0.00537663091737885,0.005390377706112636,0.005407397539783042,0.0053461915994683275,0.005319352630988084,0.005409361366745006,0.005397578404973191,0.00535895647472113,0.005364847955607039,0.0053386635961141125,0.005350119253392267,0.005386777356682363,0.0053674663915563295,0.005321971066937373,0.005300696274849364,0.005331462897253553,0.005326880634342296,0.005363866042126049,0.005428345027377389,0.005420817024023166,0.005344882381493676,0.00543063615883302,0.005439800684655543,0.00541132519370698,0.005277130351305731,0.0053720486544675955,0.005358629170227467
