HitRate: 28518532/30000000 0.950618
CumReqs: 30000000
CumProbs: 0.8494649305495781
SectionCumProbs: 0_3 0.24260989583237477
SectionCumProbs: 1_3 0.2701114583323952
SectionCumProbs: 2_3 0.33674357638825814
