HitRate: 2470310/3000000 0.823437
CumReqs: 86429,80531,73883,91791,94619,112299,103771,95219,84423,77764,89393,88475,99152,91802,89924,78778,88174,81464,99488,95789,116888,111878,103574,93001,80392,80807,86071,100182,122093,109564,102694,89688
CumProbs: 0.06106377251802657,0.062493098956538,0.05126517492794055,0.06549065682215613,0.06974091370797687,0.07930433552529341,0.07371434297154288,0.06584135753593637,0.06252630255352865,0.05936272670295676,0.06834852381522673,0.0679654053884108,0.0739359622461342,0.06620345356702427,0.06771667311746113,0.05963307078259785,0.06953088622168367,0.06132861541000065,0.07539102638408642,0.0746809802330529,0.08986288289739996,0.08269876478689911,0.07424894053019465,0.06103567716672629,0.05486354107520278,0.05464133238764895,0.06221293132749017,0.07250467109773956,0.08421611022808277,0.08041066365935108,0.06966645120348089,0.06359058589612927
SectionCumProbs: 0_3 0.04829964183338653,0.044557262451838046,0.03890007682015463,0.047520241423547854,0.047546765006942895,0.049756277739245514,0.04018873003117833,0.039504618050573856,0.04378945383029809,0.04472386984975645,0.05225126281727351,0.049713643534825304,0.05128914438849178,0.043964509480705356,0.04535748878641629,0.045272416848563854,0.05126321021806068,0.04776563368769941,0.05518928997349378,0.049882805055589355,0.06140956145710533,0.05679445794636539,0.048744845092447205,0.045478907857069345,0.039979291957851174,0.038371373391146484,0.03978989392531144,0.04609798794060881,0.04916293535514848,0.04925272259671591,0.04487888545937644,0.049058412789473205
SectionCumProbs: 1_3 0.00801542690198628,0.008292843937199802,0.007897151367143163,0.008865556867545147,0.00796395150310105,0.01281344490265885,0.023303227428921793,0.01854745069069395,0.01315255382813898,0.007076688520789299,0.00708356500537325,0.008392454728172445,0.010990194132983497,0.01385827761743604,0.011875688876402302,0.008386560598529061,0.012737607101247453,0.00900190773329449,0.011782954570013344,0.012211457795084781,0.011707116768602352,0.013514846330216736,0.014605063843247862,0.011270361762030494,0.00773309809206991,0.012547226713767493,0.01654678661875412,0.018445089305887907,0.023326411005519028,0.01582730986028981,0.013972820203504814,0.007057237892966356
SectionCumProbs: 2_3 0.004748703782655806,0.009642992567502883,0.004467946740644468,0.00910485853106521,0.014230197197930968,0.016734612883388976,0.010222385511443745,0.00778928879466964,0.005584294895094062,0.007562168332412969,0.009013695992581427,0.00985930712541353,0.011656623724657963,0.00838066646888591,0.010483495454643853,0.005974093335507503,0.00553006890237549,0.004561073989009301,0.008418781840579592,0.012586717382377858,0.016746204671687186,0.012389460510313663,0.010899031594499753,0.004286407547629427,0.007151151025283407,0.003722732282737503,0.005876250783427712,0.007961593851243745,0.011726763867413855,0.015330631202343783,0.01081474554059997,0.007474935213691524
