HitRate: 899682/3000000 0.299894
CumReqs: 47209,46645,46994,47286,46824,46916,46737,46847,47018,46650,47115,47033,46800,46896,46656,47247,46665,46857,46774,46902,47071,46666,46504,46937,46501,46625,46950,47057,46573,47125,46641,46708,46701,46939,47043,46749,46944,47041,46692,46794,47177,47084,46763,46798,46628,46796,46856,46884,46951,47241,47147,47102,46856,46415,46973,46695,47065,46923,46537,47001,47045,46965,46832,46934
CumProbs: 0.014062499999999955,0.014062499999999955,0.014062499999999955,0.014062499999999955,0.014062499999999955,0.014062499999999955,0.014062499999999955,0.014062499999999955,0.014062499999999955,0.014062499999999955,0.014062499999999955,0.014062499999999955,0.014062499999999955,0.014062499999999955,0.014062499999999955,0.014062499999999955,0.014062499999999955,0.014062499999999955,0.014062499999999955,0.014062499999999955,0.014062499999999955,0.014062499999999955,0.014062499999999955,0.014062499999999955,0.014062499999999955,0.014062499999999955,0.014062499999999955,0.014062499999999955,0.014062499999999955,0.014062499999999955,0.014062499999999955,0.014062499999999955,0.014062499999999955,0.014062499999999955,0.014062499999999955,0.014062499999999955,0.014062499999999955,0.014062499999999955,0.014062499999999955,0.014062499999999955,0.014062499999999955,0.014062499999999955,0.014062499999999955,0.014062499999999955,0.014062499999999955,0.014062499999999955,0.014062499999999955,0.014062499999999955,0.014062499999999955,0.014062499999999955,0.014062499999999955,0.014062499999999955,0.014062499999999955,0.014062499999999955,0.014062499999999955,0.014062499999999955,0.014062499999999955,0.014062499999999955,0.014062499999999955,0.014062499999999955,0.014062499999999955,0.014062499999999955,0.014062499999999955,0.014062499999999955
SectionCumProbs: 0_3 0.0046875,0.0046875,0.0046875,0.0046875,0.0046875,0.0046875,0.0046875,0.0046875,0.0046875,0.0046875,0.0046875,0.0046875,0.0046875,0.0046875,0.0046875,0.0046875,0.0046875,0.0046875,0.0046875,0.0046875,0.0046875,0.0046875,0.0046875,0.0046875,0.0046875,0.0046875,0.0046875,0.0046875,0.0046875,0.0046875,0.0046875,0.0046875,0.0046875,0.0046875,0.0046875,0.0046875,0.0046875,0.0046875,0.0046875,0.0046875,0.0046875,0.0046875,0.0046875,0.0046875,0.0046875,0.0046875,0.0046875,0.0046875,0.0046875,0.0046875,0.0046875,0.0046875,0.0046875,0.0046875,0.0046875,0.0046875,0.0046875,0.0046875,0.0046875,0.0046875,0.0046875,0.0046875,0.0046875,0.0046875
SectionCumProbs: 1_3 0.0046875,0.0046875,0.0046875,0.0046875,0.0046875,0.0046875,0.0046875,0.0046875,0.0046875,0.0046875,0.0046875,0.0046875,0.0046875,0.0046875,0.0046875,0.0046875,0.0046875,0.0046875,0.0046875,0.0046875,0.0046875,0.0046875,0.0046875,0.0046875,0.0046875,0.0046875,0.0046875,0.0046875,0.0046875,0.0046875,0.0046875,0.0046875,0.0046875,0.0046875,0.0046875,0.0046875,0.0046875,0.0046875,0.0046875,0.0046875,0.0046875,0.0046875,0.0046875,0.0046875,0.0046875,0.0046875,0.0046875,0.0046875,0.0046875,0.0046875,0.0046875,0.0046875,0.0046875,0.0046875,0.0046875,0.0046875,0.0046875,0.0046875,0.0046875,0.0046875,0.0046875,0.0046875,0.0046875,0.0046875
SectionCumProbs: 2_3 0.0046875,0.0046875,0.0046875,0.0046875,0.0046875,0.0046875,0.0046875,0.0046875,0.0046875,0.0046875,0.0046875,0.0046875,0.0046875,0.0046875,0.0046875,0.0046875,0.0046875,0.0046875,0.0046875,0.0046875,0.0046875,0.0046875,0.0046875,0.0046875,0.0046875,0.0046875,0.0046875,0.0046875,0.0046875,0.0046875,0.0046875,0.0046875,0.0046875,0.0046875,0.0046875,0.0046875,0.0046875,0.0046875,0.0046875,0.0046875,0.0046875,0.0046875,0.0046875,0.0046875,0.0046875,0.0046875,0.0046875,0.0046875,0.0046875,0.0046875,0.0046875,0.0046875,0.0046875,0.0046875,0.0046875,0.0046875,0.0046875,0.0046875,0.0046875,0.0046875,0.0046875,0.0046875,0.0046875,0.0046875
