HitRate: 1925701/3000000 0.641900
CumReqs: 3000000
CumProbs: 0.4749993483891428
SectionCumProbs: 0_3 0.3690443180022146
SectionCumProbs: 1_3 0.06262527803360861
SectionCumProbs: 2_3 0.0433297523533989
