HitRate: 2954236/3000000 0.984745
CumReqs: 153325,221560,238711,144650,252105,192020,190149,204398,172801,208946,122955,161353,163129,192076,187079,194743
CumProbs: 0.05042723829329214,0.07179045839917651,0.07816231726269854,0.04757158550411903,0.07090047380991074,0.057331390836716054,0.06191381607246242,0.06415754326395559,0.04901768807655627,0.06135117088291565,0.03473877141005279,0.051080611651455,0.051948077378726136,0.05765807751579744,0.059001050227505764,0.06397119152194218
SectionCumProbs: 0_3 0.018970998969354107,0.05598841812500774,0.03385205042397469,0.028807825337179165,0.03168567062802821,0.03630171097660715,0.03765480085819707,0.031840691779440475,0.032325989573440544,0.02892270416938362,0.023457147911065505,0.03130252361380087,0.03385988307162499,0.02574330194399788,0.0411289064514255,0.030136438194861913
SectionCumProbs: 1_3 0.02532784525821301,0.01052805752296434,0.024789350732254647,0.00728893135924504,0.026298114485894388,0.016952786758125882,0.01758494669556914,0.026959646852026262,0.011706544634016271,0.01857479754237626,0.006216184991472205,0.007410990118462267,0.010074416679884258,0.012926805865869823,0.011550218041328966,0.023206176825937033
SectionCumProbs: 2_3 0.006128394065725052,0.005273982751204431,0.01952091610646918,0.011474828807694794,0.012916688695988186,0.0040768931019830295,0.0066740685186962015,0.005357204632488908,0.004985153869099488,0.013853669171155754,0.005065438507515101,0.01236709791919188,0.008013777627216882,0.018987969705929773,0.006321925734751304,0.010628576501143246
