HitRate: 2809665/3000000 0.936555
CumReqs: 3000000
CumProbs: 0.8647916666666546
SectionCumProbs: 0_3 0.2627083333333338
SectionCumProbs: 1_3 0.2760416666666669
SectionCumProbs: 2_3 0.32604166666666495
