HitRate: 36723/3000000 0.012241
CumReqs: 187532,187321,186858,187361,187310,187148,188056,187517,186926,187901,187951,187744,188459,187683,187199,187034
CumProbs: 0.00047916666666666675,0.00047222222222222235,0.0003819444444444446,0.0004930555555555556,0.0005138888888888888,0.0005486111111111113,0.0005000000000000001,0.0004791666666666667,0.00048611111111111115,0.0005138888888888889,0.0003680555555555556,0.0005625000000000002,0.00045833333333333327,0.0004861111111111111,0.0005416666666666668,0.0006111111111111111
SectionCumProbs: 0_3 0.00014583333333333335,0.00015277777777777777,0.00011805555555555553,0.00016666666666666663,0.00019444444444444446,0.0001736111111111111,0.00020138888888888886,0.00014583333333333332,0.000125,0.00013888888888888886,0.00011111111111111109,0.0001736111111111111,0.00012499999999999998,0.00016666666666666663,0.00014583333333333332,0.00018055555555555557
SectionCumProbs: 1_3 0.00016666666666666663,0.00018055555555555552,0.00011111111111111109,0.00015972222222222223,0.00014583333333333332,0.0002013888888888889,0.00016666666666666666,0.00016666666666666666,0.00020138888888888892,0.00016666666666666663,0.00013888888888888892,0.00020138888888888892,0.00015972222222222223,0.00016666666666666663,0.00020833333333333335,0.00022916666666666664
SectionCumProbs: 2_3 0.00016666666666666666,0.00013888888888888886,0.00015277777777777777,0.00016666666666666666,0.00017361111111111112,0.0001736111111111111,0.0001319444444444444,0.0001666666666666667,0.00015972222222222226,0.00020833333333333332,0.00011805555555555553,0.0001875,0.0001736111111111111,0.00015277777777777777,0.0001875,0.00020138888888888892
