HitRate: 2805727/3000000 0.935242
CumReqs: 3000000
CumProbs: 0.942816211285239
SectionCumProbs: 0_3 0.63791345618518
SectionCumProbs: 1_3 0.17239811469074637
SectionCumProbs: 2_3 0.132504640408032
