HitRate: 2378990/3000000 0.792997
CumReqs: 3000000
CumProbs: 0.5584656668405812
SectionCumProbs: 0_3 0.28061690614977375
SectionCumProbs: 1_3 0.1467918897130902
SectionCumProbs: 2_3 0.13105687097918145
