HitRate: 16807985/30000000 0.560266
CumReqs: 30000000
CumProbs: 0.4397010416666037
SectionCumProbs: 0_3 0.14083750000020615
SectionCumProbs: 1_3 0.14623020833354386
SectionCumProbs: 2_3 0.15263333333354548
