HitRate: 366240/30000000 0.012208
CumReqs: 1876036,1875760,1875232,1874159,1871853,1876894,1875804,1873971,1873796,1875999,1876714,1873734,1875337,1875748,1873776,1875187
CumProbs: 0.00048819444444444263,0.0005243055555555537,0.00046736111111110937,0.0004909722222222204,0.00047013888888888713,0.0004645833333333317,0.0005041666666666647,0.00048749999999999824,0.0004902777777777761,0.00048333333333333155,0.00046666666666666493,0.0004930555555555538,0.0004756944444444428,0.0005187499999999982,0.000520138888888887,0.0004965277777777762
SectionCumProbs: 0_3 0.00016319444444444438,0.0001743055555555555,0.0001534722222222222,0.00015624999999999992,0.00015694444444444436,0.00015347222222222208,0.00017430555555555545,0.00016111111111111103,0.0001624999999999999,0.00016388888888888882,0.0001666666666666666,0.00016597222222222217,0.00017638888888888877,0.0001708333333333332,0.0001729166666666666,0.00016249999999999988
SectionCumProbs: 1_3 0.00016874999999999987,0.00018402777777777764,0.00014930555555555544,0.00015972222222222215,0.00015624999999999998,0.0001638888888888888,0.00015763888888888878,0.00016180555555555547,0.00015208333333333328,0.00015694444444444434,0.00014861111111111103,0.0001534722222222222,0.0001465277777777777,0.00017430555555555548,0.00016527777777777765,0.00015902777777777766
SectionCumProbs: 2_3 0.0001562499999999999,0.00016597222222222214,0.0001645833333333332,0.00017499999999999978,0.00015694444444444436,0.0001472222222222222,0.00017222222222222216,0.00016458333333333312,0.00017569444444444438,0.0001624999999999999,0.0001513888888888888,0.00017361111111111098,0.00015277777777777772,0.00017361111111111098,0.00018194444444444443,0.000175
