HitRate: 2701793/3000000 0.900598
CumReqs: 3000000
CumProbs: 0.7431798144921445
SectionCumProbs: 0_3 0.450285461543268
SectionCumProbs: 1_3 0.1655990990052896
SectionCumProbs: 2_3 0.1272952539435868
