HitRate: 22801461/30000000 0.760049
CumReqs: 2609326,4188507,3264830,2767340,7149475,3146879,2770659,4102984
CumProbs: 0.057423204750219135,0.10976704807285925,0.07825503300815288,0.06233198080733396,0.20841263480724173,0.0753968054755943,0.06249581723408275,0.10716444925078585
SectionCumProbs: 0_3 0.04514242116394279,0.09587965017598278,0.06458546308774962,0.04853102258366119,0.19565081443958807,0.062324167990717605,0.04999969912344517,0.09494058286471131
SectionCumProbs: 1_3 0.007519187695804557,0.008885566206955003,0.008401902989353184,0.008289032723766288,0.007614171598243958,0.008320716188598191,0.00810950417172823,0.007455754274084437
SectionCumProbs: 2_3 0.0047615958904717575,0.005001831689921214,0.005267666931050157,0.005511925499906394,0.0051476487694099085,0.004751921296278593,0.004386613938909295,0.004768112111990175
