HitRate: 2724054/3000000 0.908018
CumReqs: 3000000
CumProbs: 0.5603066169668797
SectionCumProbs: 0_3 0.21816978961130434
SectionCumProbs: 1_3 0.1786833926305632
SectionCumProbs: 2_3 0.16345343472501095
