HitRate: 1510646/3000000 0.503549
CumReqs: 3000000
CumProbs: 0.5017323770611956
SectionCumProbs: 0_3 0.1686945472765701
SectionCumProbs: 1_3 0.16795895332443173
SectionCumProbs: 2_3 0.16507887646019398
