HitRate: 1327242/30000000 0.044241
CumReqs: 937059,938325,938714,938360,938354,935752,937189,937365,937506,935781,939032,935277,937126,936705,937799,937887,937238,936647,936893,938275,937802,937463,937765,937721,938532,937395,939410,936565,937388,936750,937929,937996
CumProbs: 0.004152867245805155,0.004119376621296758,0.004138002209793145,0.004127588893810469,0.004142048842112678,0.004117196393734969,0.0041601182083889346,0.004173648938674816,0.00413740904324402,0.00415287984559216,0.004141294085356711,0.004103016874243924,0.00416925933216666,0.004149870499527614,0.0041229653318702285,0.004089722208758536,0.004178074664861774,0.004111436418245316,0.004167194614226538,0.004137470212757722,0.004152861824815145,0.0041282316782601,0.004175552114151001,0.004157162505819954,0.004168439807817941,0.004171517189694173,0.004172240234309651,0.004113563653351181,0.004146763807847158,0.0041225940895407666,0.00414877207848102,0.0042134277813797374
SectionCumProbs: 0_3 0.0013987219245638672,0.0013619626579262404,0.0013781959492110583,0.0013889229143871824,0.0013745571042456496,0.0013787130374389046,0.0013885601030209692,0.001395534729662749,0.0013695066968511006,0.0013831506342484863,0.0013989599533339144,0.0013710473213769234,0.0013993954315737397,0.0013880578801980586,0.0013726586531470609,0.0013858617303770012,0.0014101391458294721,0.001386499206683497,0.0013933774121856195,0.0013927942542857664,0.0013698523337918199,0.0013883897953934584,0.0013854227669050135,0.0013778535978503492,0.001405307496431855,0.0014096918121579442,0.001403264733718273,0.001365377224078628,0.0013878809645182777,0.0013652038934570923,0.001380651349524037,0.0013894146012187161
SectionCumProbs: 1_3 0.0013784130405465331,0.0014025973963939814,0.0013955165439556874,0.0013639928707658458,0.0013878464355463222,0.0013677119672165792,0.0013870304984259884,0.0013971276022891831,0.0013842403118328262,0.001379333031161144,0.0013725054591813496,0.0013569695485297164,0.0013740980193087647,0.0013875437563706668,0.0013718723318195982,0.0013622382451726682,0.0013991130626644745,0.0013699956775278933,0.0013872442955009273,0.0013765546978295547,0.0013860904905128222,0.0013621565353585641,0.0013745033761149402,0.001391997077957501,0.0013984785247168525,0.0013781643629382349,0.0013953850057382752,0.0013761267239065578,0.0013731681958255757,0.0013822485472237622,0.0013824886050673316,0.0014134136711868475
SectionCumProbs: 2_3 0.00137573228069475,0.0013548165669765386,0.0013642897166263991,0.0013746731086574393,0.0013796453023207122,0.0013707713890794915,0.0013845276069419739,0.0013809866067228853,0.001383662034560085,0.0013903961801825324,0.0013698286728414508,0.001375000004337278,0.0013957658812841479,0.001374268862958905,0.0013784343469035636,0.0013416222332088574,0.0013688224563678272,0.0013549415340339318,0.0013865729065399913,0.001368121260642398,0.0013969190005105089,0.0013776853475080788,0.0014156259711310452,0.0013873118300121038,0.0013646537866692332,0.0013836610145979908,0.0013735904948531095,0.0013720597053659975,0.0013857146475033028,0.0013751416488599173,0.001385632123889661,0.0014105995089741658
