HitRate: 2348011/3000000 0.782670
CumReqs: 79784,95407,66272,125371,106581,88325,64096,93612,80453,82651,113459,103327,97983,71830,112883,74464,79177,84573,101099,137402,143246,141531,67380,89198,87165,64151,73768,98743,132415,88860,70740,84054
CumProbs: 0.013468900910882344,0.01514592426144472,0.01517272804435182,0.0250883408011658,0.022309086333496174,0.019546807595001495,0.01412976306945049,0.01488860794553516,0.02036998155006339,0.01859646458103514,0.024592470817382046,0.02215064619453345,0.020039103741064195,0.015522964141006231,0.01898214123508918,0.017114215386265366,0.01883323133004893,0.01606588965478271,0.026224225556812118,0.031070349506439186,0.016532573297178624,0.023595072273423133,0.014764714904541855,0.013962388336185468,0.01760025731631655,0.014895159981356907,0.015841035698172003,0.024552860782641517,0.023931310839003826,0.017946026115819688,0.015917277569552697,0.01827005406918706
SectionCumProbs: 0_3 0.010231897395119212,0.00949955848213171,0.011756734822730392,0.02114431305627188,0.01190028397118911,0.01563792258769699,0.010879655482043879,0.011615270412942238,0.016884000673072965,0.011991416833073669,0.01815211742439504,0.019084889069566506,0.014412394069216513,0.0120134554990196,0.015794873627609292,0.013772379297353914,0.01567663916300741,0.012891428299136337,0.01954293593746999,0.024274101440405777,0.013196097964848507,0.020384872540567096,0.011122378627259337,0.010276868186441348,0.014241445498230382,0.011434493788223482,0.012082251875148171,0.021152354191144085,0.018483293053204206,0.010476407459195135,0.011684662428690965,0.014812068254344259
SectionCumProbs: 1_3 0.001966206386150171,0.004268055698260905,0.002155024145741087,0.0020746127970194005,0.009125198980860793,0.0026467246521836682,0.0019429764409639061,0.0020677629413875563,0.0020624021848061097,0.00523567226121179,0.005106418463637065,0.001776792986939099,0.004312133030152796,0.0021297094618842605,0.0019641216474796113,0.0019364244051421394,0.0018887732355292947,0.001908727162804673,0.002076101896069806,0.005450102524469683,0.0020126662765226986,0.001839632966866043,0.0022172684860478696,0.0023861323183633995,0.0021142228317600842,0.002074017157399243,0.002086823409232695,0.0020743149772093224,0.004078642299049793,0.0061115603226579735,0.002972539524411521,0.002001944763359808
SectionCumProbs: 2_3 0.0012707971296126578,0.0013783100810516495,0.0012609690758800095,0.0018694149478740729,0.0012836033814461105,0.0012621603551203294,0.001307131146442456,0.0012055745912050717,0.0014235786921838554,0.00136937548674924,0.0013339349293496829,0.0012889641380275565,0.0013145766416944654,0.00137979918010205,0.0012231459599998102,0.0014054116837689543,0.0012678189315118555,0.0012657341928412951,0.004605187723271902,0.0013461455415629765,0.0013238090558069526,0.001370566765989562,0.001425067791234256,0.0012993878313803681,0.001244588986325591,0.0013866490357338963,0.0016719604137908322,0.0013261916142875956,0.0013693754867492396,0.0013580583339661883,0.0012600756164497678,0.001456041051482609
