HitRate: 2895743/3000000 0.965248
CumReqs: 186259,188478,186261,188682,189217,187403,188827,189462,187630,187829,187346,186581,185718,186076,185912,188319
CumProbs: 0.05589586649950201,0.056702568821070644,0.055907075277161725,0.05660861289068766,0.056884216953144336,0.05627399791055199,0.056756305019851086,0.05687630487479631,0.05628289899869345,0.056674876546852486,0.05635410770382585,0.05591828405482147,0.05579960287960094,0.055783119383042507,0.05582267977478273,0.05661388760958642
SectionCumProbs: 0_3 0.01861810936272494,0.018917449660225686,0.018754922384159756,0.01885942775234008,0.019151844981286286,0.01883931788653882,0.018800416834660973,0.019186789993990115,0.018788878387070083,0.019009757240952788,0.018623384081623638,0.018715032322488404,0.018670197211849527,0.018520527063099163,0.01881821901094404,0.01928437229361591
SectionCumProbs: 1_3 0.018868658510412785,0.018920416689606197,0.01854788966738612,0.019074702217392926,0.01878393333810255,0.01872228506097411,0.018918768339950355,0.018992944074463204,0.018633603849489852,0.01882415306970509,0.019026570407442368,0.018777669609410366,0.018418988724299343,0.018609208274583414,0.018658988434189804,0.018564043494013357
SectionCumProbs: 2_3 0.018409098626364293,0.018864702471238767,0.01860426322561588,0.01867448292095472,0.018948438633755504,0.018712394963039055,0.019037119845239748,0.018696570806342985,0.018860416762133583,0.01884096623619465,0.01870415321475985,0.018425582122922717,0.01871041694345205,0.018653384045359937,0.018345472329648824,0.018765471821957137
