HitRate: 30305/3000000 0.010102
CumReqs: 187286,187819,187599,187273,186952,187218,187114,187677,187175,188118,187584,187627,187234,187893,188047,187384
CumProbs: 0.0007263669540635279,0.0007496586108589682,0.0007440020656372191,0.0007253687402008654,0.00075065682472163,0.0007566461078976009,0.0007064026768102927,0.0007343526649648216,0.0007017443454512049,0.0007223740986128812,0.0007220413606586601,0.0007450002794998802,0.0007093973183982779,0.000751322300630072,0.0007699556260664239,0.0007190467190706745
SectionCumProbs: 0_3 0.00024788977589433283,0.00024056954090147996,0.0002608665561089354,0.00023491299567973014,0.0002498862036196563,0.0002448951343063474,0.0002309201402290832,0.00023990406499303885,0.000234247519771289,0.0002488879897569945,0.00024922072771121516,0.000250884417482318,0.0002329165679544066,0.0002515498933907592,0.0002478897758943328,0.0002372421613592742
SectionCumProbs: 1_3 0.00024589334816900937,0.00024389692044368577,0.0002455606102147887,0.0002422332306725829,0.00024589334816900926,0.00025654096270406787,0.0002512171554365385,0.00025188263134497964,0.0002295891884122008,0.0002359112095423918,0.0002455606102147887,0.00024722429998589164,0.00024755703794011224,0.000250884417482318,0.00026386119769692063,0.00024156775476414177
SectionCumProbs: 2_3 0.00023258383000018609,0.000265192149513803,0.0002375748993134948,0.0002482225138485533,0.00025487727293296505,0.00025521001088718565,0.00022426538114467156,0.00024256596862680353,0.00023790763726771536,0.00023757489931349474,0.00022726002273265673,0.000246891562031671,0.0002289237125037597,0.00024888798975699445,0.0002582046524751709,0.0002402368029472595
