HitRate: 2439166/3000000 0.813055
CumReqs: 3000000
CumProbs: 0.5069042867274728
SectionCumProbs: 0_3 0.16963466327994883
SectionCumProbs: 1_3 0.16948292071450963
SectionCumProbs: 2_3 0.16778670273301538
