HitRate: 347754/3000000 0.115918
CumReqs: 188429,187166,187886,187863,186799,187434,187791,187143,186903,187312,187118,187271,188004,188655,187204,187022
CumProbs: 0.005104166666666664,0.004583333333333332,0.005729166666666665,0.004999999999999997,0.004999999999999997,0.005416666666666664,0.005624999999999997,0.005416666666666664,0.0049999999999999975,0.005729166666666665,0.004895833333333331,0.005624999999999996,0.005624999999999998,0.005416666666666664,0.005104166666666664,0.004687499999999998
SectionCumProbs: 0_3 0.0017708333333333335,0.0013541666666666667,0.0020833333333333333,0.0017708333333333335,0.0017708333333333335,0.0018750000000000001,0.0021875,0.0014583333333333334,0.0016666666666666668,0.0017708333333333335,0.0016666666666666668,0.0016666666666666668,0.0017708333333333335,0.001979166666666667,0.0020833333333333333,0.0014583333333333334
SectionCumProbs: 1_3 0.0016666666666666668,0.0015625,0.0017708333333333335,0.0016666666666666668,0.0015625,0.0015625,0.0017708333333333335,0.0018750000000000001,0.0018750000000000001,0.0021875,0.0015625,0.0020833333333333333,0.0018750000000000001,0.0017708333333333335,0.0016666666666666668,0.0015625
SectionCumProbs: 2_3 0.0016666666666666668,0.0016666666666666668,0.0018750000000000001,0.0015625,0.0016666666666666668,0.001979166666666667,0.0016666666666666668,0.0020833333333333333,0.0014583333333333334,0.0017708333333333335,0.0016666666666666668,0.0018750000000000001,0.001979166666666667,0.0016666666666666668,0.0013541666666666667,0.0016666666666666668
