HitRate: 30025/3000000 0.010008
CumReqs: 3000000
CumProbs: 0.010000000000000016
SectionCumProbs: 0_3 0.0033333333333333383
SectionCumProbs: 1_3 0.0033333333333333383
SectionCumProbs: 2_3 0.0033333333333333383
