HitRate: 1861557/3000000 0.620519
CumReqs: 185576,188522,189527,188027,188725,187233,187712,185713,185266,188247,186622,187801,186833,187100,188223,188873
CumProbs: 0.008944894690102217,0.00915453061166751,0.009120448698038793,0.009073184157440494,0.009195364602524578,0.009056464728113197,0.009014023099820847,0.00906578902523806,0.00891016972149939,0.009233626373485102,0.009199222932369308,0.009092154279177249,0.00893106900815851,0.009098906356405555,0.009232018736049789,0.009152601446745155
SectionCumProbs: 0_3 0.003066407644123075,0.0031541846480913653,0.003253858169080999,0.0032242776402711783,0.0032348880473442613,0.003081519436015053,0.0030548326545887967,0.003168974912496279,0.003075410413760849,0.003228135970115931,0.0031500047907595413,0.0030930944255493325,0.0030821624909891728,0.0031284624491263006,0.003099203447803538,0.003111421492311948
SectionCumProbs: 1_3 0.002922684857405759,0.0030001729817880234,0.0029786306401547846,0.0029580528809827326,0.0028824939215228457,0.002986668827331363,0.003027502818188413,0.002951943858728527,0.0030098188063999217,0.0029921347946114374,0.0030824840184762435,0.00301367713624469,0.0029699493980040723,0.002996636179430331,0.003094380535497584,0.0030455083574639566
SectionCumProbs: 2_3 0.002955802188573285,0.0030001729817880243,0.002887959888802922,0.0028908536361864907,0.003077982633657355,0.0029882764647666867,0.002931687627043533,0.0029448702540131365,0.0028249405013385034,0.0030133556087576225,0.0029667341231334387,0.0029853827173831156,0.0028789571191651475,0.002973807727848835,0.0030384347527485627,0.002995671596969137
