HitRate: 399544/30000000 0.013318
CumReqs: 30000000
CumProbs: 0.013308468176297933
SectionCumProbs: 0_3 0.00442964651831485
SectionCumProbs: 1_3 0.004434519525032956
SectionCumProbs: 2_3 0.004444302132950213
