HitRate: 30519/3000000 0.010173
CumReqs: 3000000
CumProbs: 0.01636564886305356
SectionCumProbs: 0_3 0.005479062779865197
SectionCumProbs: 1_3 0.005421433757094447
SectionCumProbs: 2_3 0.005465152326092942
