HitRate: 133079/30000000 0.004436
CumReqs: 3748846,3752575,3745746,3751119,3751394,3751336,3749737,3749247
CumProbs: 0.0016531279469543738,0.0016126637999798392,0.0016815220364717123,0.0016487516822133903,0.001689058470043809,0.0016226534667753228,0.001632899172036985,0.001603331555522108
SectionCumProbs: 0_3 0.0005365891953942037,0.0005532283971258265,0.000592225583270757,0.0005379383799182394,0.000554929382807891,0.0005545183810009834,0.0005498844111479894,0.0005220005583082297
SectionCumProbs: 1_3 0.0005590714490874742,0.0005149688059276005,0.0005325120241367638,0.0005622205763899401,0.0005653636621012597,0.0005145412418277223,0.0004955213754100461,0.0005438979234792934
SectionCumProbs: 2_3 0.000557467302472696,0.0005444665969264111,0.0005567844290641928,0.0005485927259052111,0.0005687654251346592,0.0005535938439466178,0.0005874933854789492,0.000537433073734584
