HitRate: 2940197/3000000 0.980066
CumReqs: 3000000
CumProbs: 0.9800976371700162
SectionCumProbs: 0_3 0.38919356125903254
SectionCumProbs: 1_3 0.34991694666667583
SectionCumProbs: 2_3 0.24098712924430604
