HitRate: 2809905/3000000 0.936635
CumReqs: 3000000
CumProbs: 0.8639062500005854
SectionCumProbs: 0_3 0.2582395833333758
SectionCumProbs: 1_3 0.2778229166667092
SectionCumProbs: 2_3 0.32784375000002464
