HitRate: 1692817/3000000 0.564272
CumReqs: 3000000
CumProbs: 0.3146569638965746
SectionCumProbs: 0_3 0.22480404159432113
SectionCumProbs: 1_3 0.0527210737330285
SectionCumProbs: 2_3 0.037131848569222636
