HitRate: 3000017/30000000 0.100001
CumReqs: 30000000
CumProbs: 0.0999999999999896
SectionCumProbs: 0_3 0.03333333333333027
SectionCumProbs: 1_3 0.03333333333333027
SectionCumProbs: 2_3 0.03333333333333027
