HitRate: 2403786/3000000 0.801262
CumReqs: 3000000
CumProbs: 0.6893002341340757
SectionCumProbs: 0_3 0.33365986808058734
SectionCumProbs: 1_3 0.18588861002427967
SectionCumProbs: 2_3 0.16975175603034584
