HitRate: 367602/30000000 0.012253
CumReqs: 30000000
CumProbs: 0.00781597222222226
SectionCumProbs: 0_3 0.0026053819444445594
SectionCumProbs: 1_3 0.0025904513888890036
SectionCumProbs: 2_3 0.002620138888889
