HitRate: 1883950/3000000 0.627983
CumReqs: 3000000
CumProbs: 0.6274696664204209
SectionCumProbs: 0_3 0.21904839450284522
SectionCumProbs: 1_3 0.21023971177457532
SectionCumProbs: 2_3 0.1981815601429992
