HitRate: 1745883/3000000 0.581961
CumReqs: 3000000
CumProbs: 0.4181805555555366
SectionCumProbs: 0_3 0.1324097222222186
SectionCumProbs: 1_3 0.13787499999999633
SectionCumProbs: 2_3 0.14789583333332854
