HitRate: 2706911/3000000 0.902304
CumReqs: 3000000
CumProbs: 0.9050727467356566
SectionCumProbs: 0_3 0.3057373657308368
SectionCumProbs: 1_3 0.30301976501641953
SectionCumProbs: 2_3 0.2963156159884155
