HitRate: 2809052/3000000 0.936351
CumReqs: 374148,374740,374746,376305,374946,374349,375600,375166
CumProbs: 0.10764583333332844,0.10787499999999506,0.1080416666666617,0.10812499999999498,0.10777083333332842,0.10781249999999504,0.10812499999999498,0.10797916666666163
SectionCumProbs: 0_3 0.03189583333333338,0.03227083333333337,0.03208333333333338,0.03220833333333338,0.03175000000000009,0.0322708333333334,0.03214583333333336,0.032770833333333374
SectionCumProbs: 1_3 0.034541666666666686,0.035000000000000024,0.0353125,0.03541666666666669,0.035229166666666686,0.03502083333333335,0.03516666666666676,0.03472916666666673
SectionCumProbs: 2_3 0.041208333333333416,0.040604166666666754,0.04064583333333339,0.04050000000000004,0.04079166666666674,0.04052083333333338,0.040812500000000064,0.04047916666666674
