HitRate: 2901156/3000000 0.967052
CumReqs: 3000000
CumProbs: 0.904734364927498
SectionCumProbs: 0_3 0.3058946545589298
SectionCumProbs: 1_3 0.302563905709891
SectionCumProbs: 2_3 0.29627580465867115
