HitRate: 347039/3000000 0.115680
CumReqs: 3000000
CumProbs: 0.08294270833333271
SectionCumProbs: 0_3 0.026458333333333493
SectionCumProbs: 1_3 0.02809895833333349
SectionCumProbs: 2_3 0.028385416666666788
