HitRate: 30109/3000000 0.010036
CumReqs: 3000000
CumProbs: 0.010330006978878724
SectionCumProbs: 0_3 0.0034304488412195107
SectionCumProbs: 1_3 0.00351110254952371
SectionCumProbs: 2_3 0.0033884555881355076
