HitRate: 1883011/3000000 0.627670
CumReqs: 3000000
CumProbs: 0.6254492213035032
SectionCumProbs: 0_3 0.21631113319769277
SectionCumProbs: 1_3 0.2152780499105113
SectionCumProbs: 2_3 0.19386003819529815
