HitRate: 2954274/3000000 0.984758
CumReqs: 3000000
CumProbs: 0.956357430487716
SectionCumProbs: 0_3 0.5636067027624914
SectionCumProbs: 1_3 0.19686133214213833
SectionCumProbs: 2_3 0.1958893955830885
