HitRate: 23160015/30000000 0.772000
CumReqs: 1237375,2440714,1588593,1502890,2226636,1647857,1585182,2628798,1520590,1547384,1415388,1351505,2371273,1288762,3800515,1846538
CumProbs: 0.027445726822981072,0.06722529159522377,0.0385910838602448,0.035983441100473315,0.06007351951939302,0.04059185474169329,0.03860663277643893,0.07380029502493661,0.036383701367448944,0.03725394337422864,0.033115743546188535,0.03094051979264287,0.06498190457580402,0.028910640279172225,0.11256308003010584,0.047394919993366445
SectionCumProbs: 0_3 0.021261070811753522,0.06107435253019968,0.03238361835148714,0.02918448686288973,0.05361756973158458,0.03429577035663098,0.03231253759174268,0.06773449373557684,0.03018376166674296,0.030615119766107084,0.02700385911501658,0.02452919439971122,0.05890032229687379,0.022373829496486242,0.10625084996873944,0.04145208443996403
SectionCumProbs: 1_3 0.003918857334350822,0.0038191983960149138,0.003947767046336495,0.004159119585222543,0.0038955505367293556,0.003904634551734025,0.0038791727870493985,0.003700940434257026,0.003772220114038192,0.004208285987601845,0.0038222153499033198,0.003918791027671955,0.0035312284896989485,0.004139923801690778,0.003928140269392089,0.003623660000038453
SectionCumProbs: 2_3 0.0022657986768767433,0.002331740669009187,0.002259698462421049,0.002639834652361034,0.0025603992510793215,0.002391449833328216,0.0024149223976468502,0.0023648608551028656,0.0024277195866680276,0.0024305376205198447,0.0022896690812685768,0.0024925343652597515,0.002550353789231085,0.002396886980995241,0.002384089791974064,0.002319175553364042
