HitRate: 1883385/3000000 0.627795
CumReqs: 3000000
CumProbs: 0.6273527629980129
SectionCumProbs: 0_3 0.21839985676381363
SectionCumProbs: 1_3 0.21055466567145573
SectionCumProbs: 2_3 0.19839824056274363
