HitRate: 2998166/30000000 0.099939
CumReqs: 30000000
CumProbs: 0.10000000000076964
SectionCumProbs: 0_3 0.03333333333344419
SectionCumProbs: 1_3 0.03333333333344419
SectionCumProbs: 2_3 0.03333333333344419
