HitRate: 29696479/30000000 0.989883
CumReqs: 30000000
CumProbs: 0.9921052833151048
SectionCumProbs: 0_3 0.8793121987196186
SectionCumProbs: 1_3 0.07193049489744813
SectionCumProbs: 2_3 0.04086258969831789
