HitRate: 1059489/3000000 0.353163
CumReqs: 374930,375245,375535,375115,375254,374862,374693,374366
CumProbs: 0.09386111111111049,0.09294444444444382,0.09358333333333255,0.092027777777777,0.09254166666666636,0.0932777777777773,0.09231944444444415,0.09229166666666619
SectionCumProbs: 0_3 0.029944444444444697,0.029708333333333583,0.029500000000000227,0.029430555555555814,0.029750000000000235,0.030055555555555752,0.0283888888888891,0.02947222222222246
SectionCumProbs: 1_3 0.030694444444444642,0.030486111111111318,0.031402777777777995,0.030180555555555783,0.03048611111111133,0.030361111111111293,0.031388888888889126,0.03125000000000022
SectionCumProbs: 2_3 0.03322222222222245,0.03275000000000026,0.03268055555555576,0.03241666666666687,0.032305555555555726,0.03286111111111135,0.03254166666666689,0.03156944444444466
