HitRate: 2423817/3000000 0.807939
CumReqs: 93937,94493,94313,93365,92479,94673,93786,93413,93919,91900,95131,94088,93113,92119,94335,95238,95268,93267,93914,93120,93351,93433,93925,92545,92566,94136,94283,94376,92765,93890,94935,93924
CumProbs: 0.015570280274321053,0.015874404134229275,0.015907201805395847,0.015704452565457036,0.0154341202455386,0.015993005813801333,0.015699151931733143,0.01575679632348045,0.015732943471722945,0.015357261056542193,0.016097362040240426,0.015856514495411145,0.015603077945487622,0.015579556383337856,0.01591979081049009,0.015998969026740712,0.01605595083927253,0.015525224887667975,0.015788600125823792,0.015737250236623607,0.015760109219557887,0.015842269042278187,0.01597677262302191,0.01552522488766798,0.015411261262604323,0.015699814510948623,0.01586413415638923,0.015834649381300095,0.015436770562400556,0.015879042188737688,0.015938343028523712,0.015685237768207926
SectionCumProbs: 0_3 0.005083639030818879,0.005201246841567702,0.005308584674476488,0.005341051056035318,0.005287382139580927,0.0053619223013231364,0.0052078726337225646,0.005088608374935026,0.005362253590930882,0.005145258897859106,0.005529223553233435,0.0052877134291886676,0.0050352707480883765,0.005238019988027194,0.005221455507640035,0.005296989538205477,0.005322167548393957,0.005143602449820391,0.00539869544778263,0.00522609356214844,0.005253590599591123,0.005408302846407181,0.005573285071063278,0.00530162759271388,0.005206216185683848,0.005228412589402641,0.005188657836473462,0.005119418308455142,0.005229406458225871,0.005298645986244193,0.00530129630310614,0.005113786385123507
SectionCumProbs: 1_3 0.005257897364491784,0.0054878123522655396,0.005197602655882527,0.004979614093987525,0.0051359827888422995,0.005137307947273271,0.0051972713662747855,0.0052572347852762975,0.005176068831379221,0.005073369052978841,0.005273136686447968,0.0052463022282207734,0.0053380694495656295,0.005216154873916143,0.0053148791770236065,0.00540532123993749,0.005339394607996603,0.005254253178806608,0.005104178986498955,0.00520323457921416,0.0052410015944968835,0.0051631485366772385,0.005191970732550894,0.005098878352775065,0.005187663967650231,0.005201246841567703,0.005333431395057225,0.005307922095261003,0.005073700342586583,0.005243983200966571,0.005335750422311427,0.00539571384131294
SectionCumProbs: 2_3 0.005228743879010385,0.00518534494039603,0.005401014475036831,0.005383787415434185,0.005010755317115382,0.005493775565204918,0.005294007931735788,0.005410953163269126,0.005194621049412838,0.005138633105704242,0.005295001800559016,0.005322498838001701,0.005229737747833615,0.00512538152139452,0.005383456125826445,0.005296658248597734,0.005394388682881968,0.005127369259040976,0.005285725691542209,0.005307922095261001,0.005265517025469877,0.00527081765919377,0.0052115168194077416,0.0051247189421790304,0.005017381109270244,0.00527015507997828,0.005342044924858548,0.005407308977583949,0.005133663761588096,0.005336413001526912,0.005301296303106137,0.005175737541771476
