HitRate: 29402049/30000000 0.980068
CumReqs: 30000000
CumProbs: 0.9800388642149953
SectionCumProbs: 0_3 0.3880434092733329
SectionCumProbs: 1_3 0.3500074010510752
SectionCumProbs: 2_3 0.24198805389060263
