HitRate: 30206/3000000 0.010069
CumReqs: 3000000
CumProbs: 0.009999999999999938
SectionCumProbs: 0_3 0.0033333333333333084
SectionCumProbs: 1_3 0.0033333333333333084
SectionCumProbs: 2_3 0.0033333333333333084
