HitRate: 1662010/3000000 0.554003
CumReqs: 187287,187883,188322,189843,187760,188232,187174,186598,186351,187909,186746,187576,187326,187320,186774,186899
CumProbs: 0.08018211070906368,0.08037972195147389,0.0808540917219394,0.0810432228980281,0.08112828053292767,0.08106506549309335,0.0798932745107956,0.07987991198205055,0.0799780751739887,0.08005208302550225,0.08046092501077307,0.08018416648271753,0.08027384960833678,0.08001430818462572,0.0805256818808473,0.08035659449787458
SectionCumProbs: 0_3 0.02772364954301425,0.02773084475080016,0.02802841798709436,0.02802687615685447,0.027968543579446264,0.028141742509724357,0.02769615357040342,0.0275769186985204,0.02763627916275517,0.02766171936171306,0.02782284062177889,0.027677651607525014,0.027643217398834675,0.02765709387099342,0.027718253137174794,0.028072874092343554
SectionCumProbs: 1_3 0.02678647372888296,0.026754609237258933,0.026944254356762436,0.027272664197853774,0.027117196315334085,0.026931919714843724,0.02654517729634403,0.02673045389683438,0.026759491699685292,0.026849174825304047,0.027112827796321126,0.02688617875106089,0.02675692198261882,0.02666800977211998,0.026781077323043488,0.02658012544844773
SectionCumProbs: 2_3 0.025671987437167122,0.025894267963414333,0.025881419378082096,0.02574368254332082,0.026042540638147878,0.025991403268525805,0.0256519436440489,0.025572539386695806,0.025582304311548388,0.02554118883848524,0.025525256592673403,0.025620336124131626,0.025873710226882837,0.025689204541512137,0.026026351420629396,0.025703594957084373
