HitRate: 1393120/3000000 0.464373
CumReqs: 3000000
CumProbs: 0.020653443865203222
SectionCumProbs: 0_3 0.00696139916265616
SectionCumProbs: 1_3 0.006949132087882691
SectionCumProbs: 2_3 0.006742912614664046
