HitRate: 598513/3000000 0.199504
CumReqs: 187805,187287,187191,187173,187516,188290,187464,187421,187404,187167,187742,187432,186886,187741,187667,187814
CumProbs: 0.02506944444444448,0.023888888888888914,0.024375000000000018,0.02597222222222224,0.025833333333333344,0.024583333333333363,0.02555555555555557,0.02569444444444447,0.026041666666666685,0.026250000000000023,0.025486111111111123,0.02451388888888892,0.026736111111111138,0.025486111111111143,0.024375000000000018,0.02402777777777779
SectionCumProbs: 0_3 0.008958333333333334,0.00861111111111111,0.008541666666666666,0.007986111111111107,0.00840277777777778,0.008125000000000002,0.008194444444444443,0.00784722222222222,0.008611111111111111,0.008611111111111111,0.00736111111111111,0.008819444444444447,0.008124999999999999,0.008402777777777775,0.008402777777777778,0.008055555555555559
SectionCumProbs: 1_3 0.007916666666666669,0.007083333333333336,0.008125,0.008611111111111111,0.009166666666666668,0.00902777777777778,0.009236111111111112,0.009722222222222222,0.008472222222222221,0.008819444444444446,0.009930555555555557,0.0075000000000000015,0.008819444444444446,0.008958333333333332,0.008055555555555555,0.007708333333333334
SectionCumProbs: 2_3 0.008194444444444442,0.008194444444444445,0.007708333333333332,0.009375000000000001,0.00826388888888889,0.007430555555555557,0.008125,0.008125,0.008958333333333337,0.00881944444444444,0.008194444444444442,0.008194444444444443,0.009791666666666669,0.008124999999999999,0.007916666666666666,0.008263888888888887
