HitRate: 35176/3000000 0.011725
CumReqs: 3000000
CumProbs: 0.008296875000000016
SectionCumProbs: 0_3 0.0027239583333333343
SectionCumProbs: 1_3 0.002734375000000001
SectionCumProbs: 2_3 0.0028385416666666698
