HitRate: 1474525/3000000 0.491508
CumReqs: 3000000
CumProbs: 0.048363370204032495
SectionCumProbs: 0_3 0.01689325488616431
SectionCumProbs: 1_3 0.015934173726975684
SectionCumProbs: 2_3 0.015535941590880373
