HitRate: 2909828/3000000 0.969943
CumReqs: 3000000
CumProbs: 0.9670419009639714
SectionCumProbs: 0_3 0.3697699557234787
SectionCumProbs: 1_3 0.3341244871101036
SectionCumProbs: 2_3 0.26314745813046836
