HitRate: 1793807/3000000 0.597936
CumReqs: 280816,267498,224556,121771,166496,178315,195760,168969,180702,174644,153437,138223,143934,194710,199713,210456
CumProbs: 0.20705391338537957,0.19596764579202358,0.15195399451332037,0.047393926794901724,0.09333399307207908,0.09597870416462297,0.11705569667249248,0.09126112935539651,0.09880938188346335,0.09477755900870496,0.0777509860382234,0.06492460215595099,0.07225965723029941,0.1210931649626922,0.12595619224034324,0.13691460777812053
SectionCumProbs: 0_3 0.18954714801913988,0.17697580408150254,0.13763722095458653,0.032720827896853606,0.06793626525216913,0.07624000719956515,0.09119902978554392,0.06893417545220609,0.07135107742753692,0.07160711362195576,0.05548081837270569,0.04302437524345855,0.05448921775463232,0.10357444459904767,0.10676974973873342,0.11835048930808127
SectionCumProbs: 1_3 0.010620686861092566,0.012560053106755138,0.006620079812891008,0.008561438558121047,0.01811447773431546,0.01165877913574003,0.01495736216967263,0.01621894647913703,0.01729556041208876,0.01642849101698174,0.015772958659286886,0.0158141369836811,0.012411943972240502,0.011046417602006845,0.012992425512894293,0.011756743697806887
SectionCumProbs: 2_3 0.006886078505147123,0.00643178860376589,0.007696693745842733,0.006111660339927071,0.007283250085594463,0.008079917829317837,0.010899304717275932,0.006108007424053389,0.010162744043837643,0.0067419543697674065,0.006497209006230878,0.006086089928811311,0.005358495503426602,0.006472302761637606,0.006194016988715478,0.006807374772232388
