HitRate: 1745551/3000000 0.581850
CumReqs: 3000000
CumProbs: 0.4195833333333326
