HitRate: 2165587/3000000 0.721862
CumReqs: 3000000
CumProbs: 0.7216071607725502
