HitRate: 2255693/3000000 0.751898
CumReqs: 3000000
CumProbs: 0.7557639890236075
