HitRate: 1015967/3000000 0.338656
CumReqs: 187508,187461,188168,187483,187428,187486,187638,186855,187353,187417,186963,187574,187371,187955,187774,187566
CumProbs: 0.05114583333333334,0.04802083333333336,0.04864583333333343,0.049583333333333396,0.049062500000000044,0.046562500000000055,0.05062500000000005,0.04812500000000008,0.04843750000000007,0.04802083333333336,0.04916666666666671,0.05000000000000007,0.049687500000000086,0.04885416666666674,0.04947916666666674,0.04645833333333341
