HitRate: 2963707/3000000 0.987902
CumReqs: 3000000
CumProbs: 0.9625888733794005
