HitRate: 2957260/3000000 0.985753
CumReqs: 3000000
CumProbs: 0.9534982963856627
