HitRate: 2159851/3000000 0.719950
CumReqs: 3000000
CumProbs: 0.1450433541599252
