HitRate: 2812444/3000000 0.937481
CumReqs: 3000000
CumProbs: 0.9876206261479809
