HitRate: 867952/3000000 0.289317
CumReqs: 93971,94007,93990,94381,93771,93302,93445,94202,94101,92622,93783,93734,94038,93133,93575,93608,94517,95340,94486,92575,93267,93212,93814,93725,92796,92661,93429,94210,94013,93639,93985,94668
CumProbs: 0.003311333280481688,0.0031311269325548594,0.003193749471205956,0.0032766910250576764,0.003187087499009032,0.003250709333489668,0.0031524452435850205,0.0032154008808459645,0.00326936285564106,0.003272027644519829,0.0032134022891868873,0.003112140311793623,0.0032740262361789056,0.0031004818604490033,0.0031824241184711844,0.003150779750535789,0.003319993844337689,0.0033273220137543078,0.003235719896046585,0.003149447356096404,0.003107810029865622,0.0031857551045696474,0.00309815017018008,0.003077831154979458,0.0030135431232791296,0.0031104748187443924,0.0030745001688809942,0.0031957480628650344,0.003175095949054566,0.0032507093334896674,0.0031997452461831905,0.0032750255320084442
