HitRate: 3638578/30000000 0.121286
CumReqs: 234961,234715,234600,234372,234257,234700,234318,233749,233873,234797,235546,234341,234597,233900,234033,235032,234607,234284,233749,234919,234899,233087,234085,233899,234456,234178,234711,234347,234450,234882,234382,234797,234633,234915,234698,234329,234259,234172,233826,234579,234349,233992,233133,234662,234518,234832,234244,234491,234696,234285,235305,233930,233587,234866,234443,234506,234119,234617,233858,234986,233676,234027,234601,234590,235679,235026,234833,234505,233565,234599,234269,235444,234216,234534,234622,234193,234078,234373,234544,234708,234594,233485,234299,234186,234533,234762,233825,233287,234657,233945,234066,234321,234057,233794,234428,233547,234521,234673,234324,233601,234575,235024,234096,234175,234444,234470,233589,234092,235020,233489,234047,234130,234009,234958,234380,234577,233488,234778,234628,234363,234965,233467,234829,235002,234300,234513,234669,234583
CumProbs: 0.0006046006944444726,0.0006108506944444719,0.0006153645833333616,0.0006126736111111379,0.0006190972222222489,0.0006264756944444713,0.0006138888888889174,0.0006099826388889169,0.0006179687500000265,0.0006199652777778047,0.0006051215277778056,0.000617534722222249,0.0006249131944444726,0.0006121527777778062,0.0006213541666666955,0.0006175347222222495,0.0006138888888889156,0.0006201388888889166,0.0006085937500000277,0.0006066840277778066,0.0006168402777778063,0.0006275173611111397,0.0006182291666666944,0.0006177951388889168,0.0006175347222222503,0.0006139756944444735,0.0006030381944444717,0.0006095486111111386,0.0006143229166666962,0.0006062500000000282,0.0006055555555555824,0.0006139756944444717,0.0006182291666666942,0.0006205729166666938,0.0006145833333333613,0.0006100694444444708,0.0006060763888889175,0.0006134548611111387,0.0006133680555555828,0.0006148437500000273,0.0006139756944444724,0.0006165798611111381,0.0006103298611111392,0.0006177951388889177,0.0006143229166666946,0.0006131944444444735,0.0006157986111111404,0.0006148437500000275,0.0006062500000000281,0.0006247395833333616,0.0006150173611111385,0.000608246527777806,0.0006102430555555857,0.0006124131944444733,0.0006069444444444726,0.0006247395833333608,0.0006148437500000278,0.0006204861111111384,0.000607118055555583,0.0006156250000000302,0.000610850694444472,0.0006204861111111404,0.0006158854166666934,0.0006174479166666952,0.0006133680555555825,0.0006203993055555845,0.0006047743055555824,0.000611111111111137,0.0006164930555555835,0.0006198784722222483,0.0006107638888889165,0.0006173611111111403,0.0006154513888889184,0.0006191840277778035,0.0006276041666666947,0.0006072048611111392,0.0006225694444444742,0.0006090277777778059,0.0006186631944444718,0.000619184027777806,0.0006332465277778064,0.0006059027777778061,0.0006157118055555836,0.0006062500000000277,0.0006222222222222495,0.0006126736111111382,0.0006100694444444723,0.0006208333333333617,0.0006262152777778044,0.000610069444444474,0.000611111111111139,0.0006232638888889157,0.0006181423611111384,0.0006223090277778074,0.0006217013888889162,0.000610850694444472,0.0006217013888889162,0.000605989583333361,0.0006150173611111406,0.0006124131944444723,0.000611545138888916,0.0006112847222222502,0.0006176215277778055,0.000609027777777805,0.0006138020833333602,0.0006119791666666941,0.0006109375000000283,0.0006115451388889164,0.0006106770833333616,0.0006187500000000291,0.0006228298611111392,0.0006081597222222498,0.0006225694444444722,0.0006005208333333621,0.0006085937500000278,0.0006157986111111382,0.0006125868055555815,0.0006036458333333596,0.0006159722222222496,0.0006134548611111397,0.0006115451388889174,0.0006210069444444707,0.000612934027777805,0.0006235243055555835,0.0006180555555555835,0.0006100694444444723,0.0006081597222222501,0.0006155381944444704
