HitRate: 2939833/3000000 0.979944
CumReqs: 3000000
CumProbs: 0.9798957970975011
