HitRate: 1593506/3000000 0.531169
CumReqs: 186270,188620,186282,188501,189121,187469,188617,189487,187629,187866,187248,186492,185626,186354,186180,188238
CumProbs: 0.006440709254408516,0.006149479501790529,0.006050514700271606,0.006250110377409101,0.006198795295140029,0.006201461013699463,0.006366735564384267,0.006342410882529447,0.006279100066742927,0.006303091533777817,0.006122489101376278,0.0062930950891799484,0.006143814849851737,0.006177469546664571,0.006148813072150672,0.0062847647186817235
