HitRate: 2969813/3000000 0.989938
CumReqs: 175465,228825,223787,213085,250963,148585,170536,163603,157233,156675,163879,200466,169816,197727,189658,189697
CumProbs: 0.053879252996935564,0.07150700340126528,0.07384019312410306,0.06656359319828357,0.07102364199599766,0.0537957218080692,0.05646045284754357,0.06190582521537442,0.053446613107382815,0.05259054759344101,0.06449072799497355,0.05881646294672308,0.06576358830697186,0.05575086831531577,0.07115169444738449,0.0619288178209708
