HitRate: 1367306/3000000 0.455769
CumReqs: 430879,429001,382799,265700,409010,398978,378889,304744
CumProbs: 0.24046141792061995,0.2390073642502759,0.20921276141222175,0.07014050964197888,0.17538926679768596,0.17250748772652727,0.1727431090753545,0.12084342444803116
