HitRate: 1108410/30000000 0.036947
CumReqs: 1875628,1874610,1875559,1873813,1873767,1874836,1873035,1875465,1874595,1876138,1874802,1878498,1871546,1877197,1874722,1875789
CumProbs: 0.005570833333333563,0.0055111111111113276,0.00554861111111134,0.005591666666666885,0.005654166666666892,0.0055972222222224356,0.005559722222222443,0.005565277777778004,0.005618055555555775,0.005565277777778011,0.005538888888889126,0.0055694444444446675,0.005561111111111346,0.005583333333333572,0.005588888888889117,0.005548611111111332
