HitRate: 2439146/3000000 0.813049
CumReqs: 46945,46593,46865,46762,47121,46645,46748,45980,46334,47918,46529,46729,47327,46952,47279,45838,46297,47243,47038,47821,47115,46375,47303,47732,46859,47160,46998,46998,46077,48191,46242,46988,47427,46657,46954,46336,47068,46824,46919,46922,47089,46713,45942,46852,46747,46416,46383,46604,46236,46861,47034,47416,47151,46382,46062,47115,47822,46686,47509,47476,45835,46982,47446,47132
CumProbs: 0.00785881082006844,0.007686227237246439,0.007825216305854999,0.007802490605063549,0.00800405769034421,0.007932587008145026,0.007912825529195937,0.007710929085932792,0.007774824534534834,0.008203648627729968,0.007736619008566599,0.007713234591810183,0.007934233798057444,0.007841684204979237,0.008060707263331584,0.007776800682429736,0.007782070410149495,0.007857822746120985,0.008100559579212243,0.008067623780963767,0.008065647633068856,0.007880548446912432,0.008158855942112042,0.0080906788397377,0.00787956037296498,0.008145352264830166,0.007913484245160907,0.008004716406309183,0.007932587008145022,0.008298833084668054,0.007755721771550713,0.007956300782883927,0.00809298434561509,0.007777788756377196,0.007927646638407754,0.007938515451829747,0.007843330994891658,0.007766261226990229,0.008006033838239116,0.00780051445716864,0.007949054907269259,0.007801502531116091,0.007750781401813441,0.007945761327444418,0.00798956593911488,0.007870997065420377,0.007863751189805713,0.007827521811732392,0.007847283290681477,0.007870008991472926,0.00801558521973118,0.008037322846575176,0.008028430181048086,0.007802161247081063,0.007785363989974343,0.008043251290259896,0.008254040399050132,0.007782399768131978,0.008064659559121402,0.0079655228063935,0.007847283290681472,0.008029747612978026,0.008154903646322226,0.0077158694556700574
