HitRate: 2957412/3000000 0.985804
CumReqs: 42058,46638,46014,43626,45531,51579,49237,42857,44565,49871,46796,48772,47344,44124,41409,49536,46736,49229,45782,49134,43806,48606,46913,45320,48560,48150,46052,43722,45747,48684,43515,46993,49790,47175,53831,47030,47857,47720,46843,44926,45581,47745,45931,45346,44567,44466,50175,49843,46360,48788,47174,45352,45122,46681,42223,48241,43882,47966,50120,50406,47082,49338,46333,49200
CumProbs: 0.013140200514271576,0.014048453312312893,0.014097359232207445,0.013197915575016681,0.013694265097424541,0.015973402469900838,0.014938784065175492,0.013217052674105846,0.01381303661716841,0.015219765281960852,0.013973119969866669,0.01448040497746835,0.014005926425448088,0.013966437173359344,0.01284220854274029,0.014929063633892112,0.014466735620976078,0.015273531417497089,0.014053921054909805,0.015179060975961684,0.012929388660813137,0.014832770611491073,0.014241343120592583,0.013891711357868309,0.014772017915969911,0.014943948044294796,0.014123482891281533,0.013601009709799564,0.014298754417860085,0.015038722249307801,0.012981939742438947,0.014703974896986226,0.014987689985070008,0.014578520580735022,0.016632569216305414,0.013872270495301533,0.014428157659320153,0.014230407635398769,0.01452961466084049,0.013775977472900509,0.013759878008587398,0.014883499112251246,0.013974638787254683,0.014020203308895569,0.013870751677913505,0.013674824234857772,0.014801786736775277,0.014589456065928824,0.014372872706395897,0.014956402346876625,0.014859501797520375,0.013821845758018984,0.013803923712840224,0.014536297457347814,0.012885039193082702,0.014737388879522847,0.01306790480660139,0.014452762501006218,0.01560159597331134,0.0157516551312486,0.014170262466832817,0.01498799374854764,0.014377732922037582,0.015090969567456002
