HitRate: 3963965/30000000 0.132132
CumReqs: 30000000
CumProbs: 0.1321367379087154
