HitRate: 2963596/3000000 0.987865
CumReqs: 3000000
CumProbs: 0.95953707507929
