HitRate: 2950329/3000000 0.983443
CumReqs: 3000000
CumProbs: 0.9172690598435302
