HitRate: 2957397/3000000 0.985799
CumReqs: 3000000
CumProbs: 0.9187414631291805
