HitRate: 2613967/3000000 0.871322
CumReqs: 30469,18561,18186,27048,26429,26781,16691,16325,25909,24916,24888,17072,16508,24520,23641,23728,16532,16246,23581,23101,23060,16956,16468,22580,21662,22205,16433,16119,21987,21297,21821,16762,16425,21725,20665,20987,16643,17158,21762,21037,20836,16617,16992,21369,20625,20084,16462,16886,21018,20177,19817,16410,16641,20506,19747,19458,16459,16764,20072,19631,19490,16192,16880,19971,19350,19183,16150,16679,19808,20688,20348,17876,16569,19468,20513,20192,17671,16534,19581,20334,19773,17652,16351,19050,20055,19686,17396,16525,19181,19730,19363,17647,16263,18926,19771,19331,17523,16296,18774,19557,19413,90902,89354,92205,19088,18677,53337,52532,54969,19408,18985,45883,45044,46875,18679,18517,37540,36565,38531,19180,18853,32598,31183,33222,18728,18208,29190,28552
CumProbs: 0.02774706367366365,0.0158900210643161,0.015539870045061587,0.02450934346581561,0.023693006577559562,0.023819478424373836,0.014091583216736037,0.013767627013650035,0.02304550346538997,0.022226915460119075,0.02251874208399823,0.01417323737026179,0.013794845064825345,0.02185589044673002,0.020991052219161654,0.021018270270336807,0.013899215035497329,0.013620690466703986,0.020780879748808163,0.02010779576147423,0.02035378145705807,0.01407398357462271,0.013689656506147964,0.019972933387605873,0.019177675140485212,0.01926076182302036,0.013696205210190274,0.013445717280577313,0.019350601856598697,0.01858440348366503,0.018874592931533582,0.014015045238243148,0.013718511733333789,0.018994925368308557,0.018084041565443378,0.018222792232336714,0.01377069671866983,0.01414663326009047,0.019076170227831656,0.018381598305359407,0.01802223817104542,0.013844983580148148,0.014239747645690061,0.018583584895659866,0.017885943268167753,0.017407478579086942,0.013705005031246876,0.014030189116340677,0.018226271231359153,0.017652645686665594,0.017183594759645572,0.013720148909344296,0.013915586795602791,0.017769499124418147,0.0171653811765281,0.01682075562630906,0.013619667231697396,0.013921112264638377,0.01752187625282373,0.01700596116250162,0.016679753842401196,0.013743274020493227,0.014022821824293364,0.017321936132536252,0.016622452682032197,0.016342700231230946,0.013541492077194035,0.013905559092538218,0.017113810132196136,0.01815873772092438,0.017736141663203232,0.015162500974631659,0.013749208783531567,0.016807248924222133,0.017705444613005585,0.01731252237047573,0.01500840178263934,0.013801598415868773,0.016774300757009968,0.017566693946112228,0.017219203337874762,0.014993462551543173,0.013778064010717265,0.016447888789908292,0.017314159546486147,0.016924307008975913,0.014816647542404672,0.013748390195526192,0.016389973688535238,0.017229231040939333,0.01673255276874111,0.014804778016328292,0.013701321385223102,0.016161178341062135,0.01700473328049373,0.01666276814129192,0.01472742144983025,0.013675945157059718,0.016041050551288714,0.016816867333284035,0.016585616221795094,0.08820162968592697,0.08704107654145403,0.08919989775835611,0.016555533112601384,0.016171206044126717,0.050783153376991574,0.04987779504316255,0.0521000568304716,0.016747696646838752,0.01631855188507543,0.04335610440516899,0.04227188459218873,0.0442942062592097,0.01614214616993957,0.015918057703496736,0.03459803133677603,0.03366013412973746,0.03579316982447192,0.016300542948959433,0.016040436610284654,0.02971801894335421,0.028794651673409003,0.030618261102150907,0.015877946891238396,0.015445937071456788,0.026520614194766114,0.025794935928093645
