HitRate: 2770434/3000000 0.923478
CumReqs: 3000000
CumProbs: 0.8765711805550696
