HitRate: 332075/3000000 0.110692
CumReqs: 3000000
CumProbs: 0.08997222222222585
