HitRate: 2950898/3000000 0.983633
CumReqs: 278905,319745,439772,288272,348627,626836,302519,395324
CumProbs: 0.09082267371266284,0.10469612822164277,0.14453805524173519,0.09410271774133948,0.11433828963900708,0.2071495787184171,0.09845543284307007,0.12991264214294007
