HitRate: 27751539/30000000 0.925051
CumReqs: 2609511,4187959,3264739,2767586,7150000,3146813,2771010,4102382
CumProbs: 0.07788688077175263,0.13050974799325146,0.09963940718930697,0.08324523162175412,0.22922437879545732,0.09585768603737978,0.08321331931999917,0.12761862304735577
