HitRate: 2809689/3000000 0.936563
CumReqs: 94655,93228,94294,93656,93731,93940,93644,93627,93332,93774,93601,93753,94079,93783,93418,92938,93684,93937,93867,93484,93960,94010,94474,93984,93434,93691,93169,94073,93333,93847,93806,93794
CumProbs: 0.026963541666665414,0.026953124999998752,0.027015624999998752,0.02694270833333209,0.026947916666665437,0.02706770833333209,0.027052083333332068,0.027010416666665416,0.027083333333332085,0.02699479166666544,0.026968749999998758,0.02701562499999876,0.026947916666665434,0.026968749999998758,0.026989583333332106,0.026999999999998765,0.027083333333332064,0.0269791666666654,0.027005208333332097,0.027041666666665437,0.026989583333332092,0.02698958333333208,0.02701562499999876,0.026994791666665432,0.026968749999998744,0.02697395833333208,0.026973958333332087,0.02692187499999875,0.026937499999998785,0.026968749999998768,0.027010416666665395,0.026999999999998765
