HitRate: 303120/3000000 0.101040
CumReqs: 3000000
CumProbs: 0.1038574376259709
