HitRate: 2305336/3000000 0.768445
CumReqs: 3000000
CumProbs: 0.77779576034938
