HitRate: 574693/3000000 0.191564
CumReqs: 23644,23578,23270,23715,23588,23646,23557,23618,23488,23419,23473,23549,23515,23218,23343,23610,23401,23436,23267,23372,23568,23731,23336,23301,23423,23430,23388,23264,23346,23374,23526,23321,23598,23616,23508,23696,23006,23496,23537,23509,23412,23355,23193,23395,23530,23275,23453,23375,23367,23616,23503,23594,23501,23576,23365,23866,23641,23205,23258,23324,23551,23471,23319,23420,23721,23721,23625,23451,23463,23288,23534,23532,23475,23331,23622,23350,23517,23475,23139,23331,23215,23490,23330,23153,23357,23160,23667,23209,23630,23774,23244,23663,23191,23502,23269,23202,23422,23352,23506,23423,23515,23484,23254,23363,23269,23660,23473,23229,23166,23380,23358,23436,23421,23505,23875,23352,23523,23180,23423,23403,23289,23339,23645,23408,23545,23565,23149,23211
CumProbs: 0.0033385416666666568,0.0033619791666666607,0.003328124999999996,0.003368489583333327,0.003365885416666657,0.003277343749999992,0.003332031249999995,0.003350260416666663,0.0033216145833333257,0.0033476562499999917,0.003325520833333329,0.003347656249999993,0.0033658854166666616,0.003371093749999999,0.0034218749999999944,0.003322916666666665,0.003291666666666658,0.0033606770833333275,0.0033294270833333374,0.0032890624999999942,0.0033124999999999986,0.003412760416666657,0.0033177083333333296,0.003388020833333327,0.003390624999999998,0.0032968750000000008,0.003294270833333325,0.0033528645833333236,0.0033333333333333236,0.003305989583333331,0.003337239583333324,0.0033489583333333275,0.003290364583333329,0.003319010416666659,0.003311197916666661,0.0033424479166666646,0.0032447916666666606,0.0033580729166666616,0.0033945312499999917,0.0033710937499999987,0.0033606770833333284,0.0033502604166666533,0.0033020833333333244,0.0033359374999999904,0.0033164062499999956,0.0033671874999999926,0.0033580729166666546,0.0033515624999999882,0.0032604166666666567,0.0033619791666666616,0.0033932291666666625,0.0033489583333333284,0.0033359374999999943,0.003342447916666662,0.003361979166666656,0.0033033854166666554,0.003305989583333325,0.0032604166666666623,0.0033242187499999925,0.0033229166666666602,0.0033111979166666606,0.0033007812499999943,0.0033489583333333327,0.0033984374999999948,0.00340625,0.0033463541666666585,0.003398437499999994,0.003381510416666662,0.003277343749999996,0.0033111979166666576,0.0033229166666666615,0.0033046874999999912,0.003345052083333324,0.003404947916666655,0.0033385416666666633,0.003352864583333331,0.003329427083333326,0.0033567708333333227,0.0033229166666666624,0.0033072916666666606,0.003416666666666656,0.0033606770833333327,0.003361979166666657,0.003319010416666662,0.0032695312499999934,0.0033489583333333258,0.0033867187499999926,0.003272135416666659,0.003346354166666666,0.0032981770833333274,0.0032669270833333226,0.00341145833333333,0.003339843749999994,0.003378906249999999,0.003302083333333327,0.0032981770833333257,0.003274739583333327,0.0033177083333333266,0.0032968749999999873,0.003296875,0.0033294270833333253,0.00330208333333333,0.0033424479166666607,0.003338541666666658,0.0033710937499999948,0.0033398437499999926,0.003334635416666653,0.0033372395833333236,0.003351562499999992,0.003363281249999989,0.003233072916666653,0.003294270833333324,0.003316406249999995,0.003316406249999996,0.003358072916666664,0.003319010416666661,0.0034101562499999957,0.003324218749999996,0.003282552083333326,0.003305989583333327,0.003372395833333324,0.003307291666666663,0.003317708333333332,0.0033320312499999956,0.0033541666666666616,0.003272135416666661,0.003333333333333331,0.003406249999999995
