HitRate: 1946918/3000000 0.648973
CumReqs: 3000000
CumProbs: 0.2967356502109199
