HitRate: 30519/3000000 0.010173
CumReqs: 3000000
CumProbs: 0.016365648863053625
