HitRate: 2440751/3000000 0.813584
CumReqs: 186612,171108,174170,206825,218673,207494,175105,152393,145513,155123,186550,195859,216669,198458,212850,196598
CumProbs: 0.13323276421115499,0.11944111102855805,0.13088760645069006,0.12584093373140795,0.13859826958988214,0.13082162370442227,0.1248637846645471,0.10469069328474066,0.10163659876571554,0.1156251928169434,0.1318085946304604,0.1321677220967863,0.1521844192573863,0.12959565420507305,0.12863537858859386,0.1267543666348884
