HitRate: 2529202/3000000 0.843067
CumReqs: 3000000
CumProbs: 0.9637838068696406
