HitRate: 33509/3000000 0.011170
CumReqs: 187632,187014,187796,187794,187442,187755,187252,188482,187012,188190,186848,187477,187070,188243,186588,187405
CumProbs: 0.0005972222222222225,0.0006388888888888893,0.0005000000000000003,0.0005833333333333337,0.0005138888888888892,0.0005000000000000003,0.000541666666666667,0.000527777777777778,0.0006250000000000002,0.0005000000000000003,0.0005694444444444447,0.0005833333333333336,0.0005694444444444447,0.0005416666666666669,0.0005833333333333335,0.0005555555555555558
