HitRate: 1746146/3000000 0.582049
CumReqs: 93533,93361,93375,94395,94417,93194,94109,93846,94005,93872,93545,93866,93927,93946,93400,93920,93427,93810,93618,93724,93819,93724,93964,93417,94201,94282,93493,93164,93789,93287,93992,93578
CumProbs: 0.013079861111111372,0.012906250000000239,0.012986111111111368,0.012940972222222496,0.012982638888889156,0.013118055555555806,0.01301736111111136,0.012909722222222475,0.013267361111111367,0.013187500000000253,0.013284722222222484,0.013138888888889142,0.013076388888889142,0.013430555555555813,0.01310763888888915,0.013062500000000246,0.012819444444444718,0.012885416666666951,0.012944444444444696,0.013114583333333592,0.013118055555555834,0.013003472222222479,0.013263888888889148,0.013072916666666937,0.013017361111111386,0.013104166666666925,0.012934027777778023,0.013343750000000244,0.013194444444444687,0.013288194444444698,0.013093750000000256,0.013090277777778027
