HitRate: 2958260/3000000 0.986087
CumReqs: 379743,377782,380672,373163,375888,375210,368294,369248
CumProbs: 0.11609811897737303,0.11555226040932819,0.11564703585301035,0.1140454508236915,0.11463989680273853,0.11572621533760633,0.11267120689029486,0.112141244203627
