HitRate: 11068/3000000 0.003689
CumReqs: 187395,186982,187656,187497,187558,187392,187747,188324,187102,187843,187084,187899,187268,187660,187059,187534
CumProbs: 0.0005555555555555557,0.0006111111111111114,0.0005694444444444448,0.0005694444444444447,0.0005555555555555559,0.0005138888888888891,0.0005000000000000002,0.0005555555555555558,0.0006111111111111114,0.0005694444444444448,0.0005138888888888892,0.0005694444444444447,0.000541666666666667,0.0005416666666666669,0.0005555555555555559,0.0005694444444444447
