HitRate: 11843/3000000 0.003948
CumReqs: 93905,94180,94445,93494,93837,93415,94184,93651,93525,93230,93819,93720,93441,94067,93575,93372,93644,93194,94224,93233,93765,93638,94260,93814,94256,94180,93451,93641,93363,94000,93627,93850
CumProbs: 0.00026562499999999996,0.00025520833333333325,0.0002499999999999999,0.0002604166666666666,0.0002552083333333333,0.0002760416666666666,0.0002604166666666666,0.00024999999999999995,0.0002343749999999999,0.00023958333333333327,0.00030208333333333335,0.00025520833333333325,0.00020312499999999996,0.00026041666666666666,0.0002760416666666667,0.00023958333333333327,0.0002291666666666666,0.0002760416666666667,0.00027083333333333327,0.0002760416666666666,0.0002239583333333333,0.0002864583333333333,0.00024999999999999995,0.000265625,0.0002604166666666666,0.00027083333333333327,0.0002395833333333332,0.0002760416666666667,0.00026562499999999996,0.00028645833333333333,0.0002708333333333334,0.0002708333333333334
