HitRate: 1017859/3000000 0.339286
CumReqs: 23438,23643,23183,23745,23732,23615,23550,23566,23393,23636,23605,23417,23144,23463,23621,23296,23261,23616,23385,23433,23536,23496,23214,23468,23200,23465,23606,23412,23261,23340,23389,23283,23616,23287,23682,23530,23250,23440,23382,23443,23377,23347,23422,23378,23647,23246,23392,23514,23608,23509,23462,23318,23454,23593,23462,23633,23418,23401,23510,23335,23429,23381,23549,23501,23669,23816,23561,23363,23674,23282,23655,23350,23478,23198,23320,23634,23565,23293,23419,23286,23400,23320,23138,23227,23404,23462,23519,23401,23534,23471,23405,23227,23581,23236,23413,23361,23205,23352,23556,23563,23244,23459,23425,23484,23404,23612,23368,23341,23351,23368,23107,23564,23417,23446,23514,23560,23427,23305,23446,23387,23112,23462,23543,23784,23349,23400,23372,23483
CumProbs: 0.006136718749999742,0.0061458333333330815,0.00619140624999974,0.006114583333333087,0.006089843749999752,0.006130208333333076,0.0061249999999997504,0.006055989583333082,0.006140624999999751,0.006118489583333081,0.006182291666666412,0.006027343749999752,0.006117187499999748,0.006160156249999737,0.006041666666666422,0.006239583333333073,0.006180989583333072,0.00609244791666642,0.006134114583333082,0.006114583333333083,0.006097656249999748,0.006039062499999756,0.006147135416666409,0.006105468749999743,0.006115885416666417,0.006109374999999754,0.006108072916666421,0.006069010416666421,0.0061132812499997535,0.006183593749999749,0.006055989583333082,0.006082031249999746,0.006205729166666415,0.006111979166666418,0.006076822916666414,0.006095052083333094,0.006167968749999746,0.006101562499999746,0.00607421874999975,0.006201822916666401,0.006141927083333079,0.006199218749999744,0.006084635416666419,0.006087239583333078,0.006140624999999749,0.0061770833333330685,0.006169270833333074,0.006111979166666419,0.006175781249999741,0.006139322916666411,0.006128906249999751,0.006010416666666419,0.006134114583333085,0.006134114583333081,0.006131510416666412,0.0061106770833330845,0.006053385416666429,0.006151041666666413,0.006109374999999751,0.006046874999999751,0.006143229166666414,0.006145833333333075,0.006149739583333083,0.0061888020833330785,0.0060781249999997495,0.006191406249999736,0.006204427083333077,0.006223958333333065,0.006104166666666416,0.006027343749999755,0.006147135416666411,0.006036458333333087,0.006151041666666413,0.006153645833333081,0.006113281249999752,0.0061054687499997535,0.006175781249999751,0.00613802083333307,0.00611458333333308,0.006136718749999743,0.006122395833333078,0.006156249999999744,0.00614322916666641,0.0061145833333330814,0.006079427083333082,0.006105468749999749,0.006165364583333078,0.006113281249999752,0.006167968749999745,0.006080729166666423,0.006114583333333085,0.006128906249999753,0.00608854166666642,0.006124999999999748,0.006132812499999747,0.006072916666666419,0.00611197916666642,0.006110677083333087,0.00603906249999975,0.006101562499999754,0.006127604166666415,0.006145833333333068,0.006076822916666416,0.0061197916666664125,0.006046874999999754,0.006144531249999747,0.006158854166666407,0.006089843749999752,0.006123697916666416,0.00613281249999974,0.006076822916666422,0.006065104166666426,0.006134114583333081,0.00608203124999975,0.0060364583333330935,0.006182291666666415,0.006194010416666414,0.006084635416666426,0.006108072916666418,0.006173177083333078,0.006127604166666415,0.006078124999999749,0.0061236979166664155,0.006109374999999753,0.006070312499999748,0.006164062499999747,0.006053385416666419,0.006100260416666414
