HitRate: 1883109/3000000 0.627703
CumReqs: 3000000
CumProbs: 0.6278587066816989
