HitRate: 2405364/3000000 0.801788
CumReqs: 21494,19421,16426,44008,16913,16682,19216,16338,40587,17096,16765,19310,16334,37377,16888,16701,18813,16065,35318,17195,16794,19236,16128,33410,16788,16592,19079,16520,31650,16874,16861,19014,16356,30519,16833,16911,18553,17811,29305,17013,16984,18814,17776,28471,16849,16684,18507,17660,27545,16917,17057,18778,17674,26509,16862,16664,18336,17885,26064,16717,16926,18527,17817,25466,16760,16667,18210,17678,24906,20956,16677,18529,17532,24408,20837,16545,18516,17626,24090,20879,16782,18299,17388,23672,20320,16630,18276,17585,23594,20460,16429,18301,17311,22997,20441,16658,17830,17529,22694,20144,16786,206200,17316,22277,19856,16273,111025,17437,22108,19951,16506,91910,17343,21801,19795,16511,69693,17314,21818,19884,16467,57810,17007,20913,19584,16399,49767,17410
CumProbs: 0.00611938848655045,0.0054558535469188315,0.004483575317465165,0.013634261558632083,0.0046298336799021865,0.004527211620501094,0.005362002603705982,0.004392136431203974,0.012464852492850233,0.004665575978368765,0.0045033103288885,0.005396429234744317,0.00434850012816805,0.01141056432703739,0.004651761470372474,0.004533570679737453,0.005286790282392641,0.004365384526830177,0.01075075711178565,0.004644086743707851,0.004575672037440478,0.005335908533046328,0.004313854219224956,0.010029990639026508,0.0045241417298352415,0.004532693568118674,0.0052547757083060065,0.004466033085088929,0.00951183695021294,0.004609440834764734,0.00454409601916324,0.005270125161635187,0.00437985686854064,0.0090629750792854,0.0045730407025840435,0.004548920133066726,0.00513855841881339,0.004895598500402441,0.008693930365670167,0.004646937356468964,0.004617115561429415,0.005205218901843072,0.004889677996975335,0.008411281146507842,0.004582908208295657,0.0045208525612647245,0.005117288462057257,0.004812272896615116,0.008115255975158348,0.004611633613811787,0.004582908208295625,0.005183291111372872,0.00489099366440352,0.007753447432398402,0.004604397442956651,0.004477654814038218,0.0050734328811166815,0.004897791279449286,0.007599295065391714,0.004601766108100099,0.004538833349450351,0.005134830694433535,0.004867530928600378,0.007456983705239317,0.004566462365442915,0.0044851102627980755,0.005068828045117788,0.004844287470701714,0.007271036042051268,0.005966990342781818,0.004501117549841415,0.005088563056541007,0.004828060905753805,0.007124119845900059,0.005945281830216015,0.004458796914233722,0.005075844938068228,0.004859856201935721,0.0069765458160348385,0.005870288786807728,0.004523483896121189,0.005054355703407376,0.00480372105833169,0.006838620013976899,0.005760869112360753,0.0044868644860357005,0.005042076140744,0.004864241760029882,0.0067787571459929545,0.005767228171597383,0.004492784989462711,0.005025411019986621,0.004741665411300774,0.006624824056891365,0.005737187098653076,0.004443666738809234,0.004994273557518738,0.004772802873768575,0.006513869437111597,0.005695085740950019,0.004521729672883555,0.06763012992435238,0.004723465345210336,0.0063533580108688925,0.005567685278317531,0.004449806520140891,0.03591837862408769,0.004794292108429437,0.006364321906103834,0.005599699852403951,0.0044728307001346964,0.029593526740829754,0.004748463026346523,0.006239552778327633,0.005546196043656606,0.004430729342431744,0.02216526844110693,0.0047098701151188326,0.006172673017393476,0.005577333506124425,0.004437526957477468,0.018147439393230814,0.004654392805228852,0.005969402399733458,0.005502559740620477,0.004439939014429207,0.015551846835260822,0.0047456124135853905
