HitRate: 2707165/3000000 0.902388
CumReqs: 3000000
CumProbs: 0.9608589438700833
