HitRate: 2805194/3000000 0.935065
CumReqs: 3000000
CumProbs: 0.9743511895239632
