HitRate: 17453417/30000000 0.581781
CumReqs: 938974,938395,937636,937124,938884,939438,936588,936808,936689,936653,938082,938183,936563,938143,936283,936226,939639,936416,937941,935138,937830,936801,935758,937466,937991,938946,937811,937140,937287,938073,937466,937628
CumProbs: 0.013044791666666647,0.013052777777777897,0.013088194444444493,0.013065625000000108,0.013076041666666711,0.013033680555555607,0.013055555555555669,0.013001388888888988,0.013075347222222299,0.012986111111111129,0.013053819444444495,0.01304340277777782,0.0130694444444445,0.013069444444444514,0.013044444444444445,0.013064930555555599,0.013063541666666706,0.013094097222222304,0.013048263888888894,0.013059374999999946,0.01302187500000002,0.013021180555555616,0.013036458333333353,0.013036111111111182,0.013146874999999999,0.013105555555555592,0.013087847222222237,0.01307881944444452,0.013021180555555683,0.013056249999999991,0.013110069444444443,0.013079861111111188
