HitRate: 303103/3000000 0.101034
CumReqs: 3000000
CumProbs: 0.10297971945872322
