HitRate: 2042435/3000000 0.680812
CumReqs: 84426,76473,75231,84648,82233,151420,144798,143730,82779,80429,114600,109364,109119,81165,79802,106253,102156,100589,79849,77898,97101,93800,92261,78824,77040,91239,88360,87298,77825,76439,87726,85125
CumProbs: 0.055086235355776184,0.04733115716707555,0.04598250112668442,0.05578198032761175,0.05359714530392002,0.12212465950871,0.11579533838630512,0.11494263775459734,0.05356807944098056,0.05114979964441706,0.08526730956275942,0.08040290793250175,0.07945474888776974,0.05207011665201616,0.0501309646592758,0.07683300805063029,0.07249087408392711,0.07155770690534473,0.05103628980072702,0.04887501342383904,0.06749521713576356,0.0644781805626472,0.06355510994698058,0.049660709592560734,0.047846081875782286,0.062089884498379426,0.05910833887369431,0.058147023701528223,0.048412101311971704,0.046969516640818255,0.058521514398769396,0.05605887091666688
