HitRate: 2802534/3000000 0.934178
CumReqs: 3000000
CumProbs: 0.9785666868014706
