HitRate: 2592275/3000000 0.864092
CumReqs: 30197,48118,47428,49770,114317,116123,114626,65865,64572,82245,51252,50888,31124,51304,51941,53138,30305,37565,56596,70594,67041,46477,34671,31222,33021,30869,28719,26799,35371,37311,35761,28819,65623,73118,71464,37920,57563,58286,53100,27583,31644,35382,35410,42057,40834,48398,41652,43058,42524,46466,47695,41785,34479,30205,29765,38963,36735,39315,33072,33350,34555,31630,32386,29934
CumProbs: 0.0241918578159749,0.04207762080808856,0.04148435021365439,0.044012989935158016,0.10800420696763759,0.11035935027772267,0.10840271054186788,0.05961049671228156,0.05882963472470466,0.07679279198010998,0.04569208666722394,0.04461933042173737,0.025216691123595644,0.04534611893396852,0.04556651319367182,0.047586195938697666,0.024249006560060873,0.031521248313087086,0.050720407329595596,0.06446993386634617,0.06142439272411932,0.04058509037958571,0.028726597845569368,0.02524026818393603,0.027002397171982963,0.024937866757831433,0.022896400859230115,0.020383137481426714,0.029325762705088604,0.03128675907165849,0.029849583480476498,0.022713422369197378,0.05970941785675298,0.06674896427511587,0.06538175104776996,0.031811348664231576,0.05209300227723659,0.05218295388788303,0.04704674254721437,0.021704221677671855,0.02562903340715697,0.029092042280844957,0.029422633670400006,0.03603471773389603,0.034913526005753995,0.0422185706253406,0.03576563171914195,0.03715180910371805,0.03658826610710459,0.040492832317384285,0.041714226551973,0.035551900541708786,0.0283155369239831,0.024448130210978903,0.0236962270040374,0.032798509929786585,0.030802660517496194,0.03328081457718409,0.026920902550371644,0.027540825473886248,0.02862306379798776,0.025457330902504297,0.02624126815882133,0.023723904422697745
