HitRate: 2966374/3000000 0.988791
CumReqs: 3000000
CumProbs: 0.9814107484213475
