HitRate: 347680/3000000 0.115893
CumReqs: 3000000
CumProbs: 0.08354166666666699
