HitRate: 574425/3000000 0.191475
CumReqs: 94172,94083,94643,93454,93506,93934,93776,93878,93227,93759,93602,93798,93681,94148,93829,93361,93007,93859,93453,93482,94126,93440,94281,94107,93596,94055,93297,93334,94302,93755,93361,93694
CumProbs: 0.013364583333333324,0.013364583333333315,0.013119791666666634,0.01338541666666666,0.013187499999999965,0.012958333333333277,0.013395833333333298,0.013343749999999972,0.013531249999999977,0.013354166666666629,0.013468749999999965,0.013374999999999995,0.013609374999999976,0.013281249999999972,0.013406249999999982,0.013270833333333294,0.013343750000000005,0.013395833333333336,0.01341666666666665,0.013447916666666686,0.013380208333333329,0.013380208333333306,0.013552083333333307,0.013463541666666658,0.013380208333333313,0.013505208333333322,0.01334374999999997,0.013421874999999982,0.013338541666666634,0.013369791666666644,0.013499999999999965,0.013473958333333296
