HitRate: 27709257/30000000 0.923642
CumReqs: 30000000
CumProbs: 0.8764515625045852
