HitRate: 11320/3000000 0.003773
CumReqs: 93445,94702,93746,93967,93847,93454,93293,93159,93423,94023,93782,93657,93952,93713,93586,94153,94154,93564,93827,93849,94012,93449,94078,94365,93624,93694,93939,93257,93382,93755,93733,93416
CumProbs: 0.0002777777777777779,0.0002708333333333335,0.0002986111111111112,0.0002708333333333335,0.0002500000000000001,0.00029861111111111126,0.000263888888888889,0.000263888888888889,0.00029166666666666685,0.00025694444444444457,0.00027777777777777794,0.0002847222222222224,0.000263888888888889,0.0002777777777777779,0.0002569444444444445,0.0002638888888888891,0.0002916666666666668,0.00027777777777777794,0.000263888888888889,0.00027777777777777794,0.00029861111111111126,0.0002777777777777779,0.00024305555555555574,0.0002986111111111113,0.0002847222222222224,0.00029166666666666675,0.00028472222222222234,0.0002708333333333335,0.0002638888888888891,0.00025694444444444457,0.00029166666666666685,0.00025694444444444457
