HitRate: 1511306/3000000 0.503769
CumReqs: 187154,187740,187395,187215,186928,187733,186943,187697,187141,188206,187588,187756,187149,187981,187992,187382
CumProbs: 0.034509106861189,0.03468230262874019,0.03463226163707743,0.03468050474880007,0.034560346439478626,0.03466192665608699,0.03449382488169967,0.034543266580048866,0.034581321705444805,0.03466372453602714,0.034622972590720745,0.03461128637111134,0.03456154502610519,0.034726051040612695,0.03476800157254552,0.03453757329357229
