HitRate: 121944/3000000 0.040648
CumReqs: 186824,187330,187412,186756,186903,187094,188169,187830,187137,187309,187147,188232,187403,188645,187730,188079
CumProbs: 0.0048958333333333276,0.005000000000000003,0.004777777777777773,0.004854166666666666,0.00484722222222222,0.0048263888888888835,0.004826388888888881,0.0048611111111111095,0.005083333333333336,0.0049375,0.004958333333333331,0.004951388888888887,0.005312499999999999,0.0049791666666666665,0.004833333333333329,0.00518055555555555
