HitRate: 2962879/3000000 0.987626
CumReqs: 3000000
CumProbs: 0.9894492898305697
