HitRate: 122090/3000000 0.040697
CumReqs: 93952,94125,94006,93514,94581,93130,93611,93533,93659,94379,93773,93476,93802,93607,92935,93951,93503,93244,94112,93232,93662,94063,93843,93928,93702,93814,93584,93810,94145,93472,94113,93739
CumProbs: 0.002395833333333334,0.0024305555555555565,0.0026388888888888885,0.0022569444444444447,0.0022222222222222227,0.002881944444444445,0.0021527777777777786,0.002326388888888889,0.0029166666666666672,0.0025694444444444445,0.0022569444444444447,0.0028125,0.002118055555555556,0.0021180555555555558,0.0026388888888888894,0.002638888888888889,0.0023958333333333336,0.0025694444444444436,0.0025347222222222225,0.0025694444444444445,0.0022569444444444447,0.0026041666666666665,0.0022222222222222227,0.002395833333333333,0.0021527777777777778,0.0022916666666666667,0.0026388888888888885,0.0017361111111111114,0.0026041666666666665,0.002465277777777778,0.0023263888888888887,0.002395833333333333
