HitRate: 2021695/3000000 0.673898
CumReqs: 23331,23118,22690,23220,22501,23414,23040,24101,23288,23115,22979,22601,22349,22127,23032,22717,22804,23156,23562,23909,23287,22557,22151,22988,23224,23523,22061,23008,22452,23010,22736,23215,24217,24251,23659,22681,23383,22707,23182,23677,23577,23497,23102,23244,23325,24175,24785,25102,24361,23719,23223,22862,22960,22402,23970,24387,24530,23269,24151,24967,24654,24302,22064,24006,23463,24313,23806,24327,24215,23545,24223,23272,22670,23371,24986,26344,25156,23375,22663,22593,22454,22788,23187,22674,22551,22754,23971,24275,23054,22173,22279,23080,22108,22111,21140,22343,22446,22803,22776,22894,23407,23863,23858,24091,24421,25427,25467,25014,24431,23723,23622,23166,23869,23150,23833,24354,24847,24377,23656,23049,24016,24038,24148,22887,22995,22999,23566,23886
CumProbs: 0.008665499085297457,0.008544815083270556,0.007882264758889935,0.008087039822570133,0.008194879944863212,0.008434551587442756,0.008323561079554549,0.00842849315360606,0.008519611998509924,0.008665499085297478,0.008919953306438551,0.008367908815239182,0.00814568546210929,0.008147624160937061,0.008529305492648614,0.00834222105577158,0.008503617733181066,0.008255464283230124,0.008281879054758108,0.00825473727116976,0.008404501755612796,0.007959085699939184,0.00817815866747394,0.008259099343532137,0.008220325366977348,0.008448122479236963,0.008119997702641688,0.00816894984804219,0.008156105968308389,0.008493439564335398,0.008709119808921629,0.00870015332684333,0.0094792679182419,0.00964381498124644,0.008711543182456278,0.008633268217286293,0.00867083050707377,0.008776974267892585,0.008419284334174305,0.00859279787925718,0.008725356411603992,0.009337985241170322,0.009114307863919613,0.009152597165767499,0.00934549769912776,0.009523130979219583,0.009332896156747495,0.009124970707472166,0.008943702367078355,0.009478056231474605,0.008887964775780828,0.008220325366977305,0.008068864521060039,0.007975322302621513,0.008851614172760652,0.009002105669264071,0.008851856510114121,0.008313867585415838,0.008795876581463066,0.009435404857264254,0.009616915535011528,0.009313266831116544,0.008258129994118303,0.008422434719769353,0.008602006698688942,0.009021734994894956,0.009054450537613105,0.009032640175801023,0.009129090442481136,0.00912351668335134,0.008947095090026893,0.008575349589807463,0.008398443321776075,0.008710816170395921,0.009671926114248768,0.010500477525754708,0.00982556799634725,0.009235961215360371,0.008451272864832025,0.008128964184720007,0.007697846032901025,0.008432612888615017,0.008798542292351271,0.008977144921856898,0.008900323980807647,0.008994835548660023,0.008921407330559294,0.009121577984523656,0.008849190799225953,0.008201423053406865,0.008404259418259336,0.008647081446433934,0.008425827442717953,0.008358699995807399,0.00798743917029486,0.008368151152592655,0.007860696734431303,0.008198272667811759,0.00860273371074936,0.008685855422988744,0.00882156434093063,0.0088959619084452,0.009267949746018132,0.009308662421400686,0.00955730054605855,0.009244200685378286,0.00942401500165128,0.00890662475199778,0.008408379153268218,0.008501436696999844,0.008586497108066998,0.008772369858176709,0.008810659160024596,0.008142292739160771,0.008916802920843443,0.009313024493763122,0.009637029535349357,0.009426438375185992,0.00873674626721694,0.008679069977091645,0.008869547136917257,0.008958969620346851,0.009010829813988892,0.008419769008881238,0.008342705730478484,0.008912198511127557,0.00927303883044094,0.009355433530619968
