HitRate: 2181460/3000000 0.727153
CumReqs: 3000000
CumProbs: 0.7282393997881434
