HitRate: 905321/3000000 0.301774
CumReqs: 47130,46725,46975,46578,46823,47042,47069,46331,46269,46550,47071,46988,47213,46741,47261,46803,46498,46475,46860,47513,47363,46776,47101,46856,47217,47181,47184,47313,46387,47258,46744,47349,46883,46941,47195,46484,46638,46767,47323,46732,46513,47362,46574,46532,46329,46716,46550,46482,46376,46528,46982,47103,47058,47037,46434,46602,46976,46914,47242,47611,46684,46557,47053,47178
CumProbs: 0.0015353276836026534,0.0015483107234249653,0.0015290026129199889,0.0016831345985028228,0.001603571867284038,0.0016455170728638154,0.0015919204212896554,0.0015982454919723204,0.0015582976771344368,0.0014860587119692645,0.0015895901320907787,0.0015383237697154952,0.001660164604971039,0.0016108956333376497,0.0015669530370159782,0.0015466462311400538,0.0014700795860341108,0.0015779386860963964,0.0015503081141668598,0.00177301718188806,0.0017517116806411894,0.001526672323721112,0.0016235457747029798,0.0015839308583220787,0.0016994466228949583,0.001729407484023371,0.001516019573097677,0.0015316658005758478,0.0015706149200427843,0.001606567953396879,0.001591254624375691,0.001523676237608271,0.0015872598428919018,0.0015090287055010468,0.001569949123128819,0.0016135588209935088,0.0016698186602235284,0.00157427680306959,0.0016618290972559516,0.0015649556462740844,0.0016128930240795435,0.0015756083968975197,0.0015556344894785776,0.0015746097015265728,0.0016391920021811507,0.0016618290972559516,0.0016698186602235282,0.00157427680306959,0.0016638264879978457,0.0014600926323246398,0.001644518377492868,0.0015952494058594786,0.0016631606910838806,0.001480399438200564,0.0015033694317323474,0.0015473120280540193,0.001563956950903137,0.001621215485504103,0.0016335327284124506,0.0016961176383251347,0.0016375275098962393,0.001664159386454828,0.0015782715845533786,0.0016488460574336393
