HitRate: 116993/30000000 0.003900
CumReqs: 1875473,1875893,1875314,1875156,1873828,1873776,1876783,1876178,1876824,1872489,1875790,1874100,1874652,1875358,1874185,1874201
CumProbs: 0.0005166666666666645,0.0005281249999999978,0.0005197916666666646,0.0005249999999999978,0.0005343749999999977,0.0005166666666666646,0.0005135416666666644,0.0005145833333333313,0.0005291666666666644,0.0005229166666666644,0.0005249999999999978,0.0005156249999999979,0.000548958333333331,0.0005374999999999978,0.00048437499999999794,0.0005187499999999978
