HitRate: 1680471/3000000 0.560157
CumReqs: 3000000
CumProbs: 0.44113932291643093
