HitRate: 132523/3000000 0.044174
CumReqs: 93923,93520,93568,93874,93878,93726,93855,93486,93958,93386,93981,93973,94028,93642,93857,93618,93957,93294,93788,93584,93320,93331,93430,93587,94013,93837,93839,94010,94147,93628,93956,94006
CumProbs: 0.004215036030945419,0.0041902700948168526,0.004012204912864663,0.004094821905718481,0.004184256393857425,0.004158140022499702,0.004092124507373876,0.004186432541130132,0.004090546648696191,0.0041213521096299605,0.004256682298934955,0.004338646968424025,0.004068497641551894,0.0041823842735421515,0.004160272551343825,0.004129927145477678,0.0041391037250270175,0.004214705746128006,0.004098456774766919,0.004173125014284902,0.0040521910764828115,0.0041075890848663605,0.004108943426223456,0.004318758267033596,0.0041656028969221425,0.00416884237902096,0.004289895019710779,0.004018444084208644,0.004115092539617887,0.004209198105742964,0.004058391837568795,0.004080707329440941
