HitRate: 1679155/3000000 0.559718
CumReqs: 3000000
CumProbs: 0.44197916666666176
