HitRate: 2292260/3000000 0.764087
CumReqs: 374913,372439,377984,376264,378124,375010,372559,372707
CumProbs: 0.11624333189116061,0.11798923658072713,0.11362148187734304,0.11625064806319309,0.11537869337823245,0.11035514361811966,0.10885632601128616,0.11448046698460979
