HitRate: 2681515/3000000 0.893838
CumReqs: 127975,135041,145353,165303,211585,455348,133224,142167,157921,190140,289702,129298,138644,151406,175683,251210
CumProbs: 0.03620697205920994,0.03853968430915089,0.041998441983113984,0.04813562178675609,0.06423236481482954,0.14534744838239624,0.03785058697688989,0.040648779995806364,0.04592301220136905,0.056350046846674696,0.08987295659582599,0.03608819649592183,0.03966672505912235,0.04361684197674386,0.0520472527676697,0.07701599953286031
