HitRate: 1883086/3000000 0.627695
CumReqs: 23293,23254,23386,23563,23350,23491,23342,23364,23679,23366,23298,23165,23428,23490,23442,23376,23578,23456,23506,23631,23172,23378,23239,23340,23351,23369,23366,23494,23639,23594,23689,23525,23730,23401,23384,23391,23303,23375,23414,23434,23651,23132,23573,23605,23658,23463,23101,23312,23620,23629,23623,23427,23447,23454,23271,23207,23445,23480,23304,23523,23443,23344,23328,23437,23502,23330,23610,23333,23232,23651,23578,23804,23424,23371,23595,23588,23208,23122,23254,23295,23288,23649,23614,23190,23463,23413,23493,23683,23606,23481,23490,23362,23392,23377,23220,23565,23345,23213,23319,23472,23439,23391,23327,23255,23393,23318,23469,23224,23476,23406,23514,23472,23720,23277,23526,23476,23605,23695,23536,23395,23537,23531,23638,23449,23507,23379,23642,23348
CumProbs: 0.005061819707740634,0.004965174697499254,0.00499479884791607,0.00511063045596667,0.004922522593554809,0.00493703833232289,0.0051213378985130575,0.00483769306646278,0.004974129889789793,0.00474191333150254,0.004791512049851368,0.004927571841002586,0.0050756220690825705,0.00487716616529909,0.005029187437302551,0.004834528979893974,0.00468998867724908,0.004875667530211852,0.0049267472526468925,0.005050444999616939,0.005016368343325543,0.0050398894549255465,0.004949877769762618,0.004825024514109921,0.005094220062703681,0.004812566177538533,0.005040046777703935,0.004897607276642875,0.004785833511290033,0.004986159657413157,0.004871281479648836,0.004918029400754785,0.004978925522068959,0.004698576330979763,0.0049249339720028725,0.004770189388456268,0.004939075391056861,0.005023051848945379,0.0048730567858290995,0.004772526174207681,0.004910654217402373,0.005036749780512007,0.0048570519055897154,0.00502326613341939,0.004924129727109906,0.004897489284559082,0.0049177920603563526,0.004821891620850623,0.004887675598141643,0.004940724567768244,0.004877707301407512,0.005007817307827759,0.004803901218649503,0.004952724498312954,0.004671859939501447,0.004967918352505127,0.004757906005664288,0.005093116090793261,0.004934519811637818,0.004860630998798067,0.0048399837403653575,0.004947177514143891,0.004887702722758609,0.004645968136378823,0.005034209560133364,0.004680782582251629,0.004851496784035569,0.004818829251595431,0.00497267872278224,0.004877879542725236,0.004869457349158029,0.0050880587059603894,0.004839275787862607,0.00487829183690308,0.004993119834126019,0.004976887107104145,0.004875403065196453,0.004841399645370859,0.005076366639818224,0.0049187685465670395,0.00489989116939121,0.00492316273451515,0.005047407042517013,0.004945225897953358,0.004909653319036419,0.0050211721129898,0.005207404308138626,0.005032413910490374,0.0047697621757390885,0.004841917725554863,0.0048268188075220615,0.0047075355919628465,0.005028922972287156,0.004694527981897944,0.004970093746785605,0.004784237227581723,0.0049704531479603745,0.004832908284030398,0.005028391329794667,0.004792244414509385,0.004897105471229046,0.004828318798840155,0.004995962493983811,0.00495617068089818,0.00483832913873058,0.004958441011338036,0.004873016098903656,0.004926984593045325,0.004853324983218916,0.004904802081292472,0.0047534223064802025,0.004946210521549137,0.00483772832846483,0.004996842687804281,0.004799550430088536,0.004864257560086103,0.005006608906142034,0.00490171936857456,0.0049089874096899635,0.004896931873680481,0.004845293384135986,0.004795333908381542,0.004887373158662499,0.004726917487014202,0.004946724533040599,0.004948017021038917,0.004703869699980215,0.005023729964369469
