HitRate: 1680311/3000000 0.560104
CumReqs: 3000000
CumProbs: 0.4411041666669922
