HitRate: 2427096/3000000 0.809032
CumReqs: 185156,171041,136228,148979,173765,278084,266402,243441,144628,163294,212721,203053,185817,139586,155272,192533
CumProbs: 0.14702856798193426,0.13812895327619437,0.10165458465702974,0.11180625657429462,0.13949435182343672,0.2410223388481735,0.23184467332176925,0.2072492720636143,0.10777004567456981,0.12816320091839625,0.1783303296774677,0.16795296931101075,0.15177100808170105,0.10171854628800504,0.11793497388840987,0.1574490113122606
