HitRate: 1435062/3000000 0.478354
CumReqs: 46820,47368,46581,46411,47431,46759,46268,46983,46617,46197,47386,46832,46431,46440,46126,47971,45868,46735,46944,46660,46336,46513,46226,47088,46611,46909,47068,47010,47295,47450,46711,46550,46403,46694,46361,47202,47867,47593,47706,46749,46522,47504,47239,47043,46242,47159,47525,46592,47210,46822,46870,47199,48248,46518,46729,47449,46191,47527,46330,47208,46580,46516,46807,46800
CumProbs: 0.0004919430333918686,0.0005314565300498501,0.00046164935262074923,0.0004494660244845382,0.000488650242003703,0.000507089873777428,0.00045012458276217135,0.0004639543065924648,0.00048239393836618913,0.00048239393836618945,0.0004632957483148318,0.0004791011469780243,0.00047449123903459296,0.00047119844764642805,0.0004916137542530515,0.0004972114996129327,0.0004721862850628775,0.0004906259168366024,0.00045111242017862067,0.0004883209628648864,0.00044617323309637284,0.00047580835558985924,0.000448478187068089,0.0004860160088931714,0.00047580835558985935,0.00047482051817340987,0.00048140610094974003,0.00043991692945885916,0.00045539304898323545,0.0005093948277491435,0.0004711984476464283,0.0004336606258213458,0.00046000295692666686,0.00046263719003719904,0.00045901511951021716,0.0004399169294588596,0.0004962236621964831,0.0004609907943431164,0.0004932601499471345,0.0005087362694715106,0.0004428804417082084,0.00048733312544843707,0.00047811330956157484,0.0004767961930063088,0.00045967367778785,0.0004432097208470242,0.00045440521156678613,0.0004590151195102172,0.0004833817757826389,0.0004705398893687948,0.0004711984476464282,0.0005021506866951802,0.000482723217505006,0.0004738326807569599,0.00043102639271081346,0.0004672470979806301,0.0004198309019910521,0.0004738326807569601,0.0005238831098570701,0.0004817353800885565,0.0004484781870680887,0.0004570394446773181,0.0004646128648700977,0.0005192732019136389
