HitRate: 1756589/3000000 0.585530
CumReqs: 3000000
CumProbs: 0.08979791735032346
