HitRate: 12134/3000000 0.004045
CumReqs: 23457,23315,23245,23531,23764,23223,23505,23549,23308,23462,23309,23620,23415,23522,23344,23458,23584,23290,23388,23066,23417,23433,23432,23333,23224,23183,23416,23507,23412,23507,23337,23588,23406,23504,23441,23430,23426,23200,23481,23567,23599,23641,23144,23555,23457,23541,23541,23258,23676,23424,23769,23443,23466,23244,23334,23220,23312,23444,23287,23417,23540,23673,23383,23270,23600,23616,23359,23653,23214,23568,23440,23437,23224,23360,23369,23545,23466,23328,23325,23331,23698,23507,23367,23422,23222,23661,23365,23340,23330,23641,23531,23547,23459,23392,23460,23287,23550,23469,23213,23714,23482,23507,23332,23530,23334,23255,23479,23412,23331,23551,23493,23635,23406,23387,23281,23584,23475,23584,23566,23407,23307,23219,23591,23248,23740,23705,23337,23575
CumProbs: 6.25e-05,5.208333333333333e-05,5.46875e-05,5.729166666666667e-05,6.510416666666667e-05,6.59722222222222e-05,5.902777777777777e-05,5.642361111111112e-05,5.989583333333334e-05,6.336805555555554e-05,6.597222222222223e-05,6.250000000000001e-05,6.857638888888887e-05,5.902777777777778e-05,6.163194444444444e-05,5.90277777777778e-05,7.465277777777777e-05,7.031250000000001e-05,6.076388888888889e-05,6.770833333333333e-05,5.208333333333334e-05,6.51041666666667e-05,6.770833333333333e-05,7.118055555555557e-05,5.989583333333333e-05,6.423611111111112e-05,6.163194444444444e-05,6.42361111111111e-05,5.468750000000001e-05,5.46875e-05,5.208333333333333e-05,6.25e-05,7.03125e-05,7.899305555555555e-05,6.076388888888888e-05,7.638888888888889e-05,6.163194444444445e-05,6.249999999999999e-05,7.031250000000001e-05,5.989583333333333e-05,5.295138888888888e-05,6.163194444444445e-05,5.642361111111112e-05,5.642361111111112e-05,6.597222222222223e-05,6.25e-05,6.076388888888889e-05,5.555555555555555e-05,6.684027777777778e-05,5.555555555555556e-05,5.4687499999999994e-05,6.163194444444445e-05,5.815972222222223e-05,6.163194444444445e-05,5.902777777777777e-05,6.42361111111111e-05,6.423611111111109e-05,5.3819444444444444e-05,6.597222222222222e-05,5.468750000000001e-05,6.336805555555557e-05,6.0763888888888894e-05,5.2951388888888894e-05,5.815972222222222e-05,6.770833333333336e-05,6.857638888888891e-05,6.163194444444445e-05,6.0763888888888894e-05,6.336805555555557e-05,5.815972222222222e-05,6.336805555555557e-05,7.291666666666666e-05,5.815972222222221e-05,5.989583333333334e-05,6.0763888888888894e-05,5.9027777777777787e-05,6.250000000000001e-05,7.465277777777777e-05,5.8159722222222236e-05,5.7291666666666686e-05,6.597222222222223e-05,6.85763888888889e-05,6.336805555555555e-05,6.250000000000001e-05,7.118055555555556e-05,6.25e-05,5.989583333333334e-05,6.076388888888888e-05,7.031250000000001e-05,4.861111111111113e-05,5.555555555555556e-05,6.510416666666669e-05,5.0347222222222236e-05,5.468749999999999e-05,6.25e-05,6.249999999999999e-05,5.555555555555556e-05,5.9027777777777787e-05,7.291666666666666e-05,6.597222222222222e-05,6.336805555555557e-05,6.510416666666667e-05,5.729166666666667e-05,7.986111111111113e-05,5.989583333333334e-05,6.944444444444446e-05,7.378472222222222e-05,7.552083333333332e-05,6.336805555555557e-05,5.642361111111111e-05,6.076388888888889e-05,5.2951388888888894e-05,5.2951388888888894e-05,6.336805555555555e-05,6.423611111111107e-05,6.163194444444445e-05,5.555555555555556e-05,6.163194444444444e-05,6.597222222222223e-05,6.423611111111112e-05,5.8159722222222216e-05,6.336805555555555e-05,6.249999999999999e-05,6.510416666666667e-05,7.204861111111112e-05,7.291666666666667e-05,4.600694444444445e-05,5.9027777777777787e-05
