HitRate: 27707375/30000000 0.923579
CumReqs: 30000000
CumProbs: 0.8764405816300501
