HitRate: 2964770/3000000 0.988257
CumReqs: 387496,391018,375467,371359,356997,377580,368933,371150
CumProbs: 0.12287007926574767,0.1239131821742071,0.12171562146659251,0.11948276391696659,0.11939681093767651,0.12141020778760402,0.11762192622100405,0.12083999395077014
