HitRate: 8997856/30000000 0.299929
CumReqs: 1873817,1873416,1874980,1874043,1874013,1874701,1876460,1875232,1875387,1873472,1874610,1874649,1876461,1876831,1876560,1875368
CumProbs: 0.056249999999994416,0.056249999999994416,0.056249999999994416,0.056249999999994416,0.056249999999994416,0.056249999999994416,0.056249999999994416,0.056249999999994416,0.056249999999994416,0.056249999999994416,0.056249999999994416,0.056249999999994416,0.056249999999994416,0.056249999999994416,0.056249999999994416,0.056249999999994416
