HitRate: 978297/3000000 0.326099
CumReqs: 94203,93640,93221,93761,93805,93589,94089,93916,93538,94265,94262,94293,94262,94277,94259,93392,92804,93483,94096,93209,93592,93905,94084,93727,93550,93489,93389,92458,93621,94003,94142,93676
CumProbs: 0.003457302627543367,0.003252059477409158,0.0034781916719027433,0.0034175139716207453,0.0034573026275433664,0.0033714254451770362,0.0035657267149325164,0.0034198349765495613,0.0033226843416718204,0.0034214928372130037,0.003520301332754188,0.0035680477198613385,0.0034105509568342816,0.0035408588049808784,0.003481175821096939,0.003415856110957299,0.0033531889778791644,0.0033177107596814906,0.0035836316100976992,0.0035531269738903522,0.0034052458027112637,0.003388667196076837,0.003358825704134872,0.0034095562404362154,0.0035494796804307776,0.003460949921002938,0.0034287874241321534,0.0034881388358834016,0.003480512676831562,0.003664535210473702,0.0034685760800547754,0.0035481533919000242
