HitRate: 2852592/3000000 0.950864
CumReqs: 3000000
CumProbs: 0.8506944444445375
