HitRate: 18827809/30000000 0.627594
CumReqs: 30000000
CumProbs: 0.6276208404818084
