HitRate: 122419/30000000 0.004081
CumReqs: 938386,938988,938832,937551,937237,938601,938543,937587,936429,937996,935364,938285,938070,936586,937767,936998,938513,936947,938190,935416,937193,936923,937598,936326,936725,937797,938374,937954,938564,937344,936175,936741
CumProbs: 0.0002454861111111103,0.000242013888888888,0.00023472222222222134,0.0002486111111111102,0.00023472222222222145,0.0002423611111111102,0.00024652777777777694,0.00023854166666666582,0.0002354166666666658,0.0002465277777777769,0.0002295138888888881,0.0002534722222222214,0.00024444444444444356,0.0002468749999999991,0.000253124999999999,0.0002534722222222213,0.000257638888888888,0.00025104166666666574,0.00023819444444444363,0.00024791666666666576,0.00022986111111111037,0.00023958333333333248,0.00023194444444444364,0.0002434027777777769,0.00024791666666666576,0.00023680555555555464,0.00024687499999999916,0.00024548611111111033,0.0002458333333333325,0.00023472222222222143,0.0002423611111111102,0.00025312499999999906
