HitRate: 2940038/3000000 0.980013
CumReqs: 3000000
CumProbs: 0.9801157280071705
