HitRate: 1326939/3000000 0.442313
CumReqs: 47179,47441,46394,47149,46786,46875,46760,46265,46336,46817,46848,47167,46881,47075,47111,46942,46334,46702,46696,46944,47425,47086,46937,47277,47303,47134,47097,46917,46708,46969,46816,47289,47097,46880,46986,46763,46708,46777,47042,46534,47042,47156,46682,46518,46301,46849,46444,46286,46511,46789,46633,46908,47349,46908,46540,46727,46624,47420,47261,47290,46882,46831,46840,46762
CumProbs: 0.007934854503378528,0.007973606349473425,0.007884510224691148,0.007845758378596262,0.007770904385284768,0.008005733948372604,0.007873911429178019,0.008069326721451404,0.007930548742701325,0.007963338766320077,0.008047135493345783,0.008033555786594577,0.007790114702152312,0.007856688386469178,0.007987848480944198,0.007933198441579603,0.007740432848184508,0.007929886317981751,0.007811974717898149,0.008215060159756971,0.00807396369448839,0.008089861887758088,0.00814948011251946,0.008218372283354824,0.007954727244965654,0.008070320358530754,0.00811172190350393,0.008137225255207402,0.008120664637218134,0.008018651230404234,0.007987517268584404,0.007836153220162484,0.007923593283145835,0.007880204464013945,0.007855032324670254,0.00785105777635283,0.007942803600013384,0.00786463748310403,0.007972612712394068,0.008176639526021866,0.007816942903294932,0.007839796556120125,0.007856688386469173,0.007977912110150632,0.008004077886573674,0.008169352854106582,0.00794313481237316,0.007900739630320636,0.007678827349264424,0.007969631801156002,0.008001096975335608,0.008065020960774187,0.008142855865323753,0.00798122423374848,0.008032562149515218,0.008069989146170964,0.008198830754127483,0.008075950968647104,0.008036536697832641,0.008026269114679296,0.008230958353026667,0.00802328820344123,0.008105760081027792,0.008102116745070151
