HitRate: 2453330/3000000 0.817777
CumReqs: 3000000
CumProbs: 0.5132330607228835
