HitRate: 2700126/3000000 0.900042
CumReqs: 374822,375325,375138,374565,374372,375496,375575,374707
CumProbs: 0.11249999999999592,0.11249999999999592,0.11249999999999592,0.11249999999999592,0.11249999999999592,0.11249999999999592,0.11249999999999592,0.11249999999999592
