HitRate: 299966/3000000 0.099989
CumReqs: 3000000
CumProbs: 0.10000000000003999
