HitRate: 2769919/3000000 0.923306
CumReqs: 23312,23635,23383,23371,23583,23431,23517,23595,23130,23541,23683,23226,23155,23290,23290,23409,23643,23609,23534,23387,23250,23842,23666,23121,23230,23703,23298,23239,23758,23309,23488,23468,23353,23131,23337,23674,23412,23429,23273,23665,23598,23875,23380,23218,23564,23586,23446,23562,23673,23554,23265,23668,23178,23328,23347,23495,23297,23807,23636,23203,23513,23425,23531,23610,23342,23360,23402,23514,23246,23550,23402,23263,23559,23244,23518,23516,23545,23543,23253,23485,23578,23429,23360,23233,23491,23234,23605,23331,23392,23712,23279,23447,23323,23280,23343,23345,23556,23380,23502,23538,23422,23545,23546,23322,23293,23520,23585,23506,23084,23660,23507,23344,23448,23451,23251,23115,23388,23422,23376,23448,23412,23595,23510,23457,23314,23639,23389,23222
CumProbs: 0.006822916666666683,0.006805555555555571,0.006840277777777793,0.0068402777777777915,0.006805555555555568,0.006822916666666679,0.0068576388888889036,0.006857638888888902,0.006857638888888902,0.006822916666666679,0.006875000000000012,0.006875000000000012,0.006857638888888903,0.006909722222222237,0.006875000000000015,0.0068229166666666785,0.006961805555555569,0.006805555555555571,0.006857638888888903,0.006857638888888902,0.006892361111111126,0.006788194444444459,0.006857638888888903,0.006892361111111125,0.006822916666666679,0.006875000000000013,0.006892361111111127,0.00682291666666668,0.006875000000000015,0.0068402777777777915,0.006840277777777789,0.006892361111111126,0.006875000000000013,0.006840277777777791,0.006892361111111124,0.006875000000000015,0.006840277777777793,0.00682291666666668,0.006857638888888902,0.006875000000000014,0.006892361111111124,0.006805555555555571,0.006805555555555569,0.006822916666666678,0.006892361111111127,0.006892361111111123,0.006857638888888905,0.006857638888888903,0.006822916666666678,0.006822916666666679,0.006875000000000015,0.00682291666666668,0.006892361111111125,0.0068229166666666785,0.006840277777777791,0.006875000000000016,0.006875000000000013,0.006840277777777792,0.006857638888888902,0.0068576388888889036,0.006875000000000014,0.006875000000000013,0.0068402777777777915,0.0068402777777777915,0.006857638888888903,0.006875000000000015,0.006857638888888902,0.006875000000000015,0.006840277777777793,0.006857638888888902,0.006840277777777792,0.0068576388888889036,0.006927083333333347,0.00682291666666668,0.006892361111111125,0.006857638888888902,0.0068402777777777915,0.006822916666666681,0.006822916666666681,0.006840277777777791,0.0068402777777777915,0.006875000000000015,0.006875000000000016,0.0068576388888889,0.006875000000000014,0.006857638888888904,0.006805555555555571,0.0068576388888889036,0.006857638888888902,0.006822916666666682,0.006822916666666683,0.006840277777777792,0.006875000000000016,0.006892361111111124,0.006909722222222236,0.006840277777777788,0.006805555555555567,0.0068576388888889036,0.006840277777777791,0.006822916666666681,0.006805555555555571,0.0068402777777777915,0.00682291666666668,0.006875000000000014,0.006805555555555568,0.006805555555555568,0.006822916666666684,0.00682291666666668,0.006857638888888902,0.0068750000000000165,0.0068576388888889036,0.006875000000000011,0.006892361111111125,0.006875000000000014,0.006909722222222237,0.006840277777777792,0.00682291666666668,0.006770833333333348,0.006857638888888901,0.006892361111111125,0.00682291666666668,0.006857638888888903,0.006770833333333347,0.0068402777777777915,0.0068402777777777915,0.006840277777777791,0.006892361111111124,0.006857638888888903
