HitRate: 2706902/3000000 0.902301
CumReqs: 186989,185825,188304,186874,188824,186748,188592,187149,187243,188022,187207,188158,187038,187623,187074,188330
CumProbs: 0.056417877550424274,0.05588311251177579,0.056697044153467956,0.05614833738196827,0.05683081839963516,0.05618783895837997,0.05653173503537551,0.05637306483768834,0.056276136599770696,0.05661638127054334,0.056136055379218494,0.056695716369386834,0.05644742074622794,0.05636941343146546,0.05623729891539956,0.05658185888443569
