HitRate: 34994/3000000 0.011665
CumReqs: 46633,46834,47086,46861,46747,46767,46997,46862,46977,47381,46694,46734,47095,46826,46662,46884,47095,47246,46758,47294,46846,47028,47121,47032,46532,47148,46973,47098,47034,47046,47026,46694,46784,47113,46379,46974,46747,46713,47050,46837,46643,46647,46990,46737,46994,46734,46976,46840,46959,46827,46213,47350,46642,47016,46584,46779,46927,46909,46815,46701,46724,46744,46870,46771
CumProbs: 0.0001432291666666667,0.00012760416666666663,0.0001354166666666667,0.00012760416666666665,0.0001354166666666667,0.00011979166666666665,0.00013281249999999998,0.00012760416666666663,0.0001302083333333333,0.00014583333333333335,0.00011458333333333329,0.0001223958333333333,0.00011979166666666665,0.0001197916666666666,0.00014583333333333337,0.0001197916666666666,0.00013020833333333333,0.0001354166666666667,0.00013541666666666666,0.00011197916666666664,0.00012239583333333332,0.00013541666666666663,0.00015364583333333335,0.00013541666666666663,0.00013020833333333333,0.00012499999999999995,0.00014583333333333335,0.00015364583333333335,0.00012760416666666668,0.00013541666666666663,0.00013020833333333333,0.0001354166666666667,0.0001354166666666667,0.0001145833333333333,0.0001223958333333333,0.00011718749999999997,0.00014062499999999996,0.00014322916666666667,0.00013020833333333333,0.00013541666666666666,0.00013281249999999998,0.00011979166666666662,0.00012499999999999998,0.00013281250000000004,0.00011979166666666665,0.00012239583333333332,0.00012499999999999998,0.00015625,0.00013802083333333328,0.00012239583333333332,0.0001328125,0.000140625,0.00014062499999999996,0.00011979166666666662,0.0001145833333333333,0.00012239583333333332,0.0001328125,0.00011197916666666664,0.00012760416666666665,0.00013541666666666671,0.00011458333333333332,0.00011979166666666663,0.0001328125,0.00010937499999999998
