HitRate: 2906969/3000000 0.968990
CumReqs: 46359,47273,47470,46957,46793,47111,47334,46975,46331,46729,46834,47791,47516,46665,46093,47289,45613,47116,46946,47791,47535,47299,47734,46612,47116,46550,46639,46395,46131,47392,47054,47215,46475,46967,46775,46757,46343,46609,47771,46343,47144,46964,46295,47070,47047,46276,47553,47330,46679,46989,46420,47073,46329,46496,45923,46880,47060,46371,46746,47692,46932,46437,47302,46294
CumProbs: 0.014612568597445625,0.014642834705320415,0.01460202131742865,0.014603855626996825,0.014504802910315542,0.014492879898122462,0.014644669014888588,0.014413316720603014,0.014426386176276203,0.014640771107056274,0.014565793703457255,0.014890237208327549,0.014640312529664228,0.014521999562517186,0.014243184508155109,0.014643751860104566,0.014188613798502007,0.014441060652821596,0.014552036381695983,0.01475128825853859,0.01473844809156142,0.014590327593931548,0.014835666498674484,0.01430715605434509,0.014601792028732612,0.014509847261628012,0.014297525929112154,0.014527731779917676,0.014270011285589593,0.014608670689613265,0.014714372778479127,0.014654987006209583,0.0144302840841086,0.014667827173186794,0.014665763574922589,0.014465135965903847,0.014582531778266837,0.014423634711923984,0.01476137696116358,0.014554558557352212,0.014698781147149695,0.014606836380045129,0.014498612115523004,0.014731569430680769,0.014605231359172943,0.014366312537918601,0.014743263154177835,0.014711392025430875,0.014609129267005288,0.014644898303584635,0.014428449774540414,0.014469263162432227,0.014466970275472052,0.014381904169248085,0.014223465680297281,0.014592161903499722,0.014568315879113492,0.014420424670179647,0.014514891612940516,0.014642834705320464,0.01462747236268704,0.01446926316243224,0.014596976966116159,0.014378694127503809
