HitRate: 29696461/30000000 0.989882
CumReqs: 1237567,2440042,1587864,1502063,2226127,1648270,1586239,2629397,1520683,1546393,1415732,1352722,2371918,1289022,3798916,1847045
CumProbs: 0.040763793616342824,0.08084877061414432,0.052450862236134516,0.04961010569179062,0.07374513166101118,0.05443980347224409,0.05235159899514573,0.08714647179243487,0.050184014993564334,0.05105384991988131,0.046671561651041776,0.04456696864198031,0.07859960641633255,0.04246465397543528,0.1261345045394705,0.06106276393497445
