HitRate: 2738934/3000000 0.912978
CumReqs: 3000000
CumProbs: 0.9158610486565376
