HitRate: 2432600/3000000 0.810867
CumReqs: 29974,32416,16590,19576,17515,29331,31122,39331,30823,31231,24688,20002,15729,13467,14717,14334,14498,14344,16919,18632,18241,17288,16196,16898,16918,18568,18431,18490,15960,16795,14558,15443,13642,14432,13638,19791,21702,24397,21196,18468,17308,15732,15612,16042,16844,19040,17158,17789,22570,22364,21166,16040,16851,16094,17925,17362,15142,12225,14713,16622,17990,15883,22330,21844,21954,28783,30055,29968,21214,20142,20082,47855,47585,57818,26150,26006,14387,13450,15814,15705,16331,28216,36982,38031,34671,27148,26076,14911,16820,15640,17271,14454,52921,51214,124890,87416,87964,14815,16774,18237,40130,39175,42098,20392,23130,17557,17136,16288,15929,18740,16910,20329,18433,20573,19188,17701,14858,14116,15179,24082,23659,29792,21011,20381,14846,14638,16320,30722
CumProbs: 0.025934039752953445,0.02805685143609793,0.01231706227523826,0.01542108004771228,0.013259605291825212,0.02499332539521236,0.02684314443635771,0.03491275468646075,0.026673862874620258,0.027243359486637992,0.02052774049345567,0.015852904772329406,0.011602579140436364,0.009286452093579319,0.010690339613296166,0.010014519551236703,0.010157416178197112,0.010174919055722445,0.012558445242900774,0.014372997292017464,0.013916093817513442,0.012952651842687261,0.012292244762329237,0.012696900841235354,0.012710485164090814,0.014533135559525224,0.01394352370020235,0.014104968152600048,0.011674941783339492,0.012606512846850855,0.010223247896650535,0.011068349520447338,0.009579298745905827,0.010155326282373206,0.00979534172670333,0.015786289342941975,0.017348747708298622,0.02031692225221802,0.017047541472676446,0.014387887799762912,0.013045913443829629,0.011446620664576485,0.011360934935795824,0.011567312148407739,0.012508287743126742,0.01496522152112022,0.012952913079665297,0.01362063479540708,0.018373841609930275,0.01830983855032281,0.017219174167215738,0.011865906014250017,0.012492091050491368,0.012130016598997567,0.013630300563592703,0.013183585331230156,0.011200274194332114,0.007978177307806757,0.010430670057174355,0.012419989644566184,0.014152252045616188,0.011705767746742255,0.018186534696711724,0.017749223995556892,0.017586995832225248,0.024557582115925358,0.02568063988430337,0.026050812682114788,0.017167710482551675,0.015781064603382227,0.01602218633406669,0.043586083592697944,0.04348759725199609,0.053744805955784854,0.02229004514697455,0.0218864340159803,0.010358307414271222,0.009433267275209569,0.011748871848110623,0.01164777313762862,0.01198790368297118,0.024226856101790425,0.032480115947420236,0.03375730353281191,0.030403020735423752,0.022695484936814482,0.021810152818407313,0.010741280824004135,0.01289073867890375,0.011562348645825879,0.013380296775656516,0.010458099939863292,0.048605229650815006,0.046999405947112126,0.12083908272382334,0.08322043541934496,0.08366897931055366,0.010507996202659338,0.01250593661032483,0.014090338881832655,0.03614109095696852,0.034773515377192095,0.03808182046645419,0.016146535135589814,0.01880462138663548,0.013322040929564818,0.012857561582698995,0.012085083838783369,0.011840304790406972,0.014596877382154726,0.01284345478588757,0.01623796807788622,0.014134749168090918,0.01654701142284807,0.01505273590874681,0.01358719646222438,0.010709148675711433,0.010046129225573476,0.011118507020221335,0.01989763690254447,0.01926413723091943,0.02572269903775963,0.016857099715721847,0.01595557090467941,0.010652199014509686,0.010633128715116437,0.011857023956998364,0.026476628956238056
