HitRate: 1270207/3000000 0.423402
CumReqs: 47604,46985,46956,47514,46462,46252,46693,47023,46441,46850,47005,48314,47251,46525,45508,46762,45753,46383,46918,47340,47874,46829,47703,46120,47815,46969,46442,46494,45478,47388,47680,47169,46868,47270,47297,46392,47572,46895,47285,47169,46879,47377,47119,47658,46189,46474,47463,46958,47642,47068,46106,46624,47296,46416,45132,46543,46681,46511,46450,47550,46739,46557,46806,46514
CumProbs: 0.00019440473868208237,0.00021637513723176975,0.00017609607322400953,0.00019074300559046776,0.0002266945668535926,0.00018375242423374907,0.00016910549186729084,0.00018441819388676986,0.00019873224142671775,0.0001707699159998429,0.0002123805193136448,0.00019740070212067613,0.00017776049735656157,0.00020605570760994684,0.00018741415732536368,0.00017143568565286372,0.0001800906911421345,0.00020039666555926984,0.00017476453391796788,0.00023534957234286344,0.00018941146628442612,0.00016943837669380123,0.00018574973319281153,0.0002000637807327594,0.00021670802205828017,0.00020871878622203018,0.00021171474966062394,0.0002103832103545823,0.00017376587943843664,0.0002047241683039052,0.00023368514821031132,0.0002063885924364573,0.00019673493246765526,0.00018641550284583233,0.0001794249214891137,0.0001897443511109366,0.00018708127249885328,0.00017176857047937412,0.00018208800010119695,0.00019041012076395733,0.00020172820486531154,0.0001611162560310409,0.00021138186483411354,0.00020106243521229067,0.00015379278984781176,0.00019107589041697816,0.00014047739678739514,0.00016278068016359297,0.0001887456966314053,0.00018874569663140532,0.00018574973319281159,0.00018774704215187408,0.00017742761253005114,0.00018508396353979076,0.00016610952842869707,0.00018375242423374907,0.00019673493246765523,0.0002090516710485406,0.000195736277988124,0.0001910758904169782,0.0001864155028458324,0.00017609607322400953,0.00017942492148911366,0.00019174166006999898
