HitRate: 2770920/3000000 0.923640
CumReqs: 3000000
CumProbs: 0.8335486580728582
