HitRate: 366240/30000000 0.012208
CumReqs: 1876036,1875760,1875232,1874159,1871853,1876894,1875804,1873971,1873796,1875999,1876714,1873734,1875337,1875748,1873776,1875187
CumProbs: 0.00048819444444444274,0.0005243055555555536,0.00046736111111110953,0.0004909722222222203,0.0004701388888888872,0.00046458333333333155,0.000504166666666665,0.0004874999999999981,0.000490277777777776,0.00048333333333333155,0.00046666666666666514,0.0004930555555555538,0.0004756944444444427,0.000518749999999998,0.000520138888888887,0.0004965277777777761
