HitRate: 1744287/3000000 0.581429
CumReqs: 3000000
CumProbs: 0.4210416666667134
