HitRate: 1978037/3000000 0.659346
CumReqs: 30410,18328,18348,27421,26279,26387,16967,16402,25749,25054,25279,16704,16629,24490,23657,23955,16578,16337,23789,22905,23172,16906,16482,22589,21719,21946,16719,16083,22128,21312,21542,16686,16376,21749,21046,20874,16518,16797,21888,21176,20933,16617,16746,21328,20522,20189,16294,16624,20892,20350,19752,16246,16734,20478,19744,19782,16341,16768,20291,19551,19139,16279,16582,19862,19355,18990,16324,16649,19727,21095,20522,17543,16606,19602,20238,20311,17390,16628,19492,20343,19647,17753,16638,19233,20046,19519,17448,16528,19073,19951,19522,17442,16557,18655,19506,19398,17418,16358,18677,19522,19017,91086,89610,92077,19378,18982,53274,52657,55070,19611,19063,46250,45180,46893,18730,18519,37055,36363,38413,18829,18759,32789,31371,33411,18544,18237,29239,28467
CumProbs: 0.022640132045480755,0.010628285995294104,0.010546673302785345,0.019220431705438582,0.018382455713065224,0.018783450359722405,0.008901888369902144,0.008182797008348591,0.017742727875329236,0.017221884668413106,0.017165655451133466,0.008798426610107568,0.008815777340011018,0.01647773114144348,0.01567027958130761,0.015842822950902898,0.008579935937249483,0.008546519716694715,0.015567139131326084,0.014837123236129644,0.015208878689801418,0.008759869432544379,0.0084003237517676,0.014756474473059953,0.013976655556844375,0.014127992478779907,0.00875504978534899,0.008424743297557635,0.014014891424594556,0.01366980468540397,0.013598473906912042,0.00889963920121096,0.008487720020910833,0.013958662207314891,0.013041001381310898,0.013082771657004354,0.008347628942431249,0.008985428921289066,0.01379575813211038,0.013292586964910718,0.012696557261746372,0.008495431456423484,0.009068648162862958,0.013204226766328429,0.012364001605263837,0.01210374065671229,0.008200469048065057,0.009040372899316609,0.012829258214526346,0.01213265853988467,0.01203498035672458,0.008431812113444216,0.008498323244740718,0.012720334187910336,0.012008311642243382,0.011691178856786113,0.00818311831816162,0.008697214019004187,0.012290100348267703,0.011867899253950757,0.011587074477365495,0.008327065114397538,0.008572224501736841,0.011775362027799094,0.01137211821245069,0.011197646983977249,0.008290114485899485,0.008693358301247876,0.011847978045543103,0.012813514033688063,0.012728366933236004,0.009959961584198752,0.008679541979287733,0.011461442340472102,0.012698806430437562,0.011624346415676586,0.01003257760194277,0.008595358808274762,0.011669972409126365,0.012291385587519826,0.01210213410764714,0.010002053169705238,0.008743482632080024,0.01133516758395264,0.01219692050249,0.011834161723582946,0.009686526933313113,0.008618814424625702,0.011318138163862231,0.011880109026845756,0.01171559840257613,0.009633832123976765,0.008276298163939337,0.010705079040607463,0.011903243333383672,0.011562976241388493,0.009857785063656302,0.008572867121362895,0.010801471984515431,0.011725237696966932,0.010929031980287014,0.08317747129819764,0.08173254106901694,0.0841455777648467,0.0114456981596338,0.011216925572758846,0.04582649077310687,0.04468937534480569,0.04676824983508784,0.01134641342740857,0.010775767199473315,0.038352181902481866,0.03725362365174396,0.039052315985066886,0.01081014734946716,0.010759380399008953,0.02937992668352688,0.028442987268741282,0.03048491113052536,0.010968231777476262,0.010956022004581246,0.02445585379889415,0.023659005462588176,0.02521703674595415,0.010677446396687178,0.010216688124807022,0.02108402862099295,0.02046775639960787
