HitRate: 22801461/30000000 0.760049
CumReqs: 2609326,4188507,3264830,2767340,7149475,3146879,2770659,4102984
CumProbs: 0.0574232047502191,0.10976704807285889,0.07825503300815284,0.062331980807333945,0.20841263480724204,0.07539680547559448,0.06249581723408279,0.10716444925078575
