HitRate: 2701793/3000000 0.900598
CumReqs: 3000000
CumProbs: 0.7431798144921444
