HitRate: 2472120/3000000 0.824040
CumReqs: 84499,76462,75604,84942,82893,150882,145224,143270,82428,80446,114678,109937,108858,81274,79927,106168,101814,101393,79586,78057,96541,93390,92241,78799,77057,91108,88094,87278,77636,76134,88454,84926
CumProbs: 0.06967169842807046,0.06200206184507728,0.06068780367629087,0.07028206625822786,0.06800668142200392,0.13654839859016585,0.13037294720068043,0.12911286486134757,0.06814350504962385,0.06608561441915879,0.09998623854842834,0.0952189632802397,0.09413188769547697,0.06673236309827678,0.06486606509087935,0.09151345518016878,0.0873067217968288,0.08636971721402574,0.06513437385197954,0.06330425897154333,0.0821780107030818,0.07886260811932969,0.07784948056451445,0.0639664299670685,0.062511196008552,0.07652968617958666,0.07358955996177105,0.07273381912312028,0.06295053430418118,0.061612944938778155,0.07321922664596986,0.07080701818212493
