HitRate: 2458071/3000000 0.819357
CumReqs: 186651,187527,186824,186158,188531,186429,188149,188270,187598,189422,187099,184633,188366,187637,187843,188863
CumProbs: 0.03231014527293069,0.03230205008911181,0.0322295172420939,0.032303669125875574,0.032496658308119514,0.032265783665602864,0.0326414001948025,0.03233831651262067,0.03217835568035813,0.0324626585360799,0.03187915768640939,0.03154628372777384,0.032277116922949316,0.03238235431259579,0.03234220220085381,0.03257955299042567
