HitRate: 1974839/3000000 0.658280
CumReqs: 155077,218966,241979,146135,255103,191043,189503,203455,167581,208193,119912,161575,164057,192654,185986,198781
CumProbs: 0.008831165715873474,0.03665198637094628,0.025337752858626387,0.014621881047959223,0.02238525764701924,0.025703899579181146,0.02361229893164451,0.02212805540109723,0.021745916831055104,0.01537882859036178,0.01416844548228586,0.015973858656704632,0.019087271853778526,0.015411811779929497,0.02378121284185493,0.017043979918235006
