HitRate: 2316200/3000000 0.772067
CumReqs: 3000000
CumProbs: 0.783927942545993
