HitRate: 499007/3000000 0.166336
CumReqs: 187440,186504,187937,187020,188314,188191,187359,188350,186734,187115,187318,187035,187505,187501,187944,187733
CumProbs: 0.031250000000000715,0.031250000000000715,0.031250000000000715,0.031250000000000715,0.031250000000000715,0.031250000000000715,0.031250000000000715,0.031250000000000715,0.031250000000000715,0.031250000000000715,0.031250000000000715,0.031250000000000715,0.031250000000000715,0.031250000000000715,0.031250000000000715,0.031250000000000715
