HitRate: 110432/3000000 0.036811
CumReqs: 23675,23398,23658,23597,23403,23390,23548,23555,23645,23333,23526,23593,23478,23419,23616,23425,23549,23447,23509,23480,23342,23382,23385,23481,23594,23530,23476,23591,23472,23270,23329,23411,23821,23613,23569,23375,23620,23288,23328,23582,23157,23360,23626,23193,23545,23371,23332,23253,23331,23348,23531,23474,23525,23450,23475,23453,23515,23290,23411,23569,23736,23441,23305,23598,23625,23687,23692,23236,23294,23624,23360,23611,23557,23391,23239,23434,23432,23411,23358,23641,23550,23378,23432,23271,23385,23376,23497,23319,23326,23214,23281,23592,23406,23543,23408,23143,23306,23298,23057,23565,23446,23443,23423,23523,23703,23541,23608,23489,23587,23279,23217,23264,23428,23368,23394,23360,23490,23474,23298,23309,23198,23135,23154,23484,23523,23448,23432,23051
CumProbs: 0.0006927083333333306,0.0006961805555555528,0.0006927083333333306,0.0006892361111111084,0.0006805555555555527,0.0006961805555555528,0.0006979166666666637,0.0007135416666666639,0.0007378472222222191,0.0007118055555555528,0.0006961805555555528,0.0007083333333333305,0.0007135416666666638,0.0007100694444444416,0.0006944444444444418,0.0007239583333333304,0.0006874999999999972,0.0006874999999999972,0.0007326388888888859,0.0006927083333333306,0.0006927083333333306,0.0006822916666666638,0.0007065972222222192,0.0007204861111111082,0.0007048611111111083,0.0007256944444444415,0.0007048611111111083,0.0006909722222222193,0.000684027777777775,0.000699652777777775,0.0006736111111111082,0.000699652777777775,0.000699652777777775,0.0006944444444444417,0.000682291666666664,0.0007083333333333305,0.0006684027777777751,0.0007135416666666638,0.0007118055555555528,0.0007135416666666638,0.0006979166666666639,0.0007118055555555527,0.0007170138888888861,0.0006996527777777751,0.0006909722222222193,0.0006961805555555526,0.0006874999999999974,0.0006996527777777748,0.0007031249999999972,0.0007135416666666639,0.0006979166666666639,0.0007118055555555527,0.0007031249999999972,0.0007100694444444417,0.0007135416666666638,0.0007048611111111084,0.000668402777777775,0.0006927083333333306,0.0006892361111111082,0.0007065972222222194,0.0007083333333333305,0.0006944444444444415,0.000701388888888886,0.0006909722222222195,0.0007065972222222194,0.0007048611111111081,0.0006979166666666637,0.0006736111111111084,0.0006944444444444415,0.0006857638888888861,0.0006874999999999972,0.000684027777777775,0.000699652777777775,0.000699652777777775,0.000685763888888886,0.0007378472222222192,0.0006805555555555527,0.0006770833333333306,0.0007204861111111082,0.0007048611111111083,0.0007013888888888861,0.0007013888888888861,0.000718749999999997,0.000717013888888886,0.0006649305555555528,0.0007048611111111083,0.0006979166666666637,0.0006944444444444417,0.0006909722222222195,0.0006979166666666639,0.0006909722222222193,0.0006979166666666637,0.0006996527777777748,0.0007152777777777749,0.0007031249999999972,0.0007083333333333303,0.0007013888888888862,0.000699652777777775,0.0006857638888888861,0.000699652777777775,0.0007100694444444417,0.000701388888888886,0.0006892361111111082,0.0007204861111111083,0.0007048611111111083,0.0006805555555555528,0.0006961805555555528,0.0006874999999999971,0.0006736111111111083,0.0006840277777777749,0.000715277777777775,0.0006788194444444417,0.0006909722222222195,0.000717013888888886,0.0006961805555555528,0.0007361111111111081,0.0006892361111111082,0.0006892361111111082,0.0006788194444444417,0.0006927083333333306,0.0006961805555555529,0.0007187499999999971,0.0006788194444444416,0.0007256944444444414,0.0007170138888888859,0.0006736111111111084,0.0006944444444444415,0.0007065972222222195
