HitRate: 2270235/3000000 0.756745
CumReqs: 50680,35160,31301,43297,45657,47656,34278,30558,40831,43604,45624,34365,30732,39214,42049,43384,33958,30221,38150,40246,42059,33258,30559,36544,39146,40781,33217,29984,36353,38372,39916,32958,29803,35105,37261,38531,32413,124675,130576,131738,38174,32176,76829,82095,84148,37292,32193,67100,70833,72619,36505,31558,55857,59484,61740,36233,31793,49498,53227,55121,35681,31111,45778,48741
CumProbs: 0.039167134397727725,0.023454336979273602,0.02005041937596383,0.031673440115538076,0.03480743048055286,0.03568082142253301,0.023614184000730346,0.020154567126026354,0.02954763952090716,0.03150963811623088,0.03454969775729686,0.02328592083914081,0.019102872599287245,0.02778965186637053,0.030502437090309607,0.03204224180009499,0.02198572187079681,0.018719898910766142,0.026289726516577457,0.028682488116115512,0.029596087999575506,0.02205394523871751,0.019246240546367,0.02622315105609444,0.027844032811814582,0.029456345448858685,0.021168359781698412,0.01915329856688081,0.02449152992056098,0.026659187364109424,0.02924541329683329,0.021360505788934035,0.019236682683228357,0.02198506270782172,0.026535594306282044,0.027357240954718462,0.021046414631308717,0.11381701174397711,0.1181134360155444,0.1203905145129561,0.026866823701259448,0.021129139584681194,0.06644725328436192,0.07069621782172342,0.07286288652080926,0.026154268525198646,0.02052567588099603,0.05558688410695447,0.05962854188865354,0.06119306521000439,0.025320756943210777,0.018909408266101452,0.0444654863914156,0.04792642159206971,0.04995367732192627,0.024763764229268754,0.020162147500239782,0.0379041781374757,0.04153550696718787,0.04418896752336981,0.023092786087442592,0.020044486909188097,0.03419407933224155,0.037880777851860385
