HitRate: 1265606/3000000 0.421869
CumReqs: 369376,376165,377141,376654,377646,377650,373549,371819
CumProbs: 0.005989473067510315,0.005550407043164954,0.006271753574443498,0.005623307315592275,0.0056595910128277895,0.005512458956147994,0.006419884264992156,0.0051269862827651785
