HitRate: 30676/3000000 0.010225
CumReqs: 3000000
CumProbs: 0.015249179141626787
