HitRate: 1091130/3000000 0.363710
CumReqs: 185949,175436,146447,156486,176557,259722,251051,233289,153023,167741,205983,199175,185706,149799,161748,191888
CumProbs: 0.07214405083833603,0.058809317917880896,0.031187466364089266,0.03746761372061908,0.04437290999155248,0.14368927832955944,0.1325202398625739,0.11907420644243281,0.027835121972351492,0.05086966011693216,0.08718294769709602,0.07993475258132182,0.07003900516014444,0.03762889947465497,0.04380441103207886,0.06461360565299902
