HitRate: 2641485/3000000 0.880495
CumReqs: 81612,79804,92211,99861,116239,100100,102709,82520,96124,85370,88203,73631,76982,79134,86468,87595,85955,82521,94281,104687,120449,108211,99636,106276,103020,103171,91121,97055,105686,92942,92433,83993
CumProbs: 0.07027097548231397,0.0670552880541481,0.07266051736740155,0.07823325852956686,0.08811438898931521,0.08914147502598319,0.0862456807706344,0.072736493594781,0.07492509498626931,0.07052653188347634,0.0772022074035829,0.07246392568143392,0.07434542451076492,0.07371088231549906,0.07391335768239041,0.07371139393993086,0.07638910828338234,0.07079871607849939,0.08238291634875021,0.09074439435496988,0.10022364382751087,0.09480937833153516,0.0876848802830616,0.08283263421985602,0.07435245934663633,0.07401939184482981,0.07423312294909491,0.08393288254955583,0.09668409813721919,0.085153106807339,0.08002778120636227,0.07264990116055353
