HitRate: 35138/3000000 0.011713
CumReqs: 94699,93308,94234,93566,93803,94080,93629,93485,93086,93872,93594,93765,93920,93800,93547,92867,93740,93867,93821,93487,93894,93815,94330,94071,93616,93769,93185,94097,93357,93809,93966,93921
CumProbs: 0.00025520833333333325,0.0002864583333333333,0.00023958333333333327,0.00024999999999999995,0.00022916666666666664,0.0003125,0.0002343749999999999,0.0002239583333333333,0.00025,0.00026041666666666666,0.00023958333333333324,0.0002552083333333333,0.00025520833333333336,0.00026041666666666655,0.00024479166666666665,0.0002604166666666667,0.0002291666666666666,0.0002447916666666666,0.00025520833333333325,0.0002604166666666666,0.0002864583333333332,0.00024999999999999995,0.0002343749999999999,0.00026041666666666666,0.0002604166666666666,0.00025,0.0002656249999999999,0.0002760416666666666,0.0002604166666666667,0.00024999999999999995,0.00028125,0.00025520833333333325
