HitRate: 2892711/3000000 0.964237
CumReqs: 374245,375278,375743,374697,375009,375965,375021,374042
CumProbs: 0.11245444720652657,0.11249624332506038,0.11260637278024462,0.11243620286907137,0.1127652643737183,0.11302566082648835,0.11267105724940402,0.11209320932491304
