HitRate: 1679116/3000000 0.559705
CumReqs: 188412,187200,187852,187867,186823,187400,187759,187175,186903,187302,187079,187264,188048,188656,187238,187022
CumProbs: 0.028645833333333353,0.026562500000000013,0.027916666666666683,0.027500000000000024,0.027500000000000004,0.0275,0.027291666666666676,0.027083333333333327,0.02760416666666667,0.027500000000000004,0.027708333333333366,0.027708333333333356,0.028333333333333335,0.028020833333333345,0.027395833333333328,0.027291666666666676
