HitRate: 364109/3000000 0.121370
CumReqs: 3000000
CumProbs: 0.08006944444444776
