HitRate: 2770715/3000000 0.923572
CumReqs: 3000000
CumProbs: 0.8765112847164324
