HitRate: 299819/3000000 0.099940
CumReqs: 3000000
CumProbs: 0.09999999999999107
