HitRate: 2965472/3000000 0.988491
CumReqs: 23730,24338,21657,24266,21157,22928,25839,23197,22131,24713,22175,22030,22116,25009,25593,25728,24123,21613,24512,22166,21352,23491,25161,22433,21710,23226,24000,22878,24416,21099,21276,21789,21107,24645,24122,24755,24034,25215,22762,22694,23235,24139,23237,24564,23571,23172,23490,23719,23722,24953,24026,22600,23861,25401,20833,22946,23335,22984,24086,23484,23197,24931,25010,26021,21137,23157,26074,23543,23927,21503,22907,25036,23765,23860,21963,25155,24403,22893,23235,23671,20482,21890,23991,23180,25432,21107,22171,23959,22534,23410,22967,25119,25612,27368,23793,24959,23428,24602,20066,21843,23212,24365,22088,22852,22961,22883,27773,22632,20534,21258,21851,22333,21421,25304,23373,25222,21657,25510,25704,24405,26034,21990,28016,23111,21510,21711,24895,19550
CumProbs: 0.007115611530197624,0.007618301007017009,0.0071866245827076946,0.007655207060584289,0.007339224894086976,0.007491617868086652,0.007690972758563789,0.007356641233972646,0.007657487771759796,0.008178837612742384,0.0076037873904456115,0.007846372124567555,0.007695223174845406,0.00775897941906979,0.007615087277633339,0.007853732601543055,0.007675422455094447,0.007285835518842183,0.008361605512852236,0.0077888360017309526,0.007550916358649805,0.007734928283037174,0.007935112523032679,0.007119343603030285,0.007042110429132471,0.00780314228092275,0.007661219844592436,0.007626283496131259,0.007603891059135395,0.0070346462834671875,0.007216999508817824,0.007688484710008701,0.0071108427704670305,0.007548220972715112,0.007549050322233481,0.007642352143049606,0.007712328508661717,0.00803162807323251,0.007950040814363263,0.0076232771041271925,0.00786036739768996,0.0074446559516091965,0.007856635324857343,0.007939777614073495,0.007627734857788418,0.007413348007290914,0.008054642522367162,0.007381107044764423,0.0075763151876497604,0.007966938810799953,0.007383284087250133,0.0073852537923562766,0.007309264642736004,0.00792225760549803,0.006890132129891968,0.007753484978510588,0.007667439965980167,0.0076850636432454515,0.007485501415388727,0.007822735663294162,0.007207254651977042,0.008072162530942624,0.007909506356653164,0.007180715467389332,0.0071761540450383165,0.0076960525243637955,0.008206309815538266,0.007520852438609051,0.008453559640701009,0.007413451675980696,0.007453467790241852,0.007566673999498751,0.007349799100446134,0.007640693444012884,0.007186209907948503,0.0077780544579922044,0.007493172898433601,0.007503850773482557,0.007311338016531939,0.007972640588738722,0.0072985867676870755,0.007246545085409585,0.007093841105340515,0.007898828481604205,0.008315369277203362,0.007275053975103426,0.007254734911903477,0.008028518012538616,0.007183929196773003,0.007757839063482031,0.00791655582755927,0.0079685975098367,0.00812741794260373,0.007864721482661395,0.007272047583099361,0.007734098933518823,0.0074026701322419345,0.00745834021866225,0.007187764938295447,0.007500844381478476,0.007343371641678802,0.0074962829591274675,0.007500844381478495,0.007097469509483384,0.008382753925570556,0.007258881659495309,0.007878924093163415,0.00741656173667457,0.007174702683381189,0.007202071217487245,0.007384528111527697,0.007480525318278523,0.007474616202960162,0.008122856520252695,0.007514113973772344,0.007912409079967432,0.0073056362385931755,0.008015352088934578,0.007942576668697987,0.007425166237927634,0.007576315187649739,0.007467255725984673,0.007977824023228514,0.007205803290319905,0.0072192802199933315,0.007710047797486194,0.008112489651273142,0.007604720408653776
