HitRate: 349735/30000000 0.011658
CumReqs: 235522,235137,234581,233901,234152,234729,234391,233929,234484,234295,233659,233446,234045,233862,233834,234779,233585,234983,234734,234729,234302,234679,235042,234408,234130,234272,234026,233501,233985,234565,234669,234110,234607,235136,234863,234400,234630,234908,235330,234291,234102,234358,234240,234304,235501,234881,234001,234485,234223,234967,234593,234091,234275,234535,234675,234502,234669,234383,234172,234590,234470,236008,233163,233676,235228,234392,233539,234378,234590,234463,233806,234476,234123,234009,234566,233744,234926,234253,233724,234266,234372,234171,234318,234544,233762,234654,235083,234046,233395,234737,233838,234782,233776,234536,234827,234937,234233,234897,235086,234156,234922,234969,234369,234351,233878,234604,233390,234292,234242,234275,233619,234075,234377,233721,233966,234242,234169,235293,234771,234114,234523,234169,234404,233820,234120,234698,234253,234246
CumProbs: 6.419270833333308e-05,6.497395833333305e-05,6.458333333333306e-05,6.588541666666638e-05,6.901041666666638e-05,6.549479166666638e-05,6.70572916666664e-05,6.445312499999973e-05,6.549479166666639e-05,6.67968749999997e-05,6.731770833333306e-05,6.445312499999973e-05,6.575520833333307e-05,6.705729166666638e-05,6.523437499999974e-05,6.35416666666664e-05,6.458333333333306e-05,6.289062499999974e-05,6.718749999999972e-05,6.341145833333306e-05,6.43229166666664e-05,6.367187499999972e-05,6.510416666666638e-05,6.536458333333306e-05,6.51041666666664e-05,6.39322916666664e-05,6.54947916666664e-05,6.51041666666664e-05,6.95312499999997e-05,6.249999999999974e-05,6.718749999999972e-05,6.52343749999997e-05,6.471354166666638e-05,6.171874999999973e-05,6.497395833333306e-05,6.601562499999974e-05,6.31510416666664e-05,6.458333333333309e-05,6.458333333333306e-05,6.328124999999974e-05,6.562499999999972e-05,6.445312499999973e-05,6.27604166666664e-05,6.562499999999972e-05,6.51041666666664e-05,6.497395833333309e-05,6.601562499999974e-05,6.445312499999972e-05,6.458333333333306e-05,5.885416666666642e-05,6.419270833333307e-05,6.588541666666639e-05,6.445312499999975e-05,6.835937499999971e-05,6.497395833333306e-05,6.419270833333307e-05,6.497395833333306e-05,6.302083333333305e-05,6.575520833333306e-05,6.718749999999972e-05,6.497395833333306e-05,6.341145833333306e-05,6.692708333333306e-05,6.640624999999972e-05,6.679687499999973e-05,6.575520833333307e-05,6.705729166666638e-05,6.367187499999975e-05,6.51041666666664e-05,6.627604166666639e-05,6.549479166666639e-05,6.289062499999974e-05,6.523437499999973e-05,6.549479166666642e-05,6.549479166666639e-05,6.731770833333306e-05,6.601562499999972e-05,6.679687499999973e-05,6.184895833333307e-05,6.718749999999972e-05,6.523437499999975e-05,6.43229166666664e-05,6.484374999999973e-05,6.523437499999973e-05,6.58854166666664e-05,6.393229166666639e-05,6.419270833333307e-05,6.497395833333305e-05,6.536458333333305e-05,6.27604166666664e-05,6.679687499999972e-05,6.523437499999973e-05,6.367187499999974e-05,6.23697916666664e-05,6.614583333333306e-05,6.588541666666638e-05,6.640624999999975e-05,6.640624999999972e-05,6.562499999999974e-05,6.653645833333305e-05,6.575520833333307e-05,6.627604166666639e-05,6.276041666666642e-05,6.536458333333306e-05,6.588541666666638e-05,6.58854166666664e-05,6.588541666666639e-05,6.15885416666664e-05,6.731770833333306e-05,6.640624999999973e-05,6.119791666666642e-05,6.315104166666642e-05,6.263020833333309e-05,6.523437499999974e-05,6.497395833333308e-05,6.562499999999972e-05,6.367187499999972e-05,6.471354166666638e-05,6.158854166666642e-05,6.614583333333306e-05,6.445312499999972e-05,6.354166666666639e-05,6.341145833333306e-05,6.497395833333305e-05,6.523437499999971e-05,6.575520833333307e-05,6.367187499999974e-05,6.43229166666664e-05
