HitRate: 2502055/3000000 0.834018
CumReqs: 3000000
CumProbs: 0.7081878844291557
