HitRate: 2939818/3000000 0.979939
CumReqs: 3000000
CumProbs: 0.9802552433571775
