HitRate: 1414035/3000000 0.471345
CumReqs: 92026,92385,90956,92036,94406,96990,95855,91566,91462,91106,94932,94539,96307,93833,94926,93040,93881,94610,95362,96789,95576,96313,93609,91011,91429,91880,93080,93157,94081,94533,94047,94277
CumProbs: 0.0036297430303536098,0.003375419278204028,0.003172423887490886,0.0036492809227713524,0.003824459653093133,0.003487679371926308,0.003750944193487397,0.0037780985524408697,0.003174079641085609,0.0036065624800274794,0.0033783996346745345,0.0037012715856456825,0.0036701434180648716,0.00412216414942448,0.00429038871464842,0.0039731463258993365,0.00378107890891137,0.003524768252448123,0.003930096732436516,0.004018182823675825,0.00412911831452232,0.003810551322897456,0.0035111910729713823,0.0034274099410783556,0.003546955350617418,0.0031138102102376605,0.003841017189040374,0.003984405450343458,0.003559539077937321,0.0035999394656485825,0.0034012490342817192,0.004070504637269098
