HitRate: 28103675/30000000 0.936789
CumReqs: 30000000
CumProbs: 0.8632140625200647
