HitRate: 2782291/3000000 0.927430
CumReqs: 3000000
CumProbs: 0.9031484774453855
