HitRate: 30325/3000000 0.010108
CumReqs: 3000000
CumProbs: 0.010467639887596154
