HitRate: 28519027/30000000 0.950634
CumReqs: 939221,938108,937668,936930,938548,938922,936486,937039,937111,937075,937699,938408,936242,937809,936463,936551,939173,936137,938350,935140,938112,936729,935889,937989,938276,939313,938070,936903,936714,937737,937131,938057
CumProbs: 0.026519444444442427,0.02655763888888682,0.026546874999997777,0.026547222222220054,0.026533333333331188,0.026533680555553253,0.026544791666664548,0.02653229166666437,0.026544791666664635,0.02654861111110886,0.026528819444442273,0.026552083333331106,0.02655972222222025,0.026552083333331134,0.026544444444442306,0.026553472222220043,0.0265142361111089,0.026574999999997868,0.02652569444444222,0.02653506944444243,0.026535416666664372,0.026551736111108965,0.02653541666666463,0.026540277777775522,0.02655486111110902,0.026573958333331135,0.026524999999998133,0.026548611111109028,0.0265215277777756,0.0265354166666645,0.026538194444442206,0.026521180555553543
