HitRate: 1540863/3000000 0.513621
CumReqs: 98442,102226,85036,94688,108575,98078,118033,84776,85121,143212,96189,75037,114557,77031,126432,110926,65938,115238,92198,83650,101389,70437,111990,71339,88396,75568,92794,62407,73938,145672,65691,64996
CumProbs: 0.005231310728599985,0.0026897603262350214,0.00534388365953949,0.009498091256014158,0.011009832479488748,0.005084099972756017,0.020546225176503032,0.007836474828626032,0.005541385872696666,0.01873406743318397,0.00954705048929258,0.007782519755217155,0.014799676802449164,0.003204331859671513,0.0062301456986815626,0.005486764687270397,0.0027064131266698603,0.005999004828646014,0.008732728548029008,0.00706511711248434,0.006139221408307349,0.004151210092396399,0.0038084954594474335,0.004617488504571859,0.005216989320226026,0.006459288232664935,0.011930066231517893,0.003563366237046619,0.003675939167986123,0.019391519994351375,0.006578522283778373,0.004322733936875228
