HitRate: 1745046/3000000 0.581682
CumReqs: 3000000
CumProbs: 0.42166666666669483
