HitRate: 1511665/3000000 0.503888
CumReqs: 46833,47035,47007,46896,47015,46781,46712,47031,46743,46734,47171,46349,46738,47174,47326,47026,46950,47127,47159,47050,46745,46640,46849,46589,46837,46696,46850,46506,47126,46868,46957,46590,46822,46973,47212,46920,46853,46957,46878,46734,47246,47441,46579,47128,46863,46788,46687,46562,46748,46854,46744,46825,47061,47012,46761,47234,46799,46790,46743,46899,46845,46525,46845,46562
CumProbs: 0.008130187386402294,0.008293134851439395,0.008244441565988865,0.00816869645528803,0.00824889716073596,0.008229165241141645,0.008184927550438193,0.0082119793756885,0.008134006467614092,0.008114592804787414,0.008270220364168567,0.008138780319128862,0.008220572308415061,0.008211342862153213,0.008252079728412473,0.008256535323159585,0.008190656172255914,0.00827594898598628,0.008263536972047895,0.008310957230427837,0.008229483497909263,0.008090405290445964,0.008163286090237944,0.00815246536013785,0.008195111767003004,0.008113638034484465,0.008217707997506207,0.008118093629231575,0.008220890565182725,0.0081849275504382,0.008254625782553678,0.008203704699729596,0.008169651225590963,0.008183654523367596,0.008239031200938805,0.008230120011444596,0.008198294334679513,0.008184291036902904,0.008222163592253324,0.008164559117308564,0.00827499421568332,0.008357104461737163,0.008112365007413852,0.008269265593865606,0.008195430023770664,0.00820911506477965,0.008099634736707837,0.008107591155899098,0.00819861259144719,0.00817919892862048,0.008194475253467719,0.008157557468420255,0.008196066537305972,0.008267674310027348,0.00818079021245874,0.00820434121326488,0.00813941683266417,0.008196066537305967,0.008156284441349642,0.0082132524027591,0.008297908702954156,0.008140053346199473,0.008253989269018368,0.008195111767003025
