HitRate: 1829721/3000000 0.609907
CumReqs: 32031,34172,32706,44437,51028,48332,39572,48730,37229,50213,35805,37937,34082,50532,68641,28873,43850,37353,43495,95594,70499,72563,32876,36204,49453,46254,35337,59447,77637,58197,40046,43079,106536,49531,35451,44445,37665,49189,61831,54792,43967,38360,29979,34317,43600,34787,39491,39121,88467,36067,55402,44479,34527,36074,33357,36581,44936,61329,51608,31886,45931,33703,54183,52204
CumProbs: 0.004109033214384466,0.003183049278549279,0.004909059717927518,0.0048838026286397605,0.004271400216948547,0.003388386134317192,0.003473997826578256,0.007426568293037354,0.004750300870975963,0.007425912264744152,0.005512605747660689,0.006407428339569441,0.0053905844851276745,0.00414839491197576,0.010803801946370341,0.0032119145234495586,0.004710939173384663,0.004300265461848833,0.007464945948188855,0.0063838113210146485,0.0038275970766067082,0.005465699724697726,0.005078315017570076,0.0046774817304320645,0.00652157726258418,0.006815149923785918,0.0037629782897276682,0.010491204464666157,0.006095486886158425,0.0044996980629780576,0.0034730137841384764,0.006340841467810825,0.009565220528830989,0.0055677121242884925,0.005250522444531991,0.007173341371866687,0.004362588149701714,0.010169094572710743,0.014632383065416855,0.012326771629006826,0.005465043696404537,0.005183935572773384,0.003947978268406748,0.003406754926526462,0.006700344972477976,0.0034949907319602805,0.004625655495270196,0.006093518801278864,0.005932135841154563,0.005443722776875912,0.012007285850224165,0.007344564756388814,0.004976958646272497,0.005651355731669991,0.005206568548888373,0.0048713380910691915,0.006575371582625622,0.007298970790012242,0.008524759655834453,0.004825744124692602,0.005862924856223199,0.0047529249841487126,0.008706807507194174,0.005277747618699297
