HitRate: 1680983/3000000 0.560328
CumReqs: 3000000
CumProbs: 0.44036979166557794
