HitRate: 1510870/3000000 0.503623
CumReqs: 3000000
CumProbs: 0.5126343609679701
