HitRate: 2713227/3000000 0.904409
CumReqs: 377675,375350,380814,375523,377434,376176,368007,369021
CumProbs: 0.06601372103213848,0.06778114403960754,0.06924602638870224,0.06922325451119024,0.06985403551827345,0.06758986026850654,0.06792428155539743,0.06766305558908084
