HitRate: 115949/3000000 0.038650
CumReqs: 94327,93885,94201,93676,93612,94356,93684,93913,93237,93083,93832,93848,93754,93994,93628,93068,93743,93358,93620,93979,93710,93802,94050,93990,94148,93851,93903,93133,93419,93636,93493,94067
CumProbs: 0.002572916666666667,0.002572916666666667,0.0025781250000000023,0.0026875000000000007,0.0025677083333333337,0.002526041666666669,0.002546875000000003,0.0025572916666666686,0.002572916666666666,0.002692708333333336,0.0025833333333333355,0.0025989583333333325,0.002666666666666672,0.0026406250000000015,0.0025729166666666682,0.0025260416666666695,0.002635416666666668,0.002567708333333333,0.002588541666666669,0.0027291666666666675,0.0026875000000000007,0.002604166666666667,0.002625000000000002,0.0027135416666666675,0.002552083333333334,0.002656250000000001,0.0025572916666666678,0.0026093750000000023,0.0026458333333333355,0.0026197916666666683,0.0026875000000000015,0.002578125000000004
