HitRate: 2895781/3000000 0.965260
CumReqs: 3000000
CumProbs: 0.9007777187554776
