HitRate: 2851557/3000000 0.950519
CumReqs: 187458,187538,187373,186959,187431,188355,188096,186631,187470,187688,186852,187794,187153,187871,188133,187198
CumProbs: 0.05291666666666659,0.05319444444444434,0.05270833333333329,0.052777777777777715,0.0535416666666666,0.052847222222222164,0.05340277777777769,0.053333333333333253,0.052847222222222094,0.05312499999999998,0.052708333333333295,0.053333333333333274,0.052847222222222184,0.05305555555555546,0.052986111111111026,0.05270833333333324
