HitRate: 2531127/3000000 0.843709
CumReqs: 23601,22019,23787,16809,19151,18650,16552,14626,14396,17186,16677,105693,102040,103839,54401,55174,54086,18863,17650,21750,23243,25501,23341,17986,19581,22689,21827,22586,18096,18603,14848,13839,27720,27557,27237,19912,23183,24306,20674,28160,28672,23724,13081,14121,14398,15220,13247,15376,14327,13156,13837,14483,14217,11146,10595,14649,15854,16963,14016,14677,18557,19299,19340,13360,12575,13733,14187,12895,19463,25450,26586,20758,18301,29583,28227,26067,13561,25809,34706,79092,87012,77067,33768,23769,22697,22028,14822,18786,29455,27243,24559,12542,10811,10666,10930,10396,11385,12500,12953,11284,39723,40448,47180,20242,20058,15653,13968,15972,17101,16753,15893,14137,18396,18429,18728,14326,13507,13546,30926,32423,31571,13981,11703,13070,12696,13283,12814,13653
CumProbs: 0.019832562313136008,0.018129028690497272,0.020109362962627844,0.013417448055106264,0.015811255261097466,0.01503300871309377,0.013186519022896854,0.011181992185487231,0.010904248968516992,0.013534012233269112,0.013027225119046273,0.10210739236821967,0.09832015623998522,0.10042930806749789,0.050992586392593194,0.052010245080111976,0.0504063094210248,0.01487340062008373,0.014148252040030217,0.017881133443676575,0.019669812328531277,0.021729636458007358,0.01959315017362092,0.014234968248043548,0.015916194440359986,0.018573920540304815,0.018309373268032256,0.018927069155547517,0.014622049292508854,0.015110927624641987,0.011261167853673315,0.010243194976995069,0.024117159880809192,0.0237338491062575,0.02360126128096175,0.016672447747200888,0.01934148465688659,0.020642541966246025,0.016955217990722617,0.024093909883008517,0.025006315202105306,0.020177542010232506,0.009463063294034558,0.010498316574483572,0.010839211812506988,0.011310495551709874,0.009775995696865275,0.011707002270959237,0.010691228718397285,0.00982658015153972,0.009864597039835422,0.011076110438746309,0.01074746857794217,0.007536455368173144,0.007086850680973589,0.011039036117929012,0.012124245474733533,0.012997377148896753,0.01018067133426081,0.0108231881653741,0.014923042507279757,0.015594150551904686,0.015615201225589079,0.009649377465599438,0.008711837013745144,0.009876222038735753,0.010931269236231299,0.00966320178861605,0.015992542406110862,0.021724609431455863,0.02292104175071226,0.01731810646990884,0.014682373611126828,0.02629700426920231,0.024451771335643236,0.02229266343177509,0.009843546366151024,0.021861595904984172,0.030963341665629834,0.07553830028691752,0.0835265596664065,0.07366007749161428,0.030149905931765652,0.019793602857361876,0.019184390077152287,0.018287380026869447,0.011308296227593608,0.014922728318120292,0.025859652959222008,0.023948754491334042,0.02123164664024962,0.008922657939748576,0.00719995877838228,0.007295472282860733,0.0069954216355682265,0.006610854104378663,0.007560333744292755,0.008785671466220267,0.009305654525140789,0.007714600621591834,0.03621627022278523,0.03722293228972263,0.043155766187968084,0.016556511947356984,0.016338150481526304,0.011925677925949387,0.010717934796952117,0.012526721788012795,0.01366251559949177,0.013206941318262303,0.012196823170570777,0.010591316565686274,0.015004417499582135,0.014848579676485698,0.014974569529432616,0.010712279392081676,0.010020120673772379,0.00992397879097498,0.02750349064156171,0.028907601995226833,0.028026615592076882,0.010372012532377201,0.008253749219239943,0.009698076785317068,0.009130336974157313,0.009601934902519671,0.00928586060809427,0.010171559848636236
