HitRate: 1882451/3000000 0.627484
CumReqs: 47032,47250,47061,47100,46849,46825,46610,46548,46754,46855,47173,46789,46368,46491,46894,47127,47159,46984,46823,46732,46799,47119,46819,47040,47051,46732,47561,47043,46930,47200,47127,46504,46667,47201,46939,46527,47072,46595,46718,46957,46859,46966,47021,46792,46650,46813,47253,46431,46679,46915,46373,47115,46753,47027,46833,46979,46690,47177,46747,47001,46956,46419,46698,46828
CumProbs: 0.009768064170342372,0.009756608348906189,0.009795043240980466,0.009787244209194941,0.009780305678286916,0.009787737257046557,0.009720900465003537,0.009791048457479004,0.009753633948766778,0.009805515896355067,0.009834554722135723,0.009841933513091681,0.009785022726978608,0.009847506722450987,0.009920976982894306,0.009929244648850477,0.009853717183137907,0.009805406143295647,0.009826757372181525,0.009754853873281755,0.009885733175941833,0.009853539017518958,0.009742708826503665,0.00982548145895803,0.009756922905623171,0.009845175758438388,0.009789883653630526,0.009833867829656633,0.009790490631993668,0.00982005847511604,0.0099201548386223,0.009702993680995933,0.009834060372221082,0.009797168099272485,0.009758879960547548,0.009837044592085521,0.009852959219720686,0.009917271094618445,0.00986332266456215,0.009817825979616973,0.009826042485348208,0.009714597395086563,0.009788034235913184,0.00983259685342197,0.009742668788066759,0.009749663253430635,0.00987677682716999,0.009957237701040844,0.009799246625823146,0.009764547569473486,0.009859068662020737,0.009767487030922733,0.009722092232406412,0.009894687897134928,0.009796544194090475,0.009776081623194264,0.00979286060364331,0.009836260316145425,0.009752293746183211,0.009722084203017995,0.009919999242095169,0.009900288666827456,0.009863948251575501,0.009750559452535114
