HitRate: 1291921/3000000 0.430640
CumReqs: 3000000
CumProbs: 0.01272980768462495
