HitRate: 2965604/3000000 0.988535
CumReqs: 3000000
CumProbs: 0.9755143797753866
