HitRate: 1164143/30000000 0.038805
CumReqs: 3750766,3750645,3750738,3749466,3749803,3750816,3747109,3750657
CumProbs: 0.010414583333333168,0.010479166666666493,0.010470833333333164,0.01057291666666649,0.010424999999999818,0.010481249999999814,0.010402083333333173,0.01045833333333317
