HitRate: 2266559/3000000 0.755520
CumReqs: 3000000
CumProbs: 0.5234198661273962
