HitRate: 2377469/3000000 0.792490
CumReqs: 29995,34140,34860,43614,31057,47319,47015,50785,34971,45708,36806,37750,33961,50828,67769,28728,43929,38611,53963,95671,63670,54002,32670,36177,41169,43343,34499,58189,76499,34017,29381,42437,97053,50151,34964,41758,36371,68235,61840,54247,44725,38569,36944,35186,45942,36054,40249,37688,88978,41243,57267,60054,34782,35696,35988,37806,49123,60438,73107,33349,50300,33881,60372,54107
CumProbs: 0.00742362046479795,0.006764853654886251,0.00861501293481282,0.008142518119427834,0.008329324610352148,0.00674374104718523,0.013325796934129303,0.011080110320056891,0.008305272272464774,0.01079549098839136,0.009386023988198555,0.00991945139289795,0.008720843221516754,0.007812199345776279,0.014606984798923011,0.006742404806191491,0.011230036559554095,0.009201355482864229,0.014195957069249768,0.010024747183204267,0.007392619673743281,0.008816785324866832,0.008259305582280297,0.008048714001667573,0.010026617920595442,0.01029333162294518,0.007946090693348637,0.013828223547774002,0.010830767750625725,0.010863639279071234,0.006701248583584432,0.011009556795587405,0.014083980073975048,0.009107016868706503,0.008741154084621427,0.010352927971265838,0.008342419772090694,0.01772470228550726,0.01789039616873125,0.015543689735532008,0.009605702007568622,0.00883656169157431,0.009202958972056691,0.0074599662198275634,0.010267408547666763,0.008888140593932467,0.008405757595193799,0.009445085840121553,0.013320184721955397,0.010172802685309967,0.01567784833130305,0.014669253629230794,0.008457336497552013,0.008922882859769632,0.009168483954418199,0.008520941568853755,0.011354306971971484,0.011128214995831442,0.01836208923951938,0.00829378059991874,0.010592649605542046,0.00801183375024049,0.013756601030509526,0.015011598571826256
