HitRate: 14996070/30000000 0.499869
CumReqs: 30000000
CumProbs: 0.5000000000024435
