HitRate: 2303649/3000000 0.767883
CumReqs: 13306,21250,20509,24873,14788,36463,37979,24821,14314,29778,31132,34579,22763,13216,23838,13076,22556,18334,22416,23105,17934,20036,15293,17042,30078,20675,28999,27664,22439,16647,13539,26786,26381,15530,13597,30635,20034,43293,59224,16028,18722,18406,15013,22004,19080,21040,15085,55724,26682,21003,38738,22470,19685,31685,30595,14503,10684,11806,23020,20345,16611,35461,52600,13432,24989,19611,21607,15775,24345,32638,14114,42883,15241,29307,27111,13834,15008,31314,51935,14902,15610,26343,23145,19309,15571,27584,45636,16201,17650,15699,14693,37496,20784,25700,36402,14970,21392,24073,20211,21755,25537,15955,17823,30592,24238,12835,18020,17092,14760,15890,16210,40745,27857,16492,17395,16838,42765,17345,16074,33967,37151,21677,14677,21801,23063,24378,15086,29555
CumProbs: 0.002689672993723675,0.005369833999965131,0.004827650713478334,0.0037705518379537862,0.002999763785644195,0.0025555539702243097,0.007594370805808029,0.0052233493927388765,0.0026110405638706227,0.008114042388586885,0.0027223308174126456,0.009303992022613153,0.004572412382705311,0.0026002603113907665,0.0030685671617656156,0.0022977791094560248,0.0031741502228183147,0.004291808751979686,0.005594633970795034,0.004050204269931183,0.0041782990346918075,0.0035822144858057396,0.0033272932212821222,0.003805746191638015,0.0026348205325761828,0.004948770020751991,0.0026417959900631462,0.004809577937262111,0.0033095375113153043,0.0029236678857863987,0.0027378670636336133,0.004625679512605763,0.006032502461226777,0.003454436787294521,0.002760695833590951,0.008482790436647786,0.004856503742174415,0.012202611674696372,0.004355856134360001,0.002180464597175255,0.003595531268280853,0.004199225407152705,0.0031284926829036343,0.005382833716190832,0.004422122980486165,0.005196398761539239,0.003273074892633442,0.004421171781737947,0.006446273916703532,0.002832986938455857,0.008016703050018784,0.005213520339007242,0.004752506012368764,0.006364787890605812,0.00753539648341823,0.0030495431868011688,0.001912226550176525,0.0021795133984270363,0.005548342298381546,0.0049627209357259155,0.0037210895030462166,0.003006739243131155,0.015528319564731443,0.0021202220097878326,0.0032749772901298864,0.003792112342913492,0.004273101843264648,0.0036136040444970843,0.006265546154541262,0.008797003089810603,0.0029344481382662514,0.003715699376806289,0.0033618534424675354,0.004203664334644408,0.0071273322204308,0.0028364746671993377,0.003317781233799898,0.008433328101740217,0.004831138442221821,0.003212832305246023,0.0031113711054356298,0.0031681259640795657,0.004458585599168019,0.004716677526185717,0.003222027226478836,0.004464609857906764,0.003935109221396271,0.0026303816050844797,0.002202976300883187,0.0026322840025809237,0.002849157317175641,0.0068746304196530515,0.004659288535042958,0.003067933029266801,0.010032927330000952,0.0031817598128040902,0.004271516512017607,0.00604042911746197,0.004981110778191553,0.005412955009884544,0.006613050763891881,0.0036338962844591626,0.0029705936906987036,0.0035102404471902427,0.006192937983426957,0.002561261162713643,0.0028339381372040804,0.0033941941999070997,0.0023272662706509237,0.0035505078608649965,0.0030403482655683525,0.007023651556874563,0.0063197644831899545,0.003111371105435627,0.004067008781149783,0.0037176017743027327,0.009079192051783256,0.0036285061582192295,0.003677017294378577,0.0038514037315526928,0.0028041339097597765,0.004943696960761471,0.00320173498651676,0.0053229081950528214,0.005811190219140354,0.004629484307598658,0.0032426365326903247,0.0037401134780106647
