HitRate: 1395400/3000000 0.465133
CumReqs: 23127,23370,23601,23637,23772,23139,23604,23144,23466,23276,23728,23448,23296,23445,23357,23809,23751,23408,23611,23367,23511,23924,23407,23717,23293,24105,23705,23290,23204,23167,23531,23680,23672,23576,23700,23514,23532,23321,23290,23069,23365,23280,23266,23611,23539,23582,23335,23373,23189,23424,23585,23705,23689,23627,23623,24035,23835,23778,23167,23777,23418,23248,23703,23762,23170,23232,23031,23360,23126,23553,23404,23352,23044,23344,23235,23340,23135,23307,23143,23187,23377,23336,23423,23518,23820,23489,23121,23407,23439,23626,23761,23540,23825,23362,23273,23209,23424,23160,23007,23527,23480,23768,23073,23130,23304,23631,23098,23515,23131,23215,23412,23186,23448,23164,23822,23574,23817,23321,23256,23178,23216,23591,23177,23291,23637,23608,23518,23352
CumProbs: 0.005494494081311733,0.005556810119174958,0.005589451853293782,0.005476689499065087,0.005597167172267323,0.005599244373529427,0.005538412050853432,0.005409032086527873,0.005592716026705676,0.00552921301669266,0.005384402414420022,0.005606366206428094,0.005574021215346703,0.005723282963180988,0.0058381225186717985,0.0057259536505179865,0.005656515779756114,0.005615268497551401,0.005548501314126522,0.005466896978829442,0.005516749809120019,0.005625357760824491,0.005526839072393123,0.005659186467093101,0.005595089971005228,0.005791533861793099,0.005677584535414631,0.005530696731879906,0.00552120095468169,0.0056016183178289915,0.0057170513593946745,0.0057674976757601465,0.005636337253209923,0.005616455469701173,0.005539895766040652,0.0054585881737810186,0.005589451853293779,0.005530993474917322,0.005574317958384137,0.005408438600452994,0.005503099629397597,0.005374609894184374,0.005452653313032125,0.005429210613074065,0.005594199741892894,0.005618532670963283,0.0055642286951110564,0.005533367419216877,0.005369565262547838,0.005548501314126518,0.00571823833154444,0.005658889724055663,0.0056348535380227,0.005535147877441542,0.005469567666166441,0.0055755049305339175,0.005552952459688181,0.005758298641599377,0.005551765487538391,0.005528322787580345,0.005507254031921815,0.005579362590020688,0.005510518205333696,0.0054980549977610566,0.005412593002977205,0.00542683666877451,0.005519717239494461,0.005494790824349173,0.0054689741800915525,0.00553841205085343,0.005451169597844917,0.005557997091324731,0.005545830626789537,0.00560547597731577,0.005559480806511944,0.005482921102851418,0.005413186489052085,0.005539302279965758,0.005533960905291772,0.005512595406595809,0.0055369283356662006,0.005601024831754097,0.005582626763432577,0.005666901786066658,0.005716161130282341,0.00571764484546957,0.0055965736861924445,0.005616455469701186,0.005590638825443568,0.005721799247993777,0.005624764274749619,0.00539983305236711,0.005457697944668679,0.005305172023422499,0.005544940397677201,0.005492713623087064,0.005457697944668673,0.005520607468606799,0.005466006749717112,0.005406954885265765,0.005709632783458563,0.005724469935330775,0.0055959802001175505,0.005432771529523394,0.005633369822835474,0.005585000707732118,0.0055989476304919876,0.005498945226873377,0.0054111092877899775,0.0055562166331000595,0.005358585770162411,0.005430694328261289,0.0056117075811020906,0.005587374652031675,0.0054814373876641955,0.005517640038232351,0.005524168385056121,0.005612894553251854,0.00537698383848393,0.005435738959897841,0.0054799536724769735,0.005575504930533915,0.005426539925737076,0.0054817341307016355,0.005500725685098056,0.005547314341976728,0.005443751021908814,0.005516156323045129
