HitRate: 2851708/3000000 0.950569
CumReqs: 3000000
CumProbs: 0.8494965277776624
