HitRate: 2782033/3000000 0.927344
CumReqs: 19572,21151,25625,18298,15064,20457,27169,23294,14692,24257,30383,33124,20663,15043,29022,13411,11156,31520,21273,24334,21169,17428,15318,17245,18330,24889,28375,27586,27920,14916,13882,23136,26874,17319,13640,29566,20329,47747,75893,13378,34223,35447,14817,23241,18759,24618,24840,26729,19578,17764,37226,27405,27604,30556,22298,23964,10725,11817,19997,20458,17101,14445,53207,13631,20715,16865,21439,15216,23954,38162,21060,16620,15539,26594,25170,16295,17408,40167,22250,14962,34233,21524,13678,20460,15871,21287,47722,20574,12594,14755,19542,26177,56893,13985,42480,15764,23048,32056,20417,18389,21134,22975,15254,31163,24078,12758,15951,26324,11806,15631,15694,23180,38910,14971,22289,26593,33082,17390,17244,49230,37128,21675,14659,29870,40439,18307,15145,18357
CumProbs: 0.005366879618943582,0.0066763772028174875,0.007325865207674979,0.0076978466940884486,0.0045503616243117925,0.008367939448340623,0.01088434926803808,0.007828927972152814,0.004757066716644084,0.008303275607155004,0.0037893010934764676,0.004789727436429362,0.005458724193373293,0.00433401175566708,0.008568945354670085,0.004157556189041951,0.005801552151387819,0.008381749014424327,0.006760549796089622,0.0057353539139707345,0.0063734435468225815,0.004917082323645749,0.0047007324550010195,0.005208179208711774,0.008569383753593375,0.007345154760299814,0.004533044866841752,0.007918799751427685,0.007219772668238242,0.004325024577739581,0.004158652186350188,0.007904332586959068,0.0075967957422695175,0.005155352138455069,0.004185613720132658,0.009563234112696878,0.006333768444264601,0.013623027341844679,0.009618691576493399,0.00481910016428994,0.00934425385051247,0.009260519656163575,0.004499726548671536,0.006849325578056287,0.00575135547467086,0.007924498937430509,0.006556694296758736,0.011660315362265333,0.006709914720449377,0.004705554843157227,0.010927312362520631,0.007270407743878528,0.007445767313195415,0.00607577067790713,0.0046123950719576395,0.006473617700794792,0.0031869409728729338,0.0035376601115067216,0.006447094565935669,0.0064072002639160705,0.00529169420359896,0.009022030641892623,0.015206743452237919,0.003963126266561846,0.0079131005654249,0.006259679026228246,0.0064332849998519495,0.004741503554867217,0.007756153750886257,0.011270578719458482,0.0058199649061661,0.011981004174653661,0.0047138844226998,0.009342500254819253,0.007742124985340926,0.004747421940331645,0.0050102420948453475,0.01064498345592053,0.013737887859747177,0.00436864527060717,0.008691477853730308,0.0060805930660633375,0.00495522302997216,0.0063239044684905215,0.005048163601710122,0.00773861779395459,0.01199875933104702,0.006210139947896228,0.0044335283112544015,0.003919943972617558,0.005493796107236678,0.00677063297132532,0.015394816590330321,0.006829378427046463,0.011585787545305619,0.004718926010317653,0.006011983634568123,0.008572233346594793,0.006387033913444647,0.006054508330127455,0.005816457714779768,0.006453451350323393,0.005406554721501553,0.008197840666103202,0.007653568402835927,0.0038699664953622498,0.0046761821152966725,0.0072925468895047195,0.00542650187251132,0.004832909730373648,0.004506083333059278,0.009644337913505911,0.010017634596689298,0.0044769298046603455,0.006483700876030554,0.006815788060424421,0.010668656997778227,0.005212124799021414,0.005191081650703413,0.015066236597322745,0.00418451772282443,0.00687606791237711,0.0045124401174469995,0.007412887393948461,0.01065901222146582,0.007095705772946542,0.004629711829427689,0.008531462246728575
