HitRate: 1679844/3000000 0.559948
CumReqs: 374143,374712,374767,376414,374840,374418,375480,375226
CumProbs: 0.05447916666666657,0.05512499999999988,0.055583333333333214,0.05554166666666666,0.05537499999999984,0.055000000000000035,0.0556458333333333,0.0555416666666666
