HitRate: 2095349/3000000 0.698450
CumReqs: 430820,428974,383733,265435,408499,398957,379752,303830
CumProbs: 0.31522285267540084,0.3127802119463643,0.26906240354382693,0.15928774514227154,0.29236038806555564,0.2821096877541989,0.26805950906783754,0.19116527214833512
