HitRate: 2805818/3000000 0.935273
CumReqs: 32510,52826,41817,43102,34450,36890,27660,31075,44995,52658,31500,48051,79881,37619,51238,43041,31234,31929,64622,77091,31735,48362,31313,42697,39893,90692,50770,38971,56751,40516,37554,77422,89878,35582,42221,52389,38592,59648,40258,34473,40434,42406,32174,66926,50077,59429,53296,39479,47725,53933,58552,44348,78001,67877,38618,50277,33205,47732,37020,27790,34023,30884,36526,55362
CumProbs: 0.0110993239342591,0.012479254528600497,0.013857017550831472,0.012740266336810633,0.012704862659018953,0.010331190567882231,0.012461101112181502,0.014243477594891443,0.013304376978361392,0.016657791663085078,0.011673640227826482,0.018111510024661798,0.016668990785652153,0.013032256363088681,0.0174865267330302,0.011313010418074367,0.011420756815027465,0.01055147008353109,0.020775456147488828,0.01930746793619138,0.010731107622122872,0.01705581209173033,0.010869109713107708,0.016450156318075917,0.014425824598620038,0.01758063548879289,0.015987018410635784,0.017688381885745157,0.014547028005754395,0.01530016899837234,0.013903349404676291,0.017502602892843337,0.02263306544550853,0.016686150731520424,0.014781758002134328,0.013902988142658397,0.011225675325154153,0.019715603701349078,0.015345417066162475,0.014287099983598934,0.013857107866336338,0.01202261933748883,0.011687006922502992,0.014063388478776312,0.017033684793109845,0.014362874691934074,0.01413220889325954,0.012466068464932992,0.01567669433692927,0.013516618414103274,0.020068376062202506,0.016951226737436813,0.015476013285772467,0.014701377203066503,0.014895555537894206,0.016721554409312018,0.015320399671396276,0.013749813046905852,0.014555156401166112,0.011899248358245131,0.01432936763973853,0.010520853127481512,0.016410869073587363,0.015571115512085417
