HitRate: 17132783/30000000 0.571093
CumReqs: 1237159,2440397,1588518,1502861,2226865,1648006,1585099,2628975,1520885,1547255,1415482,1351530,2371300,1288657,3800410,1846601
CumProbs: 0.015277517498539854,0.05486895521648021,0.0249422335592898,0.023327932113369386,0.04739587179208986,0.027308205153768857,0.026332380155961416,0.061287841083908445,0.024152143529478896,0.023637956896691896,0.020133783824490235,0.017614132705002217,0.05257199279292342,0.014924741017345127,0.10069097806554662,0.03558184161119055
