HitRate: 18803563/30000000 0.626785
CumReqs: 30000000
CumProbs: 0.6270340274297808
