HitRate: 20843229/30000000 0.694774
CumReqs: 435599,374721,357421,313089,584248,595917,713726,446334,509283,448670,464260,417648,357332,342497,397984,392038,396472,436493,490710,511585,740825,685710,667346,326858,351819,354672,354538,396381,426907,473084,1061488,1039838,1093747,470773,469429,421327,576133,566298,613289,492506,533363,429832,351643,314552,312317,310228,313469,338174,355463,346800,363109,368862,373995,498050,490592,476020,406017,452608,512888,415144,378309,326059,384117,379394
CumProbs: 0.0293772230562289,0.023349893362679005,0.02155608380880872,0.017062200462455678,0.0443284722056547,0.04532417493645466,0.0570314215781997,0.030509488841509183,0.03686551235705825,0.0309102439733494,0.03217128417017556,0.027431633141304188,0.021712183921407033,0.01985236725493505,0.02589812134332628,0.024951473972858833,0.025490461154094392,0.029407821296329368,0.034747852338980305,0.037129180828170495,0.05991626292534295,0.05448980412642944,0.052570918130137964,0.01858713820812721,0.02105869059887568,0.02132834781644586,0.02138368645175053,0.02553068065899649,0.02832274552412386,0.03336644815596197,0.09205364359097934,0.08998585706799522,0.0951924339682616,0.032976786931495,0.03281410901540983,0.027815992852512978,0.043200657073480205,0.04208570301976492,0.046847312785649756,0.035074288109036414,0.03922088961159644,0.028636549293454033,0.02069062813212679,0.01708504278501191,0.017200137983336528,0.01666625596301619,0.017181255433028463,0.019523346179030888,0.02127219104637902,0.0201703598742469,0.022009395917762936,0.02229548128135488,0.0230334061113293,0.035629114379264984,0.03507952417151344,0.03328391472116691,0.026380166345123388,0.030828234144802045,0.036806639379581695,0.0271938504540633,0.02376822202920795,0.01845780746494309,0.02419309577383335,0.02390252703174533
