HitRate: 39670/3000000 0.013223
CumReqs: 3000000
CumProbs: 0.013320063293932474
