HitRate: 32918/3000000 0.010973
CumReqs: 3000000
CumProbs: 0.008938368055555068
