HitRate: 2913043/3000000 0.971014
CumReqs: 3000000
CumProbs: 0.9958950951524007
