HitRate: 2810054/3000000 0.936685
CumReqs: 3000000
CumProbs: 0.8636425781243071
