HitRate: 2964302/3000000 0.988101
CumReqs: 46493,42914,45270,48911,48066,48301,50360,44639,47527,49237,46594,49829,42004,49558,44592,46652,46537,49802,46249,46731,49459,45799,48921,50812,42857,45388,46046,48969,45635,46534,43374,48226,44687,41849,46431,49144,48127,44909,47232,46966,50018,45602,45964,44660,45735,44307,47844,48694,46539,49890,45123,48314,43131,46970,50484,45191,47072,48364,46288,48646,46780,49373,49442,43938
CumProbs: 0.014835126100774879,0.014632611591858698,0.014382772983356934,0.015708500517954128,0.01562331713870007,0.014913945204567389,0.015585947418682494,0.014120858570133312,0.014374776842392488,0.016372017031453873,0.015135715726418386,0.015213882084009731,0.01396811595905712,0.01583464372133218,0.015467637169718574,0.015285684166139582,0.014463223952652439,0.014976772026431032,0.014676019214237135,0.015270997376613022,0.01642537903340038,0.014741783394006069,0.015143711867382842,0.01511335916902802,0.01434801424814407,0.014493739837557525,0.015533074976386875,0.015086107015128717,0.015056407062974946,0.015335129690878973,0.013811130497673284,0.015689407691569634,0.0140955646548376,0.014018540603098354,0.014022620266855683,0.015527037074025987,0.015149423396643179,0.014734439999242805,0.014715999919059468,0.014797266821106412,0.015705236786948195,0.015147301971489347,0.015366951068186524,0.014667207140521256,0.014929774299945995,0.014291062142091119,0.015430104263150756,0.015623153952149747,0.015221388665323271,0.015350958786257638,0.015110258624572371,0.015604224312315543,0.013978396711725766,0.015319953341701519,0.014938912746762551,0.014968449512365943,0.015033560945933652,0.015984448974503067,0.01497334510887479,0.015234769962447508,0.014952294043886746,0.015356833502068226,0.014979546197786006,0.01448068491353396
