HitRate: 2125377/3000000 0.708459
CumReqs: 95320,95618,95190,94728,93883,92479,91984,90196,91598,92485,96548,95522,97207,94999,94691,93984,95264,95470,92824,92023,93725,93378,92465,89896,90561,91847,96211,96573,94057,91461,92181,95632
CumProbs: 0.0172179487689669,0.01766231716230323,0.01697752557107971,0.017097239742717336,0.018034061168967424,0.01718180238473283,0.017194735494688137,0.01648606739277789,0.016313294308503083,0.016988468971811124,0.01806258033450991,0.016634963966365948,0.016687691260799133,0.017838074810413884,0.017465999185545682,0.01664325442146551,0.01652552995905179,0.017184786948568665,0.016159423461855286,0.016110675585869875,0.015651715991558332,0.016977193952875728,0.01627615306965706,0.01568189324812071,0.0160934314392628,0.01608281965673537,0.018750688107773254,0.018590516515249816,0.017232539969942125,0.01707468970484653,0.017011019009681917,0.016758325938247387
