HitRate: 2111528/3000000 0.703843
CumReqs: 3000000
CumProbs: 0.7032293984784
