HitRate: 2911277/3000000 0.970426
CumReqs: 3000000
CumProbs: 0.9843050194375615
