HitRate: 13204/3000000 0.004401
CumReqs: 93425,93567,93658,94230,93751,93916,93497,93375,94125,93702,94252,93495,93938,93892,93324,93864,93965,93334,93560,93711,93636,93458,93450,93187,94107,93712,94011,93798,93975,94277,93837,93971
CumProbs: 0.00042652638449958895,0.0004091606077394369,0.00040409609586764293,0.0004395036265274038,0.00040425299200627125,0.0003992861333327939,0.0003963532822766925,0.0004025138970478108,0.0004102504174326476,0.00039735867620513626,0.000442590769636845,0.0004561294090514253,0.00041033852231823955,0.00040774810847756757,0.0003974700008512169,0.0004126155778958697,0.0004602796699798705,0.0004615988561855709,0.0003987876680071657,0.00043286559612007225,0.0003609934931805531,0.0003817434957801355,0.00044489755518818485,0.0004250181851033696,0.0004423286250511424,0.0004284553606769982,0.00038385888106277525,0.00042805628460654526,0.00039885363816780605,0.00037053507868449096,0.0004342826525311964,0.00043772373423275765
