HitRate: 1795079/3000000 0.598360
CumReqs: 186103,175181,146147,156448,177122,260142,250883,232820,152852,167538,206512,199106,185979,148998,161638,192531
CumProbs: 0.1081952119392951,0.09730537480191466,0.06897705082909383,0.08223643893756176,0.10262939113434535,0.18430848404871003,0.17269688713277995,0.15879047277092306,0.0768323746959591,0.09444822909778036,0.13198704486037618,0.1221820063593247,0.11068865448764853,0.07755612736851297,0.08807727911510188,0.11570543299441953
