HitRate: 2314111/3000000 0.771370
CumReqs: 3000000
CumProbs: 0.3342120757744798
