HitRate: 2809905/3000000 0.936635
CumReqs: 3000000
CumProbs: 0.8639062500005823
