HitRate: 2792657/3000000 0.930886
CumReqs: 3000000
CumProbs: 0.9653156025778707
