HitRate: 303747/3000000 0.101249
CumReqs: 23504,23490,23679,23754,23617,23573,23584,23176,23041,23483,23298,23480,23471,23439,23420,23315,23570,23468,23476,23574,23467,23646,23428,23275,23459,23453,23236,23625,23466,23355,23329,23415,23307,23455,23333,23461,23402,23590,23284,23494,23428,23683,23417,23620,23788,23548,23402,23693,23567,23521,23426,22992,23110,23311,23274,23513,23489,23387,23225,23546,23528,23471,23318,23413,23317,23527,23613,23359,23388,23147,23244,23577,23374,23339,23235,23763,23404,23385,23579,23410,23364,23267,23296,23524,23706,23316,23700,23270,23224,23552,23497,23565,23415,23403,23556,23443,23295,23457,23385,23373,23786,23440,23538,23414,23431,23780,23499,23548,23033,23279,23357,23231,23082,23439,23294,23555,23425,23727,23227,23497,23279,23413,23495,23385,23243,23568,23640,23564
CumProbs: 0.000881517312494605,0.0008897220529310775,0.0008900502425485361,0.0009199154977372957,0.0008834864501993584,0.0008785636059374748,0.0008713434343533788,0.0008746253305279678,0.0008339298179630643,0.0008647796420042008,0.0008523084365407629,0.0008903784321659954,0.0008611695562121534,0.0009074442922738577,0.0008930039491056662,0.0008460728338090437,0.0008864401567564881,0.0008437755064868317,0.0008864401567564885,0.0008506674884534685,0.0008818455021120638,0.0008887374840787006,0.0008683897277962491,0.0008628105042994476,0.000890378432165995,0.0008864401567564878,0.0008670769693264129,0.0008890656736961596,0.0008998959310723033,0.0009041623960992693,0.0008782354163200161,0.0008838146398168173,0.0008683897277962487,0.0008690461070311673,0.0008946448971929611,0.0008762662786152628,0.0008772508474676392,0.0008959576556627965,0.0008690461070311669,0.0008857837775215701,0.0008995677414548449,0.000881845502112064,0.0008575594704201051,0.0008811891228771458,0.0008710152447359205,0.0008897220529310777,0.0008969422245151737,0.0009126953261531997,0.000884471019051735,0.0008867683463739468,0.0008759380889978035,0.0008710152447359205,0.0008490265403661735,0.0009067879130389401,0.0008470574026614202,0.0008565749015677286,0.0008998959310723041,0.0008660924004740363,0.0008788917955549332,0.000879219985172392,0.0008775790370850977,0.0009182745496500022,0.0008841428294342757,0.000877907226702557,0.0008874247256088647,0.0008982549829850086,0.000911054378065906,0.0009077724818913167,0.0008870965359914061,0.0008795481747898512,0.0008654360212391195,0.0008893938633136183,0.000880860933259687,0.0008962858452802547,0.0008749535201454271,0.0009097416195960701,0.0008841428294342763,0.0008739689512930498,0.0008880811048437823,0.0008847992086691936,0.000885127398286653,0.0008982549829850085,0.0008795481747898508,0.0008719998135882964,0.000895957655662797,0.0008926757594882065,0.0008687179174137082,0.000854277574245516,0.0008828300709644404,0.0008825018813469819,0.0008953012764278783,0.0008864401567564885,0.0008746253305279681,0.0008838146398168174,0.0008936603283405841,0.0008966140348977144,0.0008667487797089542,0.000904162396099269,0.0008831582605818997,0.0008818455021120643,0.0008884092944612419,0.0009064597234214811,0.0008559185223328112,0.0008585440392724815,0.0009054751545691049,0.0008900502425485359,0.0008785636059374747,0.0008529648157756803,0.000854605763862975,0.0008736407616755907,0.0008539493846280567,0.0008742971409105092,0.0008539493846280572,0.0008966140348977149,0.0008713434343533797,0.0008998959310723034,0.00087396895129305,0.0009120389469182822,0.000855590332715352,0.0008788917955549341,0.0008926757594882071,0.0008913630010183717,0.0008861119671390296,0.0009090852403611528,0.0008880811048437826,0.000854605763862975,0.0008841428294342756,0.000870030675883543
