HitRate: 1822406/3000000 0.607469
CumReqs: 3000000
CumProbs: 0.11840656739032615
