HitRate: 2489969/3000000 0.829990
CumReqs: 22914,23736,24374,23260,23727,23256,23551,22931,23511,23244,23499,23216,23268,24219,23698,23586,23785,22864,23409,23794,22994,24116,23488,23670,23518,24112,23594,22392,23217,23423,23633,24053,23927,22599,23862,23149,23272,23539,23346,22666,23804,23516,23131,24117,23315,23208,23222,23572,23121,23327,23844,23798,23622,24331,23425,24177,23478,24190,22967,23521,23572,23476,24013,23002,22681,23999,22721,23433,23443,23607,22934,23238,23372,23228,22668,23581,23370,23227,23285,23612,23027,23077,23446,23828,23875,23479,23292,23664,24194,23620,24214,23519,23770,23043,23425,23284,23153,23132,22894,23920,23997,22809,22904,23587,23485,23165,23340,23188,23888,22718,23633,23159,23178,22922,24299,23729,23146,22611,23231,23486,23062,24309,22948,23209,24189,22828,23136,23428
CumProbs: 0.0047108282162568035,0.0046375462975176565,0.004928542134838203,0.004663394828854729,0.004837139596192638,0.004649804363924937,0.004753198489273247,0.004664727227377261,0.004772385027997689,0.0047150918915288996,0.004688976880487309,0.004825414489194379,0.004812623463378096,0.00484033735264671,0.004876045633050508,0.004807560348992478,0.004791838046426619,0.0045866486739570105,0.004737209707002899,0.0048768450721640415,0.004689509839896325,0.0048523289393494805,0.0047926374855401365,0.004900561765865069,0.004814755301014153,0.005025807226982875,0.0047977005999257595,0.004634082061359069,0.004727349957936181,0.0047907721276085995,0.004783044216177926,0.0048496641423044174,0.0048888366588667985,0.00459597546361472,0.004747069456069613,0.004627686548450939,0.004779313500314843,0.004765190075976017,0.004694572954281936,0.004702833825121616,0.004704699183053167,0.004657265795651094,0.00469457295428194,0.004976774961353773,0.004763591197748996,0.00466952386205837,0.004782511256768918,0.004726550518822646,0.004701234946894586,0.004773450946815715,0.004850730061122444,0.004735610828775861,0.0046983036701450254,0.004901627684683093,0.004688177441373791,0.004907223758477699,0.004755596806613809,0.004890702016798344,0.00466232891003671,0.004777181662678793,0.004890169057389331,0.004657798755060119,0.004767854873021087,0.004682314887874656,0.004540547685077474,0.004718822607391984,0.004606368172090455,0.004612763684998597,0.004677784732898053,0.004763324718044476,0.004650070843629437,0.004710295256847802,0.00464634012776636,0.004631417264314006,0.0046612629912186855,0.004826213928307891,0.004770253190361636,0.004796368201403231,0.004647406046584379,0.0047910386073131105,0.0048174200980592025,0.004621291035542786,0.004794502843471687,0.00486005685078016,0.004811291064855554,0.004831010562988997,0.004753198489273255,0.004842469190282764,0.004854993736394547,0.004852861898758498,0.004870183079551373,0.004635947419290617,0.004737742666411909,0.004597041382432742,0.00466312834915024,0.004686845042851261,0.0048667188433928026,0.0045789207625263504,0.004632216703427534,0.004792903965244646,0.004911220954045296,0.004613296644407618,0.0046388786960401855,0.004764124157157994,0.004723619242073091,0.004721487404437042,0.004731080673799261,0.004784376614700451,0.004729748275276735,0.004470463522792407,0.004712693574188334,0.004752399050159733,0.004621024555838282,0.004606101692385948,0.004823282651558321,0.004716957249460438,0.004711894135074838,0.004548542076212658,0.004698037190440511,0.00477984645972385,0.004641809972789752,0.004809425706924023,0.004663927788263747,0.004712960053892846,0.004810758105446547,0.004621291035542783,0.004646073648061847,0.0047865084523365
