HitRate: 1979370/3000000 0.659790
CumReqs: 127922,135069,145376,165340,211539,455392,133182,142103,157918,190157,289669,129307,138692,151421,175701,251212
CumProbs: 0.021095644873264215,0.02393620565580106,0.028211039739865128,0.03284635784535835,0.04805165382872678,0.12815873290865962,0.023574722140782003,0.02730183373757296,0.03111090380873691,0.042129654308483706,0.07095404994802634,0.020190103680801725,0.019924238385884488,0.02852588022068819,0.03744236253631493,0.06123097630533862
