HitRate: 16806876/30000000 0.560229
CumReqs: 30000000
CumProbs: 0.4396385416728527
