HitRate: 2427243/3000000 0.809081
CumReqs: 3000000
CumProbs: 0.8059339192231052
