HitRate: 2769795/3000000 0.923265
CumReqs: 375095,374845,375493,374383,373799,375590,375573,375222
CumProbs: 0.10916666666666691,0.1100000000000002,0.10944444444444469,0.10944444444444469,0.10916666666666688,0.10944444444444466,0.11027777777777802,0.10944444444444465
