HitRate: 2511413/3000000 0.837138
CumReqs: 335477,340520,352185,355917,362774,411746,414268,427113
CumProbs: 0.27397426068811737,0.2801387122965747,0.29266372332359397,0.2944484338396649,0.30162513830292936,0.3505579202475488,0.35460207751306794,0.3674937389507322
