HitRate: 2722463/3000000 0.907488
CumReqs: 3000000
CumProbs: 0.9077083124649339
