HitRate: 330887/3000000 0.110296
CumReqs: 3000000
CumProbs: 0.08953255208335184
