HitRate: 2706165/3000000 0.902055
CumReqs: 3000000
CumProbs: 0.914836498883852
