HitRate: 16809972/30000000 0.560332
CumReqs: 30000000
CumProbs: 0.43969479167705705
