HitRate: 1511110/3000000 0.503703
CumReqs: 3000000
CumProbs: 0.5060674549540952
