HitRate: 24046426/30000000 0.801548
CumReqs: 30000000
CumProbs: 0.8108893795281936
