HitRate: 1498960/3000000 0.499653
CumReqs: 375099,375318,375186,374598,374176,375517,375540,374566
CumProbs: 0.06250000000000143,0.06250000000000143,0.06250000000000143,0.06250000000000143,0.06250000000000143,0.06250000000000143,0.06250000000000143,0.06250000000000143
