HitRate: 29400508/30000000 0.980017
CumReqs: 1875870,1874284,1871919,1873654,1875639,1874737,1875256,1879241,1874216,1875416,1874890,1874787,1874014,1873854,1874959,1877264
CumProbs: 0.06127619200590683,0.06123257668822566,0.061268459675761694,0.06123205932166729,0.06127327278804054,0.06120792853498501,0.061228347270214464,0.06127676263602113,0.06128414999436348,0.061228242288231746,0.06124577657100385,0.06123966284185349,0.06125402869824706,0.061251321380098644,0.06121387821134084,0.06123218366984835
