HitRate: 16809702/30000000 0.560323
CumReqs: 235529,234920,234853,233925,234198,234790,234178,233657,234531,233955,233905,233611,234257,233549,233838,234826,233546,235241,234904,235037,234344,234782,234974,234535,233847,234090,234434,233276,234185,234859,234937,234225,234773,234697,234885,234582,234576,234396,235746,234582,234083,234363,234275,234397,235827,234715,233799,234476,234475,234990,234890,233876,234552,234498,234647,234329,234821,234393,234141,234724,234669,236107,233373,233817,235424,233914,233287,234534,234371,234336,233791,234442,234358,234296,234342,233953,234872,234510,234056,234026,234478,234229,233883,234348,233540,234735,235048,233911,233460,234554,234045,234618,233675,234330,234740,234790,234177,234779,234656,234235,234443,234615,234400,234409,233768,234683,233398,234230,233928,234081,233627,234025,234237,234427,233635,234177,233946,235117,234961,234136,234267,234381,234508,234282,234052,234889,234006,234417
CumProbs: 0.003436718749999684,0.003417317708333019,0.0034294270833330177,0.0034300781249996847,0.003429036458333019,0.003435546874999684,0.003429947916666352,0.003419401041666352,0.0034425781249996833,0.0034361979166663515,0.003427213541666351,0.0034282552083330178,0.0034343749999996833,0.003430208333333018,0.0034488281249996835,0.0034378906249996843,0.0034119791666663525,0.0034425781249996833,0.0034492187499996817,0.0034365885416663498,0.003430989583333017,0.003425781249999685,0.0034477864583330174,0.0034235677083330183,0.003433984374999684,0.003432812499999684,0.0034321614583330182,0.003438932291666351,0.0034338541666663505,0.003447786458333017,0.003432421874999684,0.003445052083333016,0.0034419270833330167,0.003435546874999684,0.00344166666666635,0.00343971354166635,0.0034162760416663533,0.003444140624999684,0.0034335937499996843,0.00344401041666635,0.0034536458333330154,0.003438541666666351,0.003426822916666351,0.00344752604166635,0.0034395833333330165,0.0034454427083330163,0.0034328124999996844,0.0034507812499996824,0.0034421874999996833,0.0034391927083330174,0.0034274739583330183,0.0034440104166663502,0.003440234374999684,0.0034246093749996857,0.0034312499999996854,0.0034436197916663503,0.003435546874999684,0.00342044270833302,0.0034334635416663505,0.003431249999999685,0.0034234374999996845,0.0034382812499996838,0.003436979166666351,0.003430468749999685,0.0034282552083330178,0.0034414062499996834,0.003440364583333017,0.003428645833333018,0.0034201822916663516,0.0034350260416663504,0.003431380208333018,0.0034328124999996844,0.0034369791666663506,0.0034341145833330176,0.003428124999999686,0.0034368489583330164,0.0034395833333330165,0.0034473958333330152,0.0034220052083330185,0.003435286458333017,0.003422005208333019,0.0034346354166663504,0.0034369791666663515,0.003436328124999684,0.0034257812499996843,0.003437890624999684,0.003423046874999685,0.003420312499999685,0.003431901041666352,0.003434505208333017,0.003436588541666351,0.003431640624999684,0.003446874999999683,0.003445052083333016,0.00343658854166635,0.003431770833333018,0.0034300781249996842,0.003435156249999684,0.0034292968749996848,0.003438020833333017,0.003439973958333017,0.0034447916666663497,0.0034354166666663508,0.0034322916666663507,0.0034369791666663506,0.003426953124999684,0.003424088541666353,0.0034550781249996824,0.003434765624999685,0.00341731770833302,0.003444921874999683,0.0034246093749996844,0.0034406249999996835,0.0034356770833330157,0.0034552083333330144,0.0034411458333330164,0.003436588541666351,0.003442187499999683,0.0034390624999996837,0.0034339843749996834,0.003437499999999684,0.0034479166666663494,0.0034440104166663494,0.003433593749999684,0.0034329427083330177,0.0034296874999996847,0.0034427083333330166,0.003429687499999684
