HitRate: 2431332/3000000 0.810444
CumReqs: 16705,18781,19952,20026,17921,18032,22060,24602,21576,21209,23564,30886,28793,23741,21182,18018,19026,20512,23577,25755,21776,20730,17681,16946,20939,22803,26440,25720,25366,20948,16191,17439,22074,22945,19763,20370,21395,35135,47156,44502,33511,19025,20132,20439,18945,22294,22127,33048,32332,30870,27190,28712,30727,27512,28141,25461,18228,12538,14400,17765,19386,19273,30643,29777,32922,20081,22851,17795,20242,25180,27010,26153,19410,22696,24477,24911,20106,23935,28909,28746,20384,17794,18787,20208,17180,20301,29273,32051,27324,17387,16096,23749,33958,36287,38412,27710,27042,20849,22278,22064,21363,20118,18787,21174,23486,22723,18015,15663,15811,15178,14708,19149,24565,24688,22389,18693,28444,27665,25405,21454,27435,29176,24436,21986,25364,28794,24246,19814
CumProbs: 0.015426947680910642,0.017494700517108094,0.01521538677987563,0.01634850591978251,0.013681897133807392,0.010329349851645835,0.015001210787356901,0.020207334913197064,0.017095899065836927,0.016867340070157638,0.01795103398102169,0.01845287003675231,0.015906816968177893,0.015577053932077678,0.012233920979257547,0.01241148569100383,0.010706969061898622,0.014589595387815384,0.018120753418316756,0.01828628870923782,0.014550892033855978,0.0130704887449077,0.011726854740559345,0.011692597042122268,0.01218867989658878,0.013058720833230853,0.012129578829056124,0.013834879985606443,0.013976094925728728,0.01437594241359334,0.010239652213753338,0.013512700714809037,0.014972444781035696,0.015851900047019273,0.014450211011731755,0.016004098371373243,0.017318704860252047,0.028193301286258705,0.02639124174480974,0.02356145125024888,0.016178524973339027,0.013770548735106315,0.015064496001263526,0.015165700041684492,0.014106064972470854,0.016719064383029204,0.015146871383001513,0.022289732261703568,0.016322878023241786,0.013884566723797587,0.01791886835577163,0.018508832994504478,0.02113464635333319,0.016736062477673574,0.0170564111844323,0.012578590036815161,0.008586652886877915,0.00830474602493019,0.010429769364621637,0.013648423962815388,0.015153409111710828,0.018371540691607922,0.02224187608755098,0.02138752569981143,0.022959980208987506,0.011728685304597971,0.01459587160737635,0.014022382044990988,0.015005394933730841,0.020361886819886443,0.021484545593858227,0.02661143244774112,0.013005634476110845,0.013395544616337256,0.014535201484953473,0.018831796792747137,0.01482364607561058,0.0176034883228319,0.019156329645879835,0.01871254862108828,0.012325972199485414,0.011961951464948035,0.009368826749666152,0.013112853226944396,0.011237571123950576,0.013377500485099393,0.012668287674707655,0.015908909041364876,0.018886452204757275,0.010103405947450206,0.009838497180146814,0.014326517184550566,0.018769296106285534,0.019464125913516664,0.025750544331292112,0.017595643048380634,0.020247084303750097,0.01459404104333774,0.016208075507105367,0.016738416060008886,0.017372837253965573,0.01637596438036185,0.01352603768137615,0.011617543916538789,0.013842986769206074,0.013414896293316957,0.012723466105014684,0.010209840170838655,0.009684206782605816,0.010499330798089257,0.012070216252375083,0.017891932913488943,0.018928032159348938,0.02190740588677989,0.016230565293865625,0.013580693093386402,0.021049132861814795,0.017797266601777398,0.011626435227583507,0.012495691636780458,0.016375702871213458,0.013609982118004372,0.012016345367809928,0.016271099211863583,0.018942153653361098,0.02030592386213428,0.017115250742816657,0.01571460774412262
