HitRate: 1883007/3000000 0.627669
CumReqs: 3000000
CumProbs: 0.6240744826085713
