HitRate: 650782/3000000 0.216927
CumReqs: 46848,46617,46736,46714,46919,47174,47011,46989,46653,46534,46980,46696,46574,47132,46857,47117,47043,46567,46529,47016,47099,47095,46675,46856,46747,47054,46857,46833,47049,46914,46991,46981,47103,46885,46844,46591,46752,46834,47016,46491,46924,47416,46828,46875,46992,46576,46505,47209,47017,46820,47189,47241,47011,47189,47080,46729,46881,46957,46911,46664,46516,46617,46275,47205
CumProbs: 0.009675387039810473,0.010142783624613861,0.00990627001691213,0.009948467199415091,0.009976300306938258,0.01052367028956158,0.00977789380902998,0.009897574544029713,0.010045940032992137,0.009986981146679653,0.010450895202730386,0.01062716974221058,0.010428844611796525,0.010459221809639,0.010154793466760875,0.009891016323995513,0.010584381289249609,0.010784865370510335,0.0104233495936868,0.010329782399832368,0.009696070656841428,0.010154679552268966,0.010256551655033547,0.009988418639077564,0.010723714986353515,0.010426577170957574,0.010296850262671357,0.009350356447395607,0.010313790974968155,0.010297170308148631,0.010456661445820843,0.009990821692406891,0.010647674350754251,0.010448275169416477,0.010027773383782412,0.009878594219877784,0.010052943061994746,0.010596689478875421,0.010398592177445187,0.010003921858976453,0.010284585469042457,0.010378098417900751,0.009619015639814227,0.010352961286686096,0.010585731989653676,0.00996212608944497,0.01027243458990547,0.010395825682641675,0.009949790777321084,0.010047296157895813,0.010248089435634572,0.010035942680202189,0.009880856236217128,0.010331957624177872,0.00992024895241928,0.010253123371277042,0.01004721479040159,0.009969286428936412,0.010710614819783939,0.009898154965488492,0.009933105016506192,0.010186233866527832,0.010141167123728674,0.010013013320330734
