HitRate: 2280572/3000000 0.760191
CumReqs: 3000000
CumProbs: 0.7655437660090559
