HitRate: 26349763/30000000 0.878325
CumReqs: 1401439,689177,692681,748855,957097,947197,881732,936973,1065005,1092589,841597,751744,713149,717764,733625,725480,784380,950003,1013429,933169,863436,935647,934629,909571,790249,820812,831253,882057,1246260,1109937,1751123,1347941
CumProbs: 0.1292686302718359,0.05801550018772411,0.05841798725288498,0.06378324692020543,0.08480605443443333,0.08358426689288227,0.07726387920760276,0.08258363334683204,0.09564357635783335,0.09844094615553776,0.07303674581442092,0.06424085740109604,0.060438059468580344,0.060937500583177207,0.06240519023708459,0.0615103821651898,0.06734947352688277,0.08388253625018029,0.09051681159388136,0.0824048841872865,0.07540937820988511,0.08267352470862883,0.08256784278503591,0.08010982651541619,0.06801371068642148,0.07102864571558105,0.07236495789533152,0.0770821729064826,0.11358119519796149,0.10010745333752882,0.16415144549817487,0.12384284968766303
