HitRate: 949245/3000000 0.316415
CumReqs: 187556,187766,187234,187254,186655,187012,187976,186729,188161,188288,187999,187102,187581,186370,188450,187867
CumProbs: 0.006629690283179446,0.00633187606009067,0.006392369574155574,0.0067330610682024535,0.006840420436570392,0.006845738547696973,0.006433584935386605,0.0065795006094222985,0.006693839998643887,0.006634011248469794,0.006575179644131941,0.006533631900955499,0.006617392151199217,0.006513688984230801,0.006543935741263258,0.006408323907535336
