HitRate: 302802/3000000 0.100934
CumReqs: 3000000
CumProbs: 0.10177160119879482
