HitRate: 14074611/30000000 0.469154
CumReqs: 2295114,1838493,1756225,1846478,1772037,1792318,1821091,1953759,1911859,1898795,1495195,1436777,1712659,1671470,2486001,2311729
CumProbs: 0.13168418828024067,0.0863669114589626,0.07494511117756548,0.0839308961005559,0.07722463932463637,0.0742872050844214,0.08399504386073937,0.09463007602892502,0.09423765835416095,0.09074172205645253,0.051818893911334506,0.044742146331404595,0.07226860003461638,0.06670114095039047,0.14909065801339483,0.1307560285065314
