HitRate: 2162691/3000000 0.720897
CumReqs: 292854,290174,245737,142168,205581,177832,177650,132416,146691,151591,133221,130586,153767,201759,195198,222775
CumProbs: 0.2406039286616747,0.23804444680879355,0.195776090223564,0.09167154313681157,0.15169867404343604,0.12794283890359215,0.12797941242967903,0.07338145522735436,0.09620965275099413,0.09856798021039755,0.07973327924884627,0.07526000452181773,0.1042674655211395,0.1500877764626086,0.14463566118285429,0.17103409982577705
