HitRate: 548587/3000000 0.182862
CumReqs: 187242,187295,188027,186986,187884,187222,187913,187594,187549,188224,186838,188443,186372,187558,187043,187810
CumProbs: 0.028375000000000865,0.029000000000000893,0.02851388888888976,0.028472222222223086,0.02872222222222309,0.028166666666667527,0.02862500000000088,0.028430555555556423,0.028736111111111975,0.02841666666666753,0.02812500000000086,0.02820833333333419,0.027833333333334192,0.028375000000000865,0.028222222222223054,0.028597222222223096
