HitRate: 2939809/3000000 0.979936
CumReqs: 46798,47301,46619,47258,46786,46652,46740,46709,46751,46795,47153,46710,46516,46678,47174,46999,47356,47047,47048,46884,46915,47165,46842,47094,46782,46632,47617,46871,47015,47129,46974,46617,46657,47191,46676,46820,46810,46926,46999,46899,46941,46807,46764,46723,46457,46718,47346,46756,46756,46597,46439,46806,46840,46920,46806,46882,46816,46845,47062,46981,46873,46795,46822,46643
CumProbs: 0.015282581846850322,0.015313097754586232,0.015292997374211343,0.01532534843122432,0.015325730044185219,0.015307396183517376,0.015325949658809238,0.015304811100211478,0.015309997271347457,0.015317349749780522,0.015307189806533669,0.015300748663687287,0.015306096127875918,0.015321087430094343,0.01532010892975843,0.015315868273362693,0.015309123478576915,0.015316869831064037,0.015267027293884149,0.01530377986632458,0.015331419788181932,0.015334818877866096,0.015300574946783562,0.015307909087829603,0.015310523793068449,0.015296569909536116,0.015325022155940442,0.015298304040426319,0.015307897152252163,0.015317654866540839,0.015338533609319758,0.015312698346764507,0.015301756840208782,0.015291803816471859,0.015288955228168704,0.015304006913558202,0.015303625734618322,0.015275689322167888,0.015305897563270235,0.015321943916277666,0.015301138034773468,0.01528659914519096,0.015326786776805598,0.015323763495051537,0.015333577306553927,0.015326249567317632,0.015303607071715507,0.015316626562295663,0.015317445180147058,0.015289188351696233,0.015323013235506994,0.015301061267309797,0.015305537488601223,0.015315191146356037,0.015307440182395847,0.015300753763433983,0.015293030197049164,0.015299055927549564,0.015311903383057402,0.01534115216649495,0.015302040147414042,0.015324187316554315,0.015335162785253001,0.015342544126082281
