HitRate: 16178658/30000000 0.539289
CumReqs: 30000000
CumProbs: 0.4605940972173257
