HitRate: 11486900/30000000 0.382897
CumReqs: 234209,235314,233839,234042,235030,234218,234568,234663,235156,233787,233270,234001,233793,234500,234504,234107,234058,235213,233513,234963,234303,234299,234312,233812,234701,234146,234110,234921,234558,234040,234452,234345,234690,234334,234328,234519,233644,234318,234366,234624,234329,234205,234302,234072,234222,233987,233969,235472,234065,234227,233842,234516,234528,234551,233825,234449,234415,234263,234393,234557,234648,233615,234454,233985,233575,234859,234095,234068,233651,233966,234879,234973,233867,233865,233950,234619,234587,234656,234873,233316,234173,234453,234654,234239,234625,235555,233843,235015,234883,234247,234736,233565,234124,234579,234557,234528,234646,234227,234839,234698,234181,234241,234597,234325,233911,234713,235074,235027,234703,234211,234310,234420,234464,235082,234418,233925,234373,234528,234705,234253,234421,233740,234789,234325,235468,234515,234693,234142
CumProbs: 0.008949148899996415,0.0089550953053985,0.008941113183889314,0.008956328180954435,0.008963269707785038,0.008963970369943711,0.008964679184358644,0.00897651430247246,0.008988007578812284,0.008945544237692109,0.008997065925549483,0.00897962978560701,0.00893640943023994,0.008971116155241106,0.009000676214883959,0.008940868558836284,0.008996659472145235,0.008940738801993264,0.008962022034606198,0.008956842933427751,0.008942868096797734,0.008999917236120283,0.008967360492078247,0.008954678140739594,0.008973403062498527,0.008953726588206114,0.008979130054416464,0.008974291232242032,0.008959752174454607,0.00895112283169541,0.008970085194810665,0.008948319650698536,0.008964845295339963,0.00898087410619527,0.008960210031627171,0.009009427498058942,0.008983929103944079,0.00897690639743521,0.008962081233642987,0.008941480878236397,0.008976977537245042,0.008953354887785758,0.008975537953815688,0.008957186499375599,0.008975093823032009,0.00897972350352427,0.008978517558964054,0.009009875007203641,0.00898642883330089,0.008979172078038224,0.008974793791528138,0.009002031350001445,0.008967476031538761,0.008930271653323843,0.008968279951130994,0.008963262984700023,0.008961136597607994,0.008990674484416549,0.008984746697435136,0.008967856459030216,0.008971122514285721,0.00897879351577966,0.008977771260718973,0.008948079471171575,0.008976499234260533,0.008956391858747519,0.008965708368124818,0.008939708493824628,0.008944416617316518,0.008948141139010745,0.008970878479645618,0.008988771413800436,0.00895465736086216,0.008980252359854751,0.008946682660603701,0.008969338455620835,0.008983671169710916,0.008952566179905818,0.008973453620591682,0.008943298029323282,0.008960113415491768,0.008986502750750795,0.008963454189384639,0.008956357523515033,0.008947476668636833,0.008954359830441346,0.008959114683497471,0.008971002455107497,0.008952557167732987,0.008919602626150217,0.008982588433740455,0.008944975391972266,0.008980309664768754,0.008977614389503653,0.008984490333024956,0.008957508755390194,0.00897106316632306,0.008980889870749943,0.008976736595050492,0.008960575890716327,0.008923487472019258,0.008935640627672157,0.008971077117999517,0.008963345557877705,0.008974378918127232,0.008936832908641626,0.008970251121059068,0.00892697015796486,0.008959422141617794,0.008975117280587497,0.008963471684216857,0.008941889157132907,0.008952320414445731,0.008941725874518448,0.008955718216695665,0.008948418607055619,0.008986458221298815,0.008994909524781849,0.008956836578180916,0.008922984795274352,0.008952391224259127,0.00894964084242887,0.008945382193683519,0.00895371065438059,0.008985595369189664,0.00896127593560678,0.008973462705057252,0.008987247634880081
