HitRate: 1712240/3000000 0.570747
CumReqs: 189972,188455,187056,183836,186104,189758,193538,191451,186043,184534,187445,187701,187904,184150,185672,186381
CumProbs: 0.010723214214551961,0.01030212299051815,0.010519310419948837,0.009343044555967945,0.00950278026476941,0.010389794980380073,0.010640523587750368,0.011058625993947975,0.01026227208603545,0.010143051463458048,0.010065342199716798,0.010492743150293698,0.00998231948204451,0.01008858856066503,0.011231645337577013,0.010064013836234037
