HitRate: 302990/3000000 0.100997
CumReqs: 375437,375959,374978,374671,375385,375000,375392,373178
CumProbs: 0.012621180416904933,0.012602197191748226,0.012746736134169446,0.012853641665315082,0.012789698170050406,0.01273974231437487,0.012610190128656313,0.012642827954364324
