HitRate: 2655754/3000000 0.885251
CumReqs: 637797,220773,291068,283808,652193,261477,223656,429228
CumProbs: 0.1972001031330833,0.05986975289645937,0.08241730639674631,0.08007917959295698,0.20251644723162532,0.07369025142847638,0.0598198497916545,0.12714545923332196
