HitRate: 719808/3000000 0.239936
CumReqs: 23034,23218,23332,23519,23651,23482,23218,23295,23252,23486,23496,23282,23625,23331,23478,23391,23381,23395,23636,23644,23534,23383,23776,23768,23311,24001,23875,23804,23067,23092,23395,23658,23890,23456,23374,23436,23595,23681,23491,23532,23227,23460,23253,23391,23259,23611,23316,23444,23196,23503,23326,23880,23624,23815,23642,23499,23862,23686,23529,23567,23587,23670,23518,23633,23152,23116,23086,23389,23422,23591,23258,23165,22911,23286,23242,23572,23139,23156,23226,23178,23751,23293,23437,23822,23677,23690,23364,23353,23248,23483,23815,23387,23618,23580,23346,23223,23486,23363,23138,23012,23551,23624,23188,23087,23436,23724,23565,23441,23497,22983,23253,23252,23736,22980,23449,23549,23637,23013,23377,23240,23308,23551,23214,23455,23735,23584,23641,23192
CumProbs: 0.00011197594344716447,9.403321066928052e-05,0.00013290913168802906,0.0001262636751036276,0.00010699185100886339,0.00010433366837510281,0.00012327321964064692,0.00011795685437312578,0.00011862140003156593,0.00011164367061794441,0.00010466594120432287,9.968184876602182e-05,9.735593896148129e-05,0.00012360549246986702,0.00013025094905426846,0.0001212795826653265,0.00014287731656463122,9.602684764460099e-05,0.00010366912271666265,0.00011529867173936522,0.00012360549246986702,0.00011995049134844623,0.00012991867622504837,0.00011396958042248487,0.00011928594569000609,0.00010333684988744261,0.00012925413056660823,0.00010034639442446193,0.0001262636751036276,0.00013423822300490936,0.0001349027686633495,0.0001249345837867473,0.00011662776305624549,0.00010965003364262395,0.00012061503700688636,0.00011662776305624549,0.00011230821627638455,0.00014354186222307138,0.00012294094681142683,0.00010865321515496373,0.0001262636751036276,8.273593447579808e-05,9.137502803551999e-05,0.00012493458378674734,0.00012094730983610643,0.00012460231095752722,0.00012825731207894803,9.602684764460103e-05,0.00014254504373541118,0.00012094730983610644,0.00010865321515496376,0.00010998230647184404,0.00013124776754192864,9.6026847644601e-05,0.00011596321739780538,0.00013490276866334947,0.00011862140003156593,0.00012061503700688636,0.00012294094681142688,0.00013025094905426846,0.0001222764011529867,0.00012028276417766627,9.669139330304111e-05,9.80204846199214e-05,0.00011828912720234586,0.0001395545882724305,0.00011795685437312579,0.00012294094681142685,0.00013257685885880897,0.00012194412832376666,0.0001355673143217896,0.0001179568543731258,9.96818487660218e-05,0.00011995049134844621,0.00012227640115298672,0.00012460231095752725,0.00014055140676009071,0.00011961821851922616,8.971366388941962e-05,0.00014188049807697104,0.00011828912720234588,0.00011430185325170497,0.0001129727619348247,0.00011197594344716448,0.0001093177608134039,0.00010566275969198311,0.00012393776529908709,0.00010632730535042325,9.137502803551998e-05,0.00011696003588546557,0.00013556731432178964,9.46977563277207e-05,0.00013390595017568924,0.00011496639891014512,0.00011264048910560459,0.00012061503700688638,0.00011197594344716448,0.00012327321964064692,0.0001103145793010641,0.00010898548798418384,0.00012294094681142685,0.00012792503924972796,0.00011230821627638455,0.00013058322188348853,9.768821179070134e-05,0.00012427003812830715,0.00011363730759326485,0.00016347823197627578,0.00010001412159524189,0.00013623185998022977,0.00014553549919839182,0.00011662776305624549,0.00016048777651329514,0.00013290913168802904,8.60586627679988e-05,0.00011795685437312579,0.00013722867846788998,0.00011363730759326482,0.00012161185549454658,0.00013124776754192867,0.0001089854879841838,0.0001305832218834885,0.0001139695804224849,0.0001262636751036276,0.00010200775857056231,0.0001368964056386699,8.406502579267838e-05,9.70236661322612e-05
