HitRate: 2700270/3000000 0.900090
CumReqs: 93738,94013,93499,93903,93506,93352,93704,93929,93062,94009,93378,94013,94273,93545,93654,92877,93762,93782,93854,94067,93435,94181,94299,93874,93366,93684,93691,93935,93794,93647,94134,94040
CumProbs: 0.02812499999999898,0.02812499999999898,0.02812499999999898,0.02812499999999898,0.02812499999999898,0.02812499999999898,0.02812499999999898,0.02812499999999898,0.02812499999999898,0.02812499999999898,0.02812499999999898,0.02812499999999898,0.02812499999999898,0.02812499999999898,0.02812499999999898,0.02812499999999898,0.02812499999999898,0.02812499999999898,0.02812499999999898,0.02812499999999898,0.02812499999999898,0.02812499999999898,0.02812499999999898,0.02812499999999898,0.02812499999999898,0.02812499999999898,0.02812499999999898,0.02812499999999898,0.02812499999999898,0.02812499999999898,0.02812499999999898,0.02812499999999898
