HitRate: 11480461/30000000 0.382682
CumReqs: 937392,937290,939644,938361,936882,937093,937425,937361,937426,936050,936056,938008,934819,937418,937665,938612,936222,936427,938990,937371,935508,939082,937137,939363,937340,937716,938120,936994,937229,938231,938553,938215
CumProbs: 0.03578656648287422,0.03590941974479076,0.035866657619307976,0.03593643229275508,0.035924314492081395,0.03580869839721911,0.035886574060975326,0.0357436685266526,0.035867761504747395,0.03588870133731349,0.0357687466383876,0.035877067973060346,0.03583050544929756,0.0358612712711233,0.03588001717391367,0.0358624558095224,0.03587920353496314,0.03584453826134761,0.03598023501177441,0.03566355153526526,0.035844762529310015,0.03585267093124578,0.035738624924792316,0.035862557914237786,0.03582403811924729,0.03586557212573831,0.035765610322233764,0.03577453258167837,0.035916391506858304,0.03579657343293943,0.0358792308417354,0.03590731319104403
