HitRate: 33367/3000000 0.011122
CumReqs: 3000000
CumProbs: 0.008944444444444435
