HitRate: 39762/3000000 0.013254
CumReqs: 374602,375357,373386,374450,375189,375951,375266,375799
CumProbs: 0.001850352032904387,0.001580330231011644,0.0015466295825986005,0.001611795047800292,0.001845710252032002,0.001705613181318956,0.00157069949044321,0.0016170235608846688
