HitRate: 1500460/3000000 0.500153
CumReqs: 3000000
CumProbs: 0.4999999999996087
