HitRate: 2700119/3000000 0.900040
CumReqs: 23278,23423,23554,23444,23324,23621,23489,23418,23578,23544,23484,23411,23262,23502,23454,23402,23647,23268,23577,23443,23538,23515,23502,23454,23286,23440,23137,23326,23333,23397,23456,23645,23325,23737,23027,23354,23747,23396,23565,23869,23453,23205,23407,23269,23578,23410,23517,23396,23415,23781,23548,23630,23230,23783,23439,23523,23649,23453,23397,23645,23317,23658,23589,23470,23504,23485,23424,23381,23418,23423,23648,23346,23526,23176,23520,23447,23580,23293,23348,23076,23591,23515,23314,23133,23504,23511,23317,23502,23141,23304,23446,23547,23566,23324,23363,23695,23476,23281,23365,23026,23192,23733,23632,23209,23308,23391,23343,23531,23574,23300,23314,23478,23566,23241,23354,23482,23240,23151,23301,23338,23544,23438,23517,23676,23538,23369,23479,23311
CumProbs: 0.007031249999999745,0.007031249999999745,0.007031249999999745,0.007031249999999745,0.007031249999999745,0.007031249999999745,0.007031249999999745,0.007031249999999745,0.007031249999999745,0.007031249999999745,0.007031249999999745,0.007031249999999745,0.007031249999999745,0.007031249999999745,0.007031249999999745,0.007031249999999745,0.007031249999999745,0.007031249999999745,0.007031249999999745,0.007031249999999745,0.007031249999999745,0.007031249999999745,0.007031249999999745,0.007031249999999745,0.007031249999999745,0.007031249999999745,0.007031249999999745,0.007031249999999745,0.007031249999999745,0.007031249999999745,0.007031249999999745,0.007031249999999745,0.007031249999999745,0.007031249999999745,0.007031249999999745,0.007031249999999745,0.007031249999999745,0.007031249999999745,0.007031249999999745,0.007031249999999745,0.007031249999999745,0.007031249999999745,0.007031249999999745,0.007031249999999745,0.007031249999999745,0.007031249999999745,0.007031249999999745,0.007031249999999745,0.007031249999999745,0.007031249999999745,0.007031249999999745,0.007031249999999745,0.007031249999999745,0.007031249999999745,0.007031249999999745,0.007031249999999745,0.007031249999999745,0.007031249999999745,0.007031249999999745,0.007031249999999745,0.007031249999999745,0.007031249999999745,0.007031249999999745,0.007031249999999745,0.007031249999999745,0.007031249999999745,0.007031249999999745,0.007031249999999745,0.007031249999999745,0.007031249999999745,0.007031249999999745,0.007031249999999745,0.007031249999999745,0.007031249999999745,0.007031249999999745,0.007031249999999745,0.007031249999999745,0.007031249999999745,0.007031249999999745,0.007031249999999745,0.007031249999999745,0.007031249999999745,0.007031249999999745,0.007031249999999745,0.007031249999999745,0.007031249999999745,0.007031249999999745,0.007031249999999745,0.007031249999999745,0.007031249999999745,0.007031249999999745,0.007031249999999745,0.007031249999999745,0.007031249999999745,0.007031249999999745,0.007031249999999745,0.007031249999999745,0.007031249999999745,0.007031249999999745,0.007031249999999745,0.007031249999999745,0.007031249999999745,0.007031249999999745,0.007031249999999745,0.007031249999999745,0.007031249999999745,0.007031249999999745,0.007031249999999745,0.007031249999999745,0.007031249999999745,0.007031249999999745,0.007031249999999745,0.007031249999999745,0.007031249999999745,0.007031249999999745,0.007031249999999745,0.007031249999999745,0.007031249999999745,0.007031249999999745,0.007031249999999745,0.007031249999999745,0.007031249999999745,0.007031249999999745,0.007031249999999745,0.007031249999999745,0.007031249999999745,0.007031249999999745,0.007031249999999745
