HitRate: 1017232/3000000 0.339077
CumReqs: 187543,186836,187153,187162,187744,186990,188103,187511,187562,187878,187525,187524,187542,187022,187894,188011
CumProbs: 0.04873958333333135,0.04933333333333128,0.04858333333333133,0.048885416666664655,0.04872916666666466,0.04926041666666461,0.04869791666666467,0.04934374999999801,0.04887499999999801,0.04901041666666467,0.04910416666666461,0.04918749999999791,0.04895833333333133,0.048520833333331403,0.049208333333331286,0.04956249999999788
