HitRate: 2332334/3000000 0.777445
CumReqs: 188886,188628,187683,189494,187377,184972,186495,184183,188295,187342,187217,186633,185402,187840,188340,191213
CumProbs: 0.08485744444250404,0.08627596644833402,0.08620460395871751,0.08726631351646574,0.08775429946164809,0.08325153172653023,0.0849028802722242,0.08433044015767534,0.08541268568365692,0.08578207641228403,0.08527663489410069,0.08494959959995868,0.08517061795808752,0.08681067172125247,0.08667641782891543,0.08783978042942679
