HitRate: 1893259/3000000 0.631086
CumReqs: 315354,379793,355566,330488,436700,355750,325767,500582
CumProbs: 0.0375632118940673,0.031293178547647786,0.04965970388806054,0.028689718331732554,0.026434185978773738,0.027192695381157636,0.02437894543198044,0.04488202779290427
