HitRate: 30433/3000000 0.010144
CumReqs: 3000000
CumProbs: 0.011367411821495685
