HitRate: 2517113/3000000 0.839038
CumReqs: 187947,186583,190032,188553,189688,185342,187069,184204,187548,186253,187555,185049,186895,187364,190048,189870
CumProbs: 0.12422915139541102,0.12466490998793289,0.12557676415167418,0.1241588100631029,0.1250992776501546,0.1219949199251373,0.12090919947391092,0.12159949831131125,0.12366165183305716,0.1240562786295681,0.12363005784481701,0.12368708598711299,0.12318813941811056,0.12590959390200304,0.1260335854030209,0.1254521765376693
