HitRate: 1511296/3000000 0.503765
CumReqs: 3000000
CumProbs: 0.5036462616744642
