HitRate: 1500863/3000000 0.500288
CumReqs: 3000000
CumProbs: 0.5000000000000081
