HitRate: 908160/3000000 0.302720
CumReqs: 187351,186796,186486,187120,187368,186853,188721,187863,188175,188046,187314,187593,187424,187776,187396,187718
CumProbs: 0.057482602217091325,0.05728414468405595,0.057166576607554864,0.05707979237281157,0.05738664832735634,0.05752615807830193,0.057460988030325066,0.057705293838318863,0.05748685955690886,0.05769481423261426,0.057479327340308556,0.057270390201568405,0.05702346449214818,0.05753074290579785,0.05725106842855001,0.057598205367522685
