HitRate: 2753568/3000000 0.917856
CumReqs: 3000000
CumProbs: 0.9240333553843655
