HitRate: 1859190/3000000 0.619730
CumReqs: 23079,23298,22480,21695,22412,24743,21398,25015,22389,23922,23527,22730,21774,22699,24076,23400,23683,23121,22514,25031,22121,22301,21793,24079,22209,24260,21072,25355,21197,23734,23334,24127,25524,22862,23704,22957,24482,24140,25623,24600,22443,23217,21774,21978,24578,24843,25915,24595,21667,21726,24392,21738,25550,23373,26899,24178,25231,23135,24846,23698,22106,24833,20509,26978,22392,23823,24197,22453,24202,20832,22950,22017,23175,25662,26591,23961,23065,23824,24130,23475,21831,23779,23558,22347,20712,24967,27117,22326,19595,22659,21464,22371,21579,22231,22222,24662,22093,22044,22710,23161,25195,23530,23245,25734,23007,26360,25380,23979,23525,22580,25814,22134,25712,22570,24090,24910,25133,24242,22903,23154,25015,24070,22109,20766,24173,20617,23961,23253
CumProbs: 0.0013329893915454826,0.0011549995163318608,0.0010685841421339444,0.0010331151452616647,0.001198529648856932,0.0013945764679328039,0.0009776545319704632,0.0013800664237577794,0.0014003804856028137,0.0013249282558926909,0.0014748653790346011,0.0011682197788024382,0.0011253345371295906,0.001189823622351917,0.0013455647631638356,0.0012514106987392385,0.0012801083416631746,0.001215619256440848,0.0011756360236030061,0.001327507819301584,0.0012794634508109509,0.0011192080740334701,0.0012452842356431178,0.0014013478218811483,0.0012846225776287376,0.0013504014445555098,0.0009367039628542863,0.0011501628349401868,0.0011517750620707453,0.001387805113984459,0.001160481088575759,0.0014587431077290195,0.0016183535936542756,0.0010166704285299718,0.0011063102569890053,0.001661561280753235,0.0013281527101538081,0.001192403185760811,0.0016725244252410291,0.0012107825750491737,0.001070518814690615,0.0014129558572211667,0.001336858736658822,0.0010779350594911819,0.0016802631154677102,0.0014026376035855953,0.0012881694773159663,0.0013410505271982721,0.0011769258053074517,0.001018927546512752,0.0012910714861509686,0.001027956018443878,0.0013200915745010169,0.0011072775932673411,0.0017137974397833191,0.0012572147164092494,0.0012907490407248596,0.0013275078193015835,0.0014245638925611851,0.00140973140296005,0.0012465740173475644,0.0013774868603488872,0.0010069970657466225,0.0011795053687163452,0.00154806049076194,0.0012904265952987466,0.0013710379518266556,0.0012046561119530522,0.0014422983909973257,0.0008351336536291223,0.0013378260729371562,0.00107954728662174,0.0009853932221971424,0.001695418050494957,0.0017405604101505823,0.0013642665978783105,0.0013645890433044204,0.0014074742849772683,0.0011282365459645961,0.0010408538354883432,0.0011907909586302522,0.0012543127075742443,0.0016283494018637372,0.0015319382194563592,0.0010240866733305387,0.001512269048463549,0.001323960919614356,0.0013529810079644033,0.0010782575049172929,0.0011672524425241036,0.0011553219617579716,0.0012233579466675267,0.001164350433689099,0.0012346435365814346,0.001156611743462418,0.0012188437107019641,0.0008764066681714109,0.0011856318318124663,0.0015467707090574935,0.0012001418759874903,0.001386192886853901,0.001315577338535454,0.0016418921097604258,0.0015793376970947674,0.0012527004804436868,0.0013710379518266545,0.0011795053687163458,0.0012281946280592016,0.001137909908747945,0.001088575758552865,0.0016148066939670478,0.0011704768967852185,0.0015042079128107578,0.0011217876374423638,0.0016705897526843587,0.0016647857350143504,0.0013861928868539018,0.0012497984716086812,0.0011743462418985604,0.0014210169928739567,0.0013623319253216412,0.0013491116628510634,0.0011846644955341317,0.0011479057169574056,0.001279463450810951,0.0010631025698900475,0.0016589817173443403,0.0013700706155483184
