HitRate: 2509319/3000000 0.836440
CumReqs: 24095,23182,21996,22420,22614,22661,23169,22409,23011,23600,23783,24821,24863,25031,24164,23966,24151,23942,25326,25660,25035,23950,23003,23223,22764,22953,23213,23104,22691,22238,21758,22192,22801,23564,23276,22699,22028,23023,23684,23899,23969,23088,23313,23736,24026,24368,24592,23559,23130,23167,23179,22968,21402,23372,22376,23603,22273,23542,22038,22453,22355,24195,24317,23442,22856,21748,22392,23122,24828,24842,24358,21935,21642,21693,22031,22950,22645,23206,22501,23387,23789,24329,23541,23851,24403,25255,24118,23677,23064,23415,23967,24594,25136,23669,22401,22229,23412,24351,24296,24071,24277,23922,23910,23338,24552,23535,23919,22590,23093,23245,23591,23972,23720,23669,23655,24605,22909,24079,24728,24897,23098,22018,22850,22903,22750,23043,23943,25060
CumProbs: 0.014761973201255765,0.013918559439940772,0.01359390786103282,0.014068872908367728,0.01428679554646894,0.014505143399473912,0.014680757154665821,0.014189846548445415,0.01434887692239642,0.014410958298323784,0.015399370341770555,0.015518217907330163,0.015574771489510595,0.015197180655102926,0.014305930217131535,0.013991058581006655,0.01458529640880483,0.014462409301660853,0.01591409298259322,0.015933015045803925,0.015641530229377736,0.014669488959720041,0.014616549704220373,0.014397138813956352,0.013922811588976894,0.014388634515884081,0.014549365749449558,0.014351428211818057,0.013963632219723658,0.014061431647554518,0.014053990386741284,0.013900062591633646,0.014634621337623815,0.014363334229119203,0.013813318751296738,0.013698935942225012,0.013999988093982518,0.013958529640880301,0.014569138242467538,0.014333994400769986,0.014763461453418376,0.01402146144661494,0.014520025921100339,0.015315177790855323,0.015156997846711508,0.01484467750000826,0.014844677500008343,0.014530231078787018,0.014765800135388233,0.014754319332990677,0.01488400987859244,0.014260007007541394,0.013885392677459044,0.01496692678479689,0.014248100990240343,0.013663855712677062,0.013201647112450534,0.015041552000380806,0.014352066034173485,0.014294874629637591,0.013891983508465012,0.014736672914490757,0.015177408162084911,0.01454490099296162,0.014171562307590117,0.013635366314134999,0.014476016178576467,0.01475687062241236,0.015311988679078204,0.015635577220727125,0.015352171487469568,0.013846272906326725,0.013672360010749271,0.013926000700753982,0.013709778922267171,0.015236300426235217,0.014466448843245173,0.015244166901952037,0.014805770336327745,0.014281055145270243,0.01486359956321904,0.014824479792086728,0.013828413880374976,0.014731782943099231,0.015038150281151885,0.015293279223319271,0.014878269477393692,0.014974793260513673,0.014527254574461768,0.015079183519350472,0.015077270052284245,0.01497670672757992,0.015124894121488777,0.014214083797951317,0.014002539383404206,0.013468469464467177,0.014868914749514232,0.015169116471464475,0.014528317611720791,0.01454213709608816,0.01420515428497546,0.01463334569291301,0.014277015603685923,0.014710734805370424,0.015709564613955694,0.014715199561858416,0.014944177787453597,0.014177515316240636,0.014805557728876012,0.014740925063526936,0.014717963458731874,0.015469105585962973,0.01557158237773352,0.01541382764849335,0.014673741108756124,0.015436151430932958,0.013322620752528169,0.014069510730723144,0.014317411019529096,0.014760272341641288,0.01396894740601883,0.014474953141317458,0.013893684368079475,0.01432230099092064,0.014478567467998159,0.014544900992961646,0.014967989822055867,0.016048886107038283
