HitRate: 1705581/3000000 0.568527
CumReqs: 23669,23906,23863,24037,24026,23617,23722,23381,23377,23240,23213,23160,23427,23444,23230,23491,23694,23671,23773,23500,23193,23314,23253,24000,23506,23325,23381,23047,23123,22988,23222,23697,23487,23513,23582,23358,23657,23420,23333,23937,23462,23547,23451,23699,23611,23200,23491,23246,23255,23279,23684,23750,23495,23281,23486,23414,23202,23476,23090,23285,23141,23496,23573,23074,23425,23302,23731,23597,23426,23133,23030,23139,23673,23422,23787,23327,23472,23526,23269,23427,23510,23872,23329,23105,22976,23112,23541,23639,23849,23804,23626,23352,23827,23523,23247,23359,23268,23274,23191,23215,23386,23414,23598,23719,23667,23444,23557,23356,23455,23287,23400,23527,23819,23540,23635,23315,23294,23005,23089,23354,23255,23608,23502,23113,23272,23079,23221,23319
CumProbs: 0.016187977127166117,0.016246713021314023,0.016177036127275713,0.016133368101397857,0.01608970007551985,0.016110046496368432,0.016163023969521597,0.016016760076251173,0.01610908675953607,0.016006298944777113,0.01602251849724607,0.01591838705092176,0.01590389502475127,0.015884412367051872,0.015913876287808864,0.0158873875512325,0.016088164496587915,0.016108222996386777,0.016104384049056866,0.016175212627294034,0.016132600311931738,0.016109566627952304,0.01601580033941868,0.016016184234151666,0.016016184234151652,0.016041041418113015,0.01608989202288633,0.016254582863340365,0.0161207955488923,0.01614661246968601,0.015960903392600673,0.016034419233968877,0.01606733820732313,0.016233948521442044,0.01601599228678516,0.01600303583954673,0.016009466076324284,0.016077511417747308,0.01599487807647061,0.01600217207639737,0.01604094544442976,0.01611830023312787,0.0161344238119135,0.016020503049897838,0.016100833022776692,0.016081062444027485,0.016144980917070843,0.01605956433897992,0.016097953812279124,0.016003035839546646,0.016083941654524987,0.016123290864656817,0.016180875074605642,0.01616926225893255,0.015978466576635077,0.016162064232688938,0.016037490391832884,0.016093155128116814,0.015961479234700184,0.01595869599788606,0.01611647673314612,0.016039697786547538,0.016178379758841347,0.016251127810743452,0.016131928496149237,0.016194407363943758,0.016176076390443325,0.016183562337736622,0.01608768462817161,0.015942860340150054,0.015978850471367965,0.016082502049276266,0.016075879865132117,0.016150067522282884,0.016056301233749414,0.016156689706427065,0.016089412154470014,0.01607232883885176,0.016021558760413578,0.01603144404978812,0.016095938364931044,0.01599027133967457,0.01601762383940032,0.015922705866667927,0.016038738049715052,0.016078279207213317,0.016069737549404176,0.0160746322072498,0.016176940153592535,0.01614277352235613,0.01609161954918484,0.016117724391028303,0.01613576744347897,0.016105727680622437,0.01604104141811312,0.015960423524184527,0.015863969972519806,0.015981825655548777,0.015867904893533118,0.016008218418442015,0.01604094544442987,0.016076647654598052,0.016000924418515274,0.016059084470563575,0.01607943089141224,0.016111774022666933,0.016230877363577863,0.016041425312845935,0.01609017994393616,0.01615505815381193,0.01619613489024233,0.016194887232359945,0.016272721889474245,0.016297771020802092,0.0163050650207289,0.016076455707231624,0.01597549139245427,0.015933742840241426,0.015939309313869846,0.016080486601927915,0.016068681838888484,0.01609171552286797,0.01617223744311334,0.016131160706683148,0.01597731489243619,0.015921266261419164,0.015843911472721028,0.016021174865680648
