HitRate: 964742/3000000 0.321581
CumReqs: 374111,349887,281435,358800,391533,449415,382880,411939
CumProbs: 0.0918404824959889,0.11195048123615599,0.061253540363645095,0.11441448767796805,0.14716880893801423,0.1995421940689202,0.1141545221667259,0.15621094268160424
