HitRate: 303029/3000000 0.101010
CumReqs: 3000000
CumProbs: 0.10377757735188023
