HitRate: 33405/3000000 0.011135
CumReqs: 374817,373847,375375,374510,375487,375301,375533,375130
CumProbs: 0.0011111111111111118,0.001194444444444445,0.0011388888888888894,0.001055555555555556,0.0010833333333333337,0.0011111111111111115,0.001055555555555556,0.0011111111111111115
