HitRate: 5738133/30000000 0.191271
CumReqs: 234598,234104,235703,234782,233969,233857,234752,234443,234131,233634,234266,233954,234778,232853,233696,234500,234021,234642,234336,235204,235055,234015,235311,234017,234478,233947,234549,234282,234205,233842,234416,234431,234946,234832,234807,234300,235318,234498,235108,234371,234424,234887,233894,234632,234027,235651,234728,234284,234321,234285,234974,234953,234124,234219,234334,233918,234480,235336,234303,234368,234547,235599,234419,234442,234382,234045,234196,233954,234291,234563,233789,234569,233885,234901,234519,233745,234156,234328,234641,234177,234245,234726,234034,234398,233872,234301,233822,235067,234347,233908,233837,234718,234261,234282,233239,234586,235085,234592,234345,234054,235249,234732,234133,235031,233931,234513,233770,234281,233416,234360,233592,233573,234761,234151,234238,233523,233649,235128,234652,234493,235097,233878,234445,234242,233808,234905,234184,234305
CumProbs: 0.003324088541666363,0.003323437499999695,0.0033324218749996954,0.0033139322916663637,0.0033260416666663624,0.0033216145833330287,0.0033368489583330283,0.003334505208333028,0.0033252604166663616,0.0033216145833330295,0.0033377604166663615,0.003303776041666364,0.0033210937499996963,0.0033282552083330284,0.0033516927083330266,0.003339453124999694,0.0033359374999996933,0.003315885416666363,0.0033145833333330294,0.003326822916666362,0.003331901041666361,0.0033186197916663628,0.003344921874999693,0.003321744791666363,0.003335026041666362,0.0033316406249996942,0.0033183593749996974,0.003354557291666359,0.003328776041666362,0.003340234374999694,0.0033342447916663606,0.003325130208333029,0.003340755208333028,0.003340364583333027,0.0033455729166663594,0.003339062499999694,0.0033421874999996935,0.003330859374999696,0.003328906249999694,0.0033203124999996968,0.0033552083333330263,0.003347656249999692,0.0033196614583330284,0.0033255208333330287,0.00334205729166636,0.0033283854166663617,0.0033506510416663592,0.003341536458333027,0.003335546874999695,0.0033361979166663613,0.003324869791666362,0.003339583333333029,0.0033281249999996946,0.0033373697916663607,0.003333593749999694,0.0033171874999996962,0.0033364583333330275,0.0033180989583330303,0.003323697916666362,0.0033348958333330263,0.003325911458333028,0.0033347656249996947,0.0033361979166663604,0.003342578124999693,0.0033377604166663615,0.00334322916666636,0.0033200520833330284,0.0033378906249996966,0.003326953124999696,0.003335286458333028,0.003333203124999695,0.003294531249999699,0.0033346354166663606,0.0033278645833330284,0.003333072916666361,0.0033373697916663607,0.0033244791666663625,0.0033341145833330277,0.003332161458333028,0.003352864583333026,0.0032983072916663646,0.0033304687499996944,0.003327994791666363,0.003338281249999694,0.0033360677083330284,0.0033164062499996968,0.003332682291666361,0.0033368489583330274,0.00332356770833303,0.0033251302083330296,0.0033411458333330265,0.003324218749999696,0.0033382812499996944,0.0033283854166663625,0.0033440104166663604,0.003335416666666361,0.0033285156249996946,0.0033367187499996945,0.0033122395833330306,0.003327473958333029,0.003333333333333027,0.0033316406249996942,0.0033447916666663586,0.003324999999999696,0.003335807291666361,0.003319531249999695,0.003328385416666363,0.0033533854166663594,0.003318229166666363,0.0033274739583330284,0.003329427083333028,0.003341276041666361,0.003329427083333029,0.0033315104166663613,0.0033458333333330273,0.0033490885416663585,0.003334114583333027,0.0033217447916663615,0.003358333333333026,0.003331380208333028,0.0033272135416663614,0.003323567708333029,0.00334322916666636,0.003349999999999693,0.0033249999999996954,0.003310026041666363,0.0033433593749996934,0.0033430989583330263
