HitRate: 2904785/3000000 0.968262
CumReqs: 3000000
CumProbs: 0.9158391679705173
