HitRate: 1882883/3000000 0.627628
CumReqs: 3000000
CumProbs: 0.6275800815607063
