HitRate: 1745311/3000000 0.581770
CumReqs: 374939,374793,375684,375130,374831,374857,374383,375383
CumProbs: 0.05315277777777876,0.052069444444445424,0.05161111111111212,0.052763888888889984,0.052902777777778846,0.05254166666666775,0.05312500000000104,0.052694444444445376
