HitRate: 1317968/3000000 0.439323
CumReqs: 375275,372657,376299,376783,378097,375009,373714,372166
CumProbs: 0.015117591263791969,0.013284883275264807,0.01328121719272729,0.013500515584516868,0.0126803129368054,0.01340853024084829,0.01274063665855907,0.013033923261560325
