HitRate: 2770379/3000000 0.923460
CumReqs: 93216,93857,93626,93979,92965,93871,94025,93300,93976,93730,93403,93997,94071,94204,93067,94140,93946,93503,94183,93395,93634,93578,93761,93718,93617,94161,94134,93993,93683,93620,93524,94123
CumProbs: 0.027222222222222273,0.02736111111111117,0.02756944444444451,0.027152777777777838,0.027152777777777835,0.02729166666666672,0.027361111111111162,0.027638888888888945,0.027500000000000052,0.027291666666666724,0.027430555555555604,0.02743055555555561,0.02722222222222227,0.027500000000000056,0.027222222222222286,0.02729166666666672,0.02750000000000006,0.027430555555555614,0.02729166666666672,0.027500000000000066,0.027430555555555607,0.027291666666666718,0.027152777777777838,0.027500000000000066,0.02750000000000006,0.027569444444444504,0.02763888888888895,0.027430555555555625,0.02763888888888894,0.027083333333333393,0.02750000000000006,0.027500000000000066
