HitRate: 5985024/30000000 0.199501
CumReqs: 938250,937735,939191,936593,938297,938162,938381,936901,936431,936929,938073,936606,937675,938429,935722,937372,938269,936279,939569,936321,936373,936068,937537,935333,937887,938356,938385,938207,936526,938978,937124,938041
CumProbs: 0.012441319444444588,0.012627083333333433,0.012507638888888969,0.012580555555555682,0.012548263888888989,0.012578125000000072,0.012449652777777865,0.012521875000000118,0.012526388888888969,0.012500347222222303,0.012541666666666729,0.012533680555555662,0.012526041666666817,0.012549652777777998,0.012550694444444512,0.012577083333333426,0.01253576388888896,0.012491319444444576,0.012523958333333396,0.012552430555555572,0.012560069444444547,0.01257604166666675,0.012505208333333457,0.012556597222222255,0.012479513888889014,0.012509375000000114,0.012575347222222324,0.01260902777777783,0.012574652777777853,0.01246493055555563,0.012547222222222362,0.012577430555555616
