HitRate: 28288842/30000000 0.942961
CumReqs: 30000000
CumProbs: 0.9831157044107666
