HitRate: 1683092/3000000 0.561031
CumReqs: 43872,46799,53883,34944,35049,27555,30937,27934,30829,34155,37825,38571,30483,77688,78662,149632,200257,199628,129487,32705,38745,52010,52300,46221,42873,46503,42647,40107,32963,34827,27365,29905,29851,29641,29310,30290,63964,63378,65250,42614,43907,36920,26645,23631,36495,45158,47808,36485,32108,28768,28603,23684,24304,22919,43491,43207,42367,24260,36453,42815,44057,32596,26261,25399
CumProbs: 0.025529742659342096,0.027012915617874483,0.03351232128381482,0.014509937292099548,0.014490303636153081,0.005484778259486384,0.010266738190855109,0.010417484735664437,0.008878072999929449,0.013212452130484609,0.017563469952519825,0.017609725514834394,0.010045110820340734,0.05639285148570204,0.05968631407726477,0.12792890886123467,0.1795574374285369,0.1783744264643047,0.11012817116820918,0.012685005610566772,0.015452020003700447,0.031042141146685374,0.024783996507205884,0.023623614163386628,0.02429714839449938,0.024058216784845748,0.023824609556465728,0.01697512582178497,0.013277675801086438,0.011621127677331845,0.006525362024649222,0.008993878292630656,0.009504353347238838,0.00976424970815735,0.011011818795332114,0.011214810831388825,0.04041837656952778,0.037174830052405204,0.04294912154364462,0.02031850448778787,0.022796005649168526,0.017842001647896004,0.00727909474869586,0.005785273027616235,0.019851290031027827,0.026533721303248804,0.02434040899234753,0.016220394776249532,0.011007492735547303,0.008974244636684189,0.009479728083848359,0.0044395356607091286,0.005872792544801341,0.006634511840758404,0.024751384671904963,0.02379033385201681,0.024341740087665934,0.004159007322355346,0.015826057788172154,0.019303877081333916,0.02158005007580588,0.008872748618655831,0.007395898362885868,0.008597544661575671
