HitRate: 2809898/3000000 0.936633
CumReqs: 3000000
CumProbs: 0.8633828125036717
