HitRate: 30381/3000000 0.010127
CumReqs: 3000000
CumProbs: 0.01265478943317499
