HitRate: 2963427/3000000 0.987809
CumReqs: 3000000
CumProbs: 0.9901955866385239
