HitRate: 27707201/30000000 0.923573
CumReqs: 468970,469222,468496,469172,468225,469208,468271,468833,469037,467949,469244,469036,468649,467977,468331,467963,468950,469813,468020,469741,469810,468967,468309,468691,468852,467381,467684,468447,467623,468939,469312,469361,468033,467934,467730,467857,466747,468842,470963,468924,469510,468319,468537,469794,469793,469464,469899,468630,469836,468541,468256,468446,469353,468939,468029,469567,468487,468902,467082,468530,468892,470358,468252,469071
CumProbs: 0.013685416666666629,0.01369374999999999,0.013684374999999948,0.013688194444444484,0.013690624999999963,0.013707638888888766,0.013688888888888832,0.013699652777777762,0.013694097222222175,0.01370034722222224,0.013695833333333358,0.013695138888888955,0.01369513888888895,0.01370486111111107,0.013682986111111082,0.013687500000000016,0.013684027777777814,0.013706944444444386,0.013701736111111036,0.01370138888888892,0.013693750000000044,0.013689236111111131,0.013699999999999908,0.013687499999999964,0.013696875000000008,0.013690624999999996,0.01368333333333336,0.013697222222222272,0.013692708333333367,0.013692013888888873,0.01369097222222208,0.013689583333333215,0.013703819444444537,0.013682638888888855,0.013692013888888839,0.013696527777777788,0.013687847222222192,0.013694097222222196,0.0136958333333333,0.01368298611111097,0.013690625000000003,0.013684375000000037,0.013692013888888918,0.013696180555555432,0.013701736111111036,0.013689930555555441,0.013690972222222188,0.013679861111111049,0.013707291666666737,0.013695138888888783,0.013690624999999993,0.013692013888888903,0.013710069444444436,0.013692708333333409,0.013687499999999946,0.013688194444444513,0.013681944444444493,0.013693402777777804,0.013691666666666578,0.013700694444444505,0.013683333333333294,0.013697222222222121,0.013703472222222098,0.01369236111111115
