HitRate: 1939604/3000000 0.646535
CumReqs: 343420,368576,406061,400950,394147,380334,363260,343252
CumProbs: 0.14839483571621764,0.14961203120232588,0.1648501937146019,0.1475216729145231,0.1487290575826345,0.15495663781959185,0.1441519839599669,0.1427235288596664
