HitRate: 1495017/3000000 0.498339
CumReqs: 185255,172216,135549,148927,173944,277150,267131,243185,144831,163162,212625,203143,185789,139527,155277,192289
CumProbs: 0.08944686948119025,0.06985205424677618,0.03657958748458897,0.06484655626270366,0.07607677185032154,0.19137882776315351,0.16625937156375992,0.13523707973742966,0.05707373962880277,0.06943920562460432,0.10397387624537666,0.10545100129952349,0.08613041884642296,0.04436539935357037,0.06698310619439539,0.10395588284295759
