HitRate: 2808808/3000000 0.936269
CumReqs: 3000000
CumProbs: 0.8643489583332044
