HitRate: 133079/30000000 0.004436
CumReqs: 3748846,3752575,3745746,3751119,3751394,3751336,3749737,3749247
CumProbs: 0.0016531279469543744,0.0016126637999798387,0.0016815220364717123,0.0016487516822133903,0.0016890584700438094,0.0016226534667753238,0.0016328991720369844,0.001603331555522107
