HitRate: 299126/30000000 0.009971
CumReqs: 30000000
CumProbs: 0.009999999999999051
