HitRate: 1617381/3000000 0.539127
CumReqs: 3000000
CumProbs: 0.46107812500004475
