HitRate: 300239/30000000 0.010008
CumReqs: 3748525,3750026,3747890,3751623,3750415,3753408,3747797,3750316
CumProbs: 0.0012499999999999942,0.0012499999999999942,0.0012499999999999942,0.0012499999999999942,0.0012499999999999942,0.0012499999999999942,0.0012499999999999942,0.0012499999999999942
