HitRate: 300027/3000000 0.100009
CumReqs: 3000000
CumProbs: 0.09999999999999688
