HitRate: 1880631/3000000 0.626877
CumReqs: 23702,19331,18056,23631,14911,27654,14202,22411,57787,28925,15108,18952,18058,16188,40787,14675,33957,32398,19816,23636,46306,14320,15355,15950,24685,18641,17712,26281,45246,15172,29649,18444,31949,32846,17387,36031,14432,40964,14231,17910,22270,43828,15799,15289,18826,23053,24275,20216,20051,14463,27682,21531,19521,25315,15101,15203,17626,37024,23725,16797,16034,16294,39235,16483,17887,19151,15389,16776,14833,20435,16109,14421,20901,25752,13790,20907,29014,35096,72764,16207,19671,40776,40175,28771,20416,24828,20072,16513,20934,15803,35402,30132,18166,27571,32524,33144,27142,13280,19553,23146,32912,28577,29351,23791,26427,28338,16016,19475,15219,16105,15146,23464,19579,23061,20119,18660,19112,38790,21501,13493,38474,33571,14363,14662,15933,15698,17002,20373
CumProbs: 0.002578744139364272,0.002566182183152031,0.0032090966600657237,0.0035624419412151912,0.0020781984995226466,0.004421808586709052,0.0019020090111099275,0.004578994090082744,0.0032100629643897487,0.004763558215970298,0.002170963714628432,0.003473219841964141,0.0032177933989818996,0.0025049829092975216,0.0032764158613056995,0.0021448734978799294,0.0036397462871366783,0.005595868340391628,0.0037334778065664796,0.0031878379649373212,0.011844314200937206,0.001860135823735788,0.0016327322061500786,0.002481791605521074,0.004744554230931253,0.001780898869166261,0.0027153151504922283,0.004801244084607026,0.0053336777671412735,0.00231526516034854,0.0027191803677883123,0.003332139410657436,0.007567451262830892,0.0027665292796652144,0.002641231818984139,0.007371935687937805,0.0019184361846182434,0.007497233148618872,0.0017796104634009045,0.003163680356836855,0.0047516404626407405,0.0036056035343546918,0.0025442792851409456,0.0019535452417242492,0.003230355355194137,0.003462268392958604,0.001938406473981292,0.003880678165258654,0.002959468043027602,0.0017010177117140588,0.0027043637014866864,0.0033376151351602024,0.00356534085418725,0.0054058284900013204,0.0021683869030977147,0.0023465090001584727,0.002965587970413042,0.0034017133219867656,0.0017164785808983561,0.002902456087910498,0.0019799575599140926,0.002112341252304636,0.00324807093446781,0.002554264429822468,0.0022121926991198904,0.0032506477459985244,0.0023010926969295993,0.00276685138110656,0.0020157108199027785,0.0017055271318928132,0.002434764795085504,0.0020556513986288794,0.004090044102129333,0.003438110784858133,0.0016607550315466176,0.0022704930600023487,0.003192025283674736,0.002610310080615545,0.00923561462752836,0.0023600372606947338,0.0036993350537844905,0.009191486730064839,0.005697008192972261,0.006050997677004385,0.0039843948293699786,0.0027745818156987056,0.003029686157239614,0.002560384357207919,0.0026579810939337924,0.0017544865509764212,0.00875310666840172,0.00703856069615138,0.003320543758769209,0.006329615423763075,0.005385213997755587,0.006675230270320399,0.0041193553332912304,0.0017258195226972034,0.00371801693738218,0.004838285750361071,0.0027536452220116364,0.006265839338377868,0.0017676927100713417,0.0029127633340333653,0.005027681397868721,0.0019223014019143167,0.002529140517397983,0.0014030738784749943,0.002250200669197951,0.0023358796525942685,0.0015950463375133536,0.002947550289698034,0.003787590848711519,0.0022231441481254384,0.0038349397605884333,0.002402232549510212,0.002901489783586485,0.008033532048449194,0.0030792897792059045,0.0016324101047087394,0.002727877106704477,0.003747006067102742,0.0020005720521598207,0.0021629111785949414,0.001781220970607602,0.0024424952296776556,0.0028460883356760803,0.00319363579088143
