HitRate: 2129744/3000000 0.709915
CumReqs: 3000000
CumProbs: 0.7098802351388316
