HitRate: 2967468/3000000 0.989156
CumReqs: 98350,40610,67002,62280,38796,62908,51167,62804,38489,49570,38355,39879,41802,43482,44934,38751,28699,34422,35795,43175,65353,60863,45399,82393,27036,31901,43749,33170,61709,48185,43998,47677,38043,46055,29939,38284,46178,33563,41737,49376,59212,46876,67348,41364,69375,69469,41651,30331,65630,39601,51199,33168,39080,40096,42034,55918,25853,43684,33957,47155,44820,36747,44134,55420
CumProbs: 0.020836294763303814,0.016973362410853416,0.01604618341876079,0.01678921174896886,0.015035783999893313,0.019794707274891524,0.015634939727880076,0.01900638571805826,0.011940955812460808,0.01765902976893398,0.012200490702742322,0.012686178278214753,0.014853514025619529,0.016392543387071273,0.021153974245550388,0.01413853928560499,0.01041180006096555,0.0197600712780604,0.015931461474506022,0.014943003411096976,0.021513812475071108,0.015445303727130922,0.0161413148670705,0.021213372629256152,0.01362714897945264,0.01069954526540805,0.012601390611764058,0.010454742428077304,0.017463751705352634,0.01748381237320041,0.011948008391001116,0.016629353302056338,0.013488448268160811,0.016687497894021602,0.010410702993192607,0.011247138808067117,0.013655359293613565,0.012945713168496187,0.017122406904004094,0.01308958577071741,0.01599697209294657,0.014026951820701433,0.020562341268006747,0.015127154072981527,0.017888160209508484,0.019020490875138754,0.012676461392225927,0.011510748521505196,0.019804737608815483,0.013773058993252133,0.02040138575332131,0.014832356289998787,0.01788267487064392,0.013078301645053029,0.011577356207718652,0.014226461431406923,0.01372760904265937,0.01361617830172326,0.013449424000238082,0.01300949982329359,0.012711410836992038,0.015342806252345815,0.01315588000899582,0.014699611089474388
