HitRate: 2700107/3000000 0.900036
CumReqs: 3000000
CumProbs: 0.899999999994131
