HitRate: 36746/3000000 0.012249
CumReqs: 3000000
CumProbs: 0.008194444444444426
