HitRate: 2796995/3000000 0.932332
CumReqs: 68000,73636,128613,99557,116398,83887,110582,65102,120361,66213,85284,76501,91760,81591,84438,75692,104524,76349,120791,111883,131579,86136,84212,109247,70821,65327,140568,97432,107013,73001,96134,97368
CumProbs: 0.02026524140430355,0.026759760594656342,0.029993742714813167,0.032328377631931526,0.03348271104033259,0.029898819771850268,0.02964236644217471,0.020548102971588694,0.03192125063545044,0.02398293441000922,0.030188723535830447,0.027256382174148896,0.027111577004589823,0.02440209182584547,0.027809341327207016,0.023668382957592514,0.028594252833936178,0.02595005468706094,0.03593941070017901,0.038564682943434805,0.03946285644702276,0.031020583020532722,0.02360705716136605,0.028137390323290684,0.023150928212875583,0.02050937088976105,0.033798729617061,0.030582793125938187,0.03581221102236035,0.02465781159336518,0.02730934536179871,0.027751389916897472
