HitRate: 2700677/3000000 0.900226
CumReqs: 3000000
CumProbs: 0.899999999999245
