HitRate: 1680826/3000000 0.560275
CumReqs: 3000000
CumProbs: 0.44002962239879545
