HitRate: 1679895/3000000 0.559965
CumReqs: 3000000
CumProbs: 0.44143750000005305
