HitRate: 2770078/3000000 0.923359
CumReqs: 3000000
CumProbs: 0.8763715277769791
