HitRate: 29401484/30000000 0.980049
CumReqs: 30000000
CumProbs: 0.9800079197701814
