HitRate: 1886934/3000000 0.628978
CumReqs: 3000000
CumProbs: 0.1864574235604948
