HitRate: 573538/3000000 0.191179
CumReqs: 187627,187612,186896,187321,186956,188165,187452,187860,187759,187398,187864,187345,187623,188081,186809,187232
CumProbs: 0.02661458333333329,0.026999999999999965,0.02614583333333328,0.027239583333333286,0.026885416666666672,0.02688541666666663,0.026739583333333324,0.026447916666666623,0.02676041666666663,0.026854166666666613,0.02695833333333327,0.026833333333333258,0.02622916666666658,0.026833333333333306,0.026770833333333265,0.026718749999999986
