HitRate: 28518532/30000000 0.950618
CumReqs: 30000000
CumProbs: 0.8494649305495948
