HitRate: 18799853/30000000 0.626662
CumReqs: 160475,155874,154501,1178947,148921,219348,139949,145053,2088325,370913,152242,180808,178869,163078,272239,149869,188296,165974,195159,180094,206349,144440,163325,156579,226203,140303,184620,186473,247389,149917,162464,140206,139170,155198,174437,307708,144119,157050,149577,173907,218067,170664,154408,141694,176894,189748,144421,204553,412570,133356,212634,181766,178803,139736,148201,152649,149647,187400,375167,168589,184674,179288,319728,163907,150669,521698,155329,167003,907983,155560,159610,144811,197641,199948,141254,156701,370443,160351,210133,188822,202373,470366,257348,277053,197827,151272,173085,167818,215717,173809,174163,311680,185202,277732,129480,268493,273742,133616,194959,230238,726212,198954,470915,417759,290837,147009,159724,163151,150800,160944,165428,141766,197176,190073,204119,141009,164736,607749,171068,134676,459553,330543,142292,135558,151025,156134,170672,209257
CumProbs: 0.0025218953023633563,0.002188417425409947,0.002252894022597573,0.03643100475930955,0.002015084666973562,0.004405601843691858,0.001912872153039341,0.001900747496690303,0.06667458146516746,0.009465137892554033,0.002134603882162159,0.0030922856425533076,0.0031611138287319577,0.0025010674680322645,0.006138630463926563,0.002158454576021365,0.003521598132018978,0.002473064494601477,0.0035649147125097914,0.003021564016890015,0.004013759525080208,0.0019007142784537299,0.0026097907563347395,0.0022748844952087052,0.004561328936744708,0.0017314341448792165,0.0032019058232432406,0.00334334907456983,0.0053545472078643805,0.0020295013816461187,0.0025603952385511216,0.0017141274436248335,0.0017496045202844844,0.002227747817512033,0.002814813712461484,0.007366110741761234,0.0018934062664077342,0.0023742070225610985,0.0019812685021425463,0.002954828579615449,0.004441676848609817,0.0027842197165780253,0.0022469147400144837,0.0018447747680652908,0.0028970288479789365,0.0034197842369236273,0.0019519367992488431,0.003927757510593466,0.010874953070936296,0.0016049391000103452,0.004256518397953559,0.003174168595705036,0.003086007395841067,0.0016245378595882414,0.0020781328799885593,0.0021868561682910283,0.001997379346880309,0.003281994991620037,0.009594755451660733,0.0028023236555101494,0.003366269657804999,0.003026347442956485,0.007903947210109936,0.0024810368713789276,0.002167954991681157,0.014461094236616023,0.002125203121212083,0.002539434531273744,0.027194109370246654,0.0022922576329362275,0.0023368697246533743,0.0019560558605838598,0.003716489525991048,0.0036525444205885854,0.0017299725424700144,0.002346336922076595,0.009397904181730877,0.0022339928459877024,0.004115407328992693,0.0033781950047345995,0.0038183366393229664,0.012720790822571906,0.005608866027065032,0.006336511499190177,0.0037330986442774003,0.00221286604752746,0.0029239688378393993,0.002684133169784455,0.004341723174762546,0.0028095984493195685,0.002947454131096305,0.007531105722817879,0.003222800094047473,0.006496889145363207,0.0015598287347446086,0.0058594311855329605,0.00615165201266307,0.0016555304743105786,0.0036270992513738965,0.004807542506221617,0.021208747849866576,0.00362985636500943,0.012745571627055152,0.011017725051725782,0.006685668383805898,0.0018507872688849495,0.002488245228715201,0.0026068011150431913,0.00214390498840252,0.00237450598669025,0.0025251506895474776,0.0018283317409618,0.0036679244641217505,0.0033688274620210976,0.0038975621335488775,0.0016327095457851282,0.0027644880840538345,0.017201299789735218,0.002692537383637351,0.0015845098845181289,0.012475474145482458,0.008103721684858196,0.001855836440844002,0.0016360645876789734,0.0020796941371074747,0.0023650387892670335,0.0026566284699022576,0.003947887761956528
