HitRate: 18830070/30000000 0.627669
CumReqs: 30000000
CumProbs: 0.6274721939756682
