HitRate: 1399480/3000000 0.466493
CumReqs: 187943,187229,188404,188840,188713,188557,187884,186256,186250,186285,187036,187574,187155,186804,186734,188336
CumProbs: 0.04748522686995502,0.047233633347471195,0.04760782787051852,0.04796836777975893,0.04779695879792846,0.0478553540612299,0.04780160717709657,0.04714240890629356,0.046934974985908776,0.047030557282556805,0.046826609646548084,0.047411724374356014,0.04712526800811084,0.0473890635259109,0.04739894133164347,0.04735042387407434
