HitRate: 396773/3000000 0.132258
CumReqs: 23564,23231,23294,23425,23244,23430,23412,23275,23302,23545,23308,23519,23539,23498,23153,23414,23556,23622,23445,23363,23290,23774,23294,23654,23300,23476,23585,23366,23172,23313,23634,23546,23415,23483,23458,23567,23362,23191,23525,23277,23676,23495,23290,23470,23578,23384,23299,23637,23211,23165,23529,23391,23314,23455,23593,23545,23331,23373,23221,23630,23374,23305,23542,23508,23397,23245,23473,23643,23298,23439,23318,23472,23564,23164,23395,23245,23243,23185,23710,23136,23270,23606,23450,23615,23215,23523,23433,23458,23252,23567,23303,23444,23316,23688,23493,23384,23524,23473,23734,23456,23460,23306,23863,23683,23446,23605,23574,23636,23286,23664,23401,23541,23406,23429,23515,23176,23759,23494,23323,23675,23391,23376,23429,23448,23370,23369,23545,23562
CumProbs: 0.0010198512446379017,0.001036076405422016,0.0010338816932930603,0.000999312925818623,0.0010145994274863704,0.0010445142735288349,0.0010094241342595656,0.0010217857455836136,0.0010098010030600642,0.001053254534564003,0.0010026538421004812,0.001043332397996629,0.0010388356612090427,0.0010562983747162526,0.0010189143894353944,0.0010141956627371434,0.0010423144480500705,0.0010480502702093688,0.0010180492703260938,0.0010369154288150512,0.0010330063746106653,0.001044316995881701,0.0010143046978011037,0.0010319623967641543,0.0010376112512869146,0.0010839630077612778,0.001027995793638711,0.0010421058586423512,0.001043462293357687,0.0010354078857967445,0.0009845731728090803,0.0010175440930662006,0.0010786403632551025,0.0010421377458715308,0.0010249206359142905,0.0010454016770777524,0.001036179174258891,0.0010163673580103267,0.0010390809256774593,0.0010331906315261916,0.0010335846442899753,0.0010089702939466917,0.0010706183176375115,0.0010446877069612101,0.0010226611320823195,0.000990590961624017,0.0010273913739900873,0.0010983856788296257,0.0010582199769997153,0.0010150731515414723,0.001052339109315602,0.0010220522908102546,0.0010106626635375314,0.0010394885830829084,0.0010706724486165221,0.0010805985320931654,0.0010606177989785047,0.0010302043538582624,0.0010215544784016777,0.001046585790548205,0.0010451893442096976,0.0010478317524937983,0.00103050874058614,0.001040320431510296,0.0010516792023617585,0.0010150970906990656,0.0010382837585112415,0.0010431062441644996,0.001069587794546994,0.001061056529817407,0.0010471872262791684,0.0010240591653224924,0.0010251286692282635,0.001034560602377095,0.0010642893740269131,0.0010357231231342958,0.00101082483946237,0.0010292377679852486,0.0010272674735908737,0.0010386996623800429,0.001050790550992728,0.0010508847478479589,0.0010504039708965703,0.0010566475880253454,0.0010160986562250153,0.0009780550623820793,0.0010201802215599534,0.0010373946053015136,0.00102930052519895,0.0010138360870958116,0.0009928585084704082,0.0010470322253199756,0.001021852436143323,0.001053126036218941,0.0010615458516239136,0.0010377593078559155,0.0010272519979088255,0.001036992251131542,0.0010462867748721168,0.0010248936992757745,0.0010118071180296247,0.001014998634979536,0.001052459103495333,0.001056154509195238,0.0010652982230246063,0.0010220368965077793,0.0009987939140313953,0.0010134888133331984,0.001040463740937565,0.0010501278635701551,0.0010619933036403412,0.000989964827192784,0.0010254434861046895,0.0009936567335710694,0.0010077333515703902,0.001030724844041058,0.00107768325810229,0.0010108096621720887,0.0010392457464384066,0.0010293621295353733,0.0009689352198939939,0.0010631631214325478,0.0010452474899142873,0.0010582406881009306,0.001011032967719178,0.0010415404198089824,0.0010385605711272846,0.0010267762529276735
