HitRate: 331410/3000000 0.110470
CumReqs: 94044,94256,93528,93940,93522,93499,93105,93729,93535,94166,93225,93907,94035,93792,93546,93856,94086,93699,93693,94355,93687,93849,94131,93997,93472,93890,93384,93794,93380,93687,93575,93636
CumProbs: 0.0028958333333333214,0.0027291666666666554,0.0027986111111111,0.002819444444444433,0.0027569444444444334,0.002756944444444433,0.0026458333333333225,0.002833333333333322,0.002743055555555544,0.0027361111111111006,0.0027777777777777666,0.0028194444444444326,0.0028402777777777662,0.0028402777777777667,0.0027777777777777666,0.0027986111111111,0.002812499999999988,0.002888888888888877,0.002791666666666655,0.0029236111111110995,0.0029027777777777663,0.002729166666666656,0.0027569444444444334,0.002902777777777766,0.0029166666666666547,0.002895833333333322,0.002854166666666655,0.0028402777777777667,0.0028402777777777662,0.0028055555555555447,0.0028055555555555442,0.002840277777777766
