HitRate: 333167/30000000 0.011106
CumReqs: 1874630,1873922,1873889,1874908,1874121,1875020,1875760,1874789,1874001,1875411,1875236,1876801,1872812,1877639,1875053,1876008
CumProbs: 0.0005555555555555536,0.0005736111111111092,0.0005666666666666646,0.0005666666666666646,0.0005458333333333313,0.0005541666666666647,0.0005486111111111093,0.0005555555555555535,0.0005527777777777758,0.0005416666666666647,0.0005430555555555538,0.0005527777777777758,0.0005541666666666646,0.0005624999999999982,0.0005722222222222203,0.0005513888888888871
