HitRate: 1361471/3000000 0.453824
CumReqs: 3000000
CumProbs: 0.4489381345029632
