HitRate: 348465/3000000 0.116155
CumReqs: 46655,46837,47121,46827,46739,46757,47013,46878,46995,47364,46675,46761,47089,46846,46622,46874,47105,47265,46736,47304,46821,47002,47128,47047,46527,47153,46937,47096,46998,47059,46998,46694,46795,47029,46389,47009,46727,46725,47037,46834,46649,46640,47031,46739,47012,46729,46978,46818,46951,46887,46239,47342,46606,47045,46612,46786,46929,46890,46829,46688,46749,46711,46888,46784
CumProbs: 0.001291666666666667,0.001338541666666667,0.0013489583333333329,0.0012812500000000005,0.0013072916666666675,0.001216145833333333,0.0013567708333333344,0.0013333333333333342,0.0013385416666666667,0.0013281250000000014,0.001330729166666668,0.0012890625000000011,0.0013203124999999992,0.0013385416666666687,0.001315104166666667,0.0012630208333333339,0.001333333333333334,0.0013385416666666678,0.0012708333333333348,0.0013411458333333335,0.001330729166666668,0.001330729166666668,0.0013229166666666658,0.001354166666666668,0.0012968750000000003,0.0012864583333333328,0.0013072916666666688,0.0013723958333333344,0.0013072916666666673,0.0013619791666666665,0.0013125000000000014,0.0012578125,0.0013359375000000023,0.0012395833333333345,0.001325520833333334,0.0013359375000000003,0.0013020833333333326,0.0012656250000000005,0.0013671875000000012,0.0013281249999999999,0.001338541666666667,0.0013020833333333348,0.0013723958333333348,0.0013229166666666673,0.0013072916666666682,0.0012916666666666684,0.0013307291666666667,0.0014036458333333331,0.0012864583333333343,0.0012682291666666677,0.001356770833333335,0.0013229166666666673,0.0013411458333333344,0.0013307291666666684,0.0013411458333333346,0.001299479166666667,0.001317708333333334,0.0012343750000000009,0.0012838541666666669,0.0012994791666666675,0.0013177083333333344,0.0013151041666666682,0.0012890624999999998,0.0013437500000000012
