HitRate: 2966738/3000000 0.988913
CumReqs: 3000000
CumProbs: 0.9939530278589166
