HitRate: 399782/30000000 0.013326
CumReqs: 3750871,3749267,3749498,3753098,3749528,3749185,3748495,3750058
CumProbs: 0.0016253339541024711,0.0016178870680221404,0.0016502643716380533,0.0017042364747626689,0.0016519923014277596,0.001573466720500249,0.0016383865340003257,0.001668204598773481
