HitRate: 2852536/3000000 0.950845
CumReqs: 3000000
CumProbs: 0.8493554687533065
