HitRate: 1745883/3000000 0.581961
CumReqs: 3000000
CumProbs: 0.4181805555555376
