HitRate: 348200/3000000 0.116067
CumReqs: 23301,23422,23469,23821,23693,23757,23494,23401,23603,23477,23477,23350,23403,23386,23387,23575,23491,23418,23420,23527,23543,23438,23410,23397,23348,23595,23130,23527,23304,23301,23361,23606,23718,23660,23333,23433,23377,23475,23284,23557,23286,23181,23517,23311,23452,23285,23220,23669,23509,23701,23407,23539,23394,23580,23653,23688,23486,23106,23434,23540,23319,23292,23449,23719,23731,23687,23591,23387,23327,23372,23501,23512,23498,23154,23610,23404,23480,23296,23303,23259,23423,23264,23080,23259,23498,23433,23558,23508,23584,23485,23513,23450,23279,23086,23358,23560,23228,23378,23349,23571,23426,23290,23253,23635,23574,23417,23253,23411,23333,23368,23476,23397,23579,23355,23649,23391,23406,23248,23477,23022,23488,23326,23489,23707,23342,23153,23364,23789
CumProbs: 0.0006796875000000002,0.0006757812500000006,0.0006575520833333336,0.0006497395833333335,0.0006341145833333331,0.0006523437500000004,0.0006536458333333336,0.0006679687500000002,0.0006627604166666669,0.0006679687499999998,0.0006783854166666676,0.0006588541666666671,0.0006744791666666667,0.0006731770833333336,0.0006406249999999998,0.0006497395833333334,0.0006406250000000005,0.0006666666666666666,0.0006315104166666667,0.0006536458333333331,0.0006510416666666665,0.0006497395833333334,0.0006627604166666673,0.0006666666666666669,0.0006445312500000005,0.000658854166666667,0.0006640625000000004,0.0006497395833333329,0.0006692708333333338,0.0006653645833333339,0.0006510416666666677,0.0006458333333333334,0.000662760416666667,0.0006210937500000001,0.00065625,0.0006653645833333339,0.000677083333333334,0.0006731770833333338,0.0006979166666666667,0.0006536458333333331,0.0006861979166666672,0.0006614583333333336,0.0006679687500000002,0.0006757812500000003,0.0006432291666666676,0.0006718750000000008,0.0006666666666666666,0.0006549479166666665,0.0006471354166666665,0.0006705729166666668,0.0006731770833333337,0.000654947916666667,0.0006484375000000006,0.0006809895833333337,0.0006679687500000006,0.0006223958333333336,0.0006445312500000006,0.0006341145833333339,0.0006484375000000003,0.0006679687499999999,0.0006640624999999999,0.000645833333333334,0.0006653645833333341,0.0006757812500000003,0.0006536458333333339,0.0006705729166666673,0.0006679687499999998,0.0006614583333333338,0.000641927083333334,0.0006679687500000004,0.0006341145833333341,0.0006614583333333333,0.0006770833333333341,0.0006601562500000003,0.0006575520833333334,0.000673177083333334,0.0006692708333333341,0.0006679687500000006,0.0006627604166666674,0.0006575520833333332,0.0006328125000000009,0.0006666666666666671,0.0006575520833333332,0.0006666666666666665,0.0006549479166666667,0.0006536458333333334,0.0006744791666666674,0.0006445312500000005,0.0006666666666666672,0.0006523437500000001,0.00065625,0.0006562499999999998,0.0006484375000000004,0.0006536458333333333,0.0006536458333333332,0.0006432291666666668,0.0006210937500000002,0.00062109375,0.0006562500000000004,0.0006861979166666673,0.0006588541666666669,0.0006627604166666673,0.0006406250000000004,0.0006640625000000008,0.0006640625000000003,0.0006575520833333337,0.0006666666666666672,0.0006718750000000001,0.0006640625,0.0006497395833333331,0.0006809895833333333,0.0006692708333333338,0.0006718750000000005,0.0006393229166666666,0.0006692708333333336,0.0006627604166666669,0.0006497395833333332,0.0006666666666666666,0.0006601562499999998,0.0006601562499999996,0.0006406249999999996,0.000649739583333334,0.0006484375000000004,0.0006744791666666671,0.0006731770833333336,0.000662760416666667,0.0006679687500000004,0.000661458333333334
