HitRate: 17449957/30000000 0.581665
CumReqs: 3749010,3750731,3749816,3751869,3751761,3749794,3749284,3747735
CumProbs: 0.05217500000000042,0.05273194444444429,0.05211666666666685,0.0522013888888889,0.05232361111111097,0.05228888888888884,0.05229583333333347,0.05227916666666707
