HitRate: 548038/3000000 0.182679
CumReqs: 23499,23281,23769,23555,23377,23529,23645,23366,23603,23450,23635,23280,23349,23683,23402,23444,23723,23565,23597,23533,23251,23498,23194,23533,23523,23556,23356,23350,23431,23305,23436,23369,23732,23763,23452,23441,23489,23420,23225,23660,23057,23683,23514,23479,23147,23409,23476,23229,23472,23304,23511,23531,23490,23410,23716,23206,23774,23390,23435,23350,23423,23539,23501,23762,23558,23682,23497,23413,23334,23169,23706,23689,23380,23239,23376,23385,23527,23430,23409,23303,23644,23463,23239,23609,23349,23459,23506,23236,23216,23426,23472,23391,23444,23498,23311,23279,23343,23403,23116,23410,23302,23361,23215,23503,23720,23575,23424,23322,23676,23555,23199,23174,23356,23331,23451,23630,23307,23421,23375,23262,23190,23259,23378,23454,23525,23320,23455,23272
CumProbs: 0.0035468750000001077,0.003557291666666778,0.0035208333333334404,0.003496527777777884,0.003524305555555663,0.0035694444444445564,0.0035295138888889956,0.003493055555555666,0.0035972222222223345,0.0035486111111112193,0.0034947916666667714,0.003541666666666775,0.0035243055555556663,0.003543402777777886,0.0035347222222223305,0.0034965277777778817,0.003522569444444553,0.003538194444444548,0.0035416666666667753,0.0035208333333334387,0.003529513888888996,0.0035069444444445503,0.0035138888888889943,0.0035850694444445534,0.0035538194444445564,0.0035711805555556637,0.003473958333333436,0.003522569444444554,0.003494791666666772,0.003517361111111219,0.00350694444444455,0.003531250000000107,0.0035208333333334387,0.0035434027777778852,0.0034930555555556606,0.003496527777777885,0.003555555555555666,0.0035277777777778852,0.0035434027777778844,0.003517361111111217,0.0034982638888889955,0.0035329861111112184,0.003524305555555662,0.0035902777777778866,0.0035416666666667753,0.003541666666666775,0.003536458333333442,0.0035381944444445534,0.0035034722222223274,0.003555555555555665,0.0035190972222223266,0.00356597222222233,0.0035243055555556667,0.0035190972222223283,0.0036076388888889987,0.0035000000000001063,0.0035312500000001072,0.0035121527777778874,0.003546875000000107,0.003531250000000105,0.0035225694444445533,0.0035086805555556632,0.0035138888888889964,0.003586805555555665,0.0035659722222223297,0.003571180555555665,0.0035520833333334435,0.0035434027777778857,0.003501736111111218,0.003526041666666773,0.003555555555555663,0.0035642361111112193,0.003532986111111219,0.0035243055555556593,0.003564236111111222,0.00354687500000011,0.0035260416666667736,0.003489583333333439,0.0035052083333334413,0.0035260416666667745,0.0034878472222223283,0.0035920138888889974,0.003557291666666773,0.003543402777777886,0.0035156250000001076,0.0035104166666667727,0.0035520833333334413,0.0035329861111112184,0.0034739583333334378,0.003461805555555658,0.0035520833333334426,0.0035156250000001055,0.0035190972222223288,0.0035329861111112176,0.0035625000000001085,0.003529513888888997,0.00350694444444455,0.003522569444444551,0.0034982638888889955,0.0035503472222223292,0.0034704861111112166,0.0035590277777778866,0.0034878472222223305,0.0034878472222223283,0.0035399305555556615,0.0035416666666667745,0.003546875000000109,0.0035364583333334413,0.0035156250000001076,0.003543402777777886,0.003539930555555664,0.003480902777777886,0.0035138888888889973,0.0035451388888889943,0.0035468750000001072,0.0035711805555556646,0.0035208333333334417,0.003493055555555663,0.003522569444444551,0.003545138888888997,0.00350347222222233,0.0035468750000001085,0.0035434027777778852,0.0035677083333334413,0.003541666666666776,0.0035034722222223313,0.0035416666666667745,0.00353645833333344
