HitRate: 27000095/30000000 0.900003
CumReqs: 30000000
CumProbs: 0.8999999999944058
