HitRate: 1717770/3000000 0.572590
CumReqs: 373719,350652,280572,360270,390382,450374,382598,411433
CumProbs: 0.21491609277711074,0.19420316089582668,0.12199922534892578,0.19659898896055664,0.22893534724865777,0.2806579476271986,0.22206531027304457,0.2631271412713328
