HitRate: 24658372/30000000 0.821946
CumReqs: 1400222,688282,693824,746705,959055,946738,880963,935593,1065662,1094151,839911,752647,713990,718850,732298,724611,783330,948029,1016558,934452,863033,935929,934015,910604,789193,820417,833566,879684,1246049,1111989,1752260,1347390
CumProbs: 0.12387314406204215,0.05258266156197477,0.0530507904226115,0.058406183341283335,0.07945499151126638,0.07811414026619548,0.07172843363447162,0.07709651491530856,0.09030388409159273,0.09302327756418666,0.06761992949510387,0.05886358788598674,0.055122079813975114,0.055440754108955895,0.05688223934191522,0.056073052294320185,0.061860628910048884,0.07839886461916538,0.08519240700973613,0.07704501325855749,0.0701118988841654,0.07716382246792727,0.07729042551155021,0.07472553700920782,0.06262782277868333,0.06549957012327708,0.06695218495155199,0.07154583968556716,0.108110332510532,0.09458120268090224,0.15879422899619267,0.11825541068237684
