HitRate: 364109/3000000 0.121370
CumReqs: 93572,93415,93518,94417,94375,93131,94063,93782,93976,93994,93425,93873,93881,94061,93411,93956,93381,93747,93628,93730,93798,93809,93999,93440,94178,94264,93455,93193,93758,93312,93951,93507
CumProbs: 0.0023194444444444417,0.0025138888888888863,0.0024826388888888884,0.002357638888888886,0.002555555555555555,0.0024826388888888875,0.0025520833333333294,0.002482638888888886,0.0025069444444444445,0.002586805555555555,0.002583333333333332,0.002517361111111109,0.0024999999999999983,0.002586805555555555,0.002562499999999999,0.002427083333333332,0.0023993055555555556,0.0025416666666666656,0.002465277777777777,0.0025312499999999996,0.002503472222222223,0.0024999999999999988,0.002416666666666665,0.0024409722222222207,0.0024895833333333337,0.0025277777777777764,0.002475694444444445,0.002465277777777778,0.0026284722222222217,0.002552083333333334,0.0024618055555555535,0.00244097222222222
