HitRate: 2960848/3000000 0.986949
CumReqs: 406791,328057,288059,431598,413576,361134,414948,355837
CumProbs: 0.12244246712107126,0.10201007012652918,0.09238100602985005,0.1323645740571372,0.1298149815005452,0.1169570527441145,0.12123014469963896,0.12057154739802955
