HitRate: 1524510/3000000 0.508170
CumReqs: 95158,95501,95164,94043,94481,92258,92822,90202,91706,91909,96197,95762,96935,95276,94100,94304,95522,95059,93352,92406,93052,93591,92845,90014,90359,91754,96111,96227,94143,91321,92193,96233
CumProbs: 0.003206237407457617,0.0033148218033469965,0.0031252987319940594,0.003637577262294268,0.0035013471459790623,0.004235124520654851,0.003811778609073858,0.0029044660495564536,0.003502679469855007,0.0034407264096236417,0.0038990458229481465,0.004180499241741175,0.0035293259473738728,0.004339045782978431,0.003924026895622084,0.004058258526123375,0.003195245735481084,0.003441059490592628,0.003085662096684745,0.003130294946528847,0.0034683721300494655,0.003442058733499585,0.003081665125056915,0.0029457680897106947,0.002960423652346073,0.004230128306120062,0.004103224456936461,0.0035982737079539415,0.004355366750458736,0.003973989040969959,0.0037235121522926134,0.0038827248554678395
