HitRate: 1882216/3000000 0.627405
CumReqs: 3000000
CumProbs: 0.627986947326993
