HitRate: 2957186/3000000 0.985729
CumReqs: 59635,77734,62292,101680,67513,365029,76164,62136,95611,66162,212386,74302,62078,90447,65978,178198,72334,61474,86318,64890,143069,70731,60254,83192,64209,123260,69778,59392,80082,63565,111020,69087
CumProbs: 0.019468531095663075,0.025514341383093744,0.020340379531778984,0.03351585973872476,0.022109149584372385,0.12127040409397422,0.024926549863732016,0.0203213366099854,0.03141669499301283,0.021683540282285925,0.07037787821861087,0.024330823793622957,0.02027975956406944,0.02966633309815325,0.021526436177488926,0.058995289098530274,0.023692251149478368,0.020051879266606305,0.028334598100722464,0.02115319491033482,0.04723533274490705,0.023188248486008374,0.019656103875329806,0.027330083976111308,0.021002438446135665,0.04066362043394374,0.022866105725667052,0.019359669059409806,0.02625796747913293,0.020789157722047615,0.03650210725798746,0.02261220010175267
