HitRate: 2129639/3000000 0.709880
CumReqs: 298166,333156,425926,308100,355001,571165,317027,391459
CumProbs: 0.06329570241299262,0.07460925509799927,0.10617546382406731,0.06575462094776446,0.08144128409155534,0.15366578062682143,0.07069573693229793,0.09404415611106441
