HitRate: 2729530/3000000 0.909843
CumReqs: 3000000
CumProbs: 0.5755704106995054
