HitRate: 2959946/3000000 0.986649
CumReqs: 33858,31023,28509,69905,39670,32991,30599,28483,63520,39077,33467,30330,28436,59192,38408,32279,30402,28182,55554,37541,32713,29745,27979,52935,37146,32199,29765,28426,50406,36586,32647,29194,28023,48253,36003,31686,29562,313598,46567,35395,31618,29521,170967,45342,35390,31215,29546,140191,43480,34658,31157,29163,107325,42602,34807,31157,29119,89141,41635,33820,30849,29135,77332,40576
CumProbs: 0.011138495952208631,0.010141330177405983,0.009350432846162757,0.023094504518700414,0.013039976457572367,0.010781609202355096,0.010000087709455471,0.009313836831982855,0.02097375037465547,0.01285911351146015,0.010978804253969078,0.009928407913086586,0.009317163742362845,0.01956314037353945,0.012612317250544484,0.010567779598841151,0.009971355301628286,0.009209492824610432,0.018324924819386575,0.01233164699303254,0.010686943479724443,0.009728793290287146,0.00914446684900152,0.017435429962336338,0.012178911561951156,0.010523924871104906,0.00974935964536345,0.009275728585812059,0.016640298381518596,0.011975667582373544,0.010692689961289891,0.00957908232318756,0.009150213330566963,0.015893860670807967,0.011778170084361368,0.010411112364583407,0.009663767314678232,0.10438211561860423,0.015350364493276758,0.01162331752849272,0.010349715745752677,0.009661045297094613,0.05677372563454012,0.014926032196628867,0.01161999061811273,0.010214522205765783,0.009635034906851048,0.04655406184000525,0.014310856222728778,0.011336295896618987,0.010217244223349397,0.009571823609631219,0.03561820497457785,0.01402716150123504,0.011385292213124298,0.01018730202992949,0.009525549310709532,0.029473703949133363,0.013719875960683177,0.011099177920445106,0.010109573305596984,0.009499236474067788,0.025542808111975335,0.01330612928797162
