HitRate: 1678174/3000000 0.559391
CumReqs: 375799,374929,375204,375143,374983,374633,374656,374653
CumProbs: 0.05458333333333332,0.055833333333333325,0.05375000000000003,0.05437499999999997,0.05520833333333336,0.05604166666666668,0.05312499999999999,0.05479166666666667
