HitRate: 2348767/3000000 0.782922
CumReqs: 70300,82594,72271,99575,75717,277992,81044,71773,94796,75188,173593,80115,72141,92105,74957,151933,79422,71366,88922,73766,127854,78469,71174,86378,73456,114027,77615,70922,84707,73500,105579,76749
CumProbs: 0.017381729052254623,0.02149526773046428,0.01802983806818779,0.027104557312909658,0.01919064814182403,0.08645231447692751,0.021025813707878305,0.01796153757824369,0.025462661255517875,0.018791284141670077,0.05172852434256288,0.02064195898928369,0.01793588761258769,0.024561631648000876,0.01877756439259844,0.04453370897608569,0.020284350747174416,0.017697879791734258,0.023582459121858163,0.018536275762184237,0.03661234341963466,0.020188312503672406,0.01765105369164162,0.022646831886247304,0.018481695021311854,0.03184771317134638,0.01980922987171129,0.017583647967941228,0.02202407458055567,0.018402359081027306,0.028879177029798832,0.019474885551940886
