HitRate: 2852243/3000000 0.950748
CumReqs: 3000000
CumProbs: 0.8481944444444978
