HitRate: 36507/3000000 0.012169
CumReqs: 3000000
CumProbs: 0.00788281249999982
