HitRate: 1738719/3000000 0.579573
CumReqs: 23716,23309,22969,23342,23836,23484,22868,23856,23287,23702,23545,22839,23775,23223,23349,23692,23702,23585,23317,23931,22993,22590,23065,22726,23470,23014,23103,23608,23354,22669,23844,23603,24106,23258,22694,23669,22710,23383,23473,23813,24533,23230,22871,24452,23688,23107,23269,23420,23551,23813,23047,23607,23160,22421,23802,23526,24493,24097,23692,23650,23805,23355,23694,23271,23291,23438,23881,23601,22935,23419,23129,23629,23315,24198,23208,23645,23276,23644,22635,23529,23544,23308,23826,22865,23802,23320,23813,23537,23383,23189,23118,23560,23444,22985,23000,23951,22915,23144,23482,22759,23489,23450,24099,24032,24280,23662,24495,23024,23129,23422,23539,22233,23035,22857,23100,23795,23166,24002,23593,23565,23607,23460,23454,23471,23673,23396,23621,23607
CumProbs: 0.0008432027896069612,0.0008571455128996748,0.0007319929728674603,0.0008315838535296999,0.0008196329478502313,0.0007409561521270621,0.0007671817507014518,0.0007638620546793772,0.0007668497810992443,0.0008863588378939317,0.0007877638660383148,0.0008007106805244058,0.0008428708200047539,0.0008415429415959238,0.0007887597748449371,0.0007711653859279412,0.0007791326563809207,0.0008561496040930523,0.0008149853734193266,0.0009334985214073919,0.0008412109719937164,0.0007778047779720908,0.0007797965955853353,0.0007778047779720906,0.0008505061208555256,0.0008163132518281567,0.0007027796478732036,0.0008149853734193268,0.0008202968870546461,0.0008681005097725213,0.0008066861333641402,0.0008388871847782643,0.000837227336767227,0.0007658538722926221,0.000775812960358846,0.0008226206742700983,0.0007718293251323563,0.000790087653253767,0.0008256084006899657,0.0008591373305129196,0.0008428708200047537,0.000803034467739858,0.0007990508325133684,0.0008315838535297,0.0008189690086458165,0.0008229526438723059,0.0008624570265349941,0.0008554856648886374,0.0007927434100714264,0.0008631209657394092,0.0007671817507014517,0.0007997147717177835,0.0007226978240056516,0.0007784687171765054,0.0008624570265349946,0.0008242805222811357,0.0008136574950104969,0.0007997147717177833,0.0008674365705681062,0.0008624570265349943,0.0008432027896069611,0.0008375593063694345,0.0008505061208555254,0.000808677950977385,0.000788095835640522,0.0008740759626122553,0.0007731572035411863,0.0008126615862038745,0.0008292600663142477,0.0008027024981376505,0.000793739318878049,0.0008080140117729701,0.0008076820421707623,0.0008900105035182139,0.0007774728083698833,0.0008345715799495672,0.0007373044865027798,0.0008833711114740646,0.0007970590149001236,0.0008870227770983466,0.0008116656773972522,0.0008053582549553103,0.0008103377989884224,0.0007973909845023314,0.0007950671972868788,0.0007934073492758415,0.0008820432330652346,0.0007870999268338995,0.0007950671972868789,0.0008186370390436088,0.0007861040180272771,0.0008325797623363226,0.0008491782424466958,0.0007426160001380994,0.0007947352276846711,0.0008219567350656835,0.0007499193313866637,0.000780128565187543,0.0007475955441712114,0.0007525750882043233,0.0007631981154749621,0.0007904196228559741,0.0008276002183032102,0.000769505537916904,0.0007658538722926216,0.0008199649174524386,0.0007854400788228624,0.0008458585464246209,0.0008242805222811356,0.0008133255254082894,0.0008209608262590611,0.0007482594833756261,0.0008352355191539821,0.0008202968870546462,0.0008110017381928373,0.000827932187905418,0.0008146534038171192,0.0007993828021155761,0.0007904196228559743,0.0007572226626352279,0.0007977229541045387,0.0007655219026904143,0.0007977229541045386,0.0008475183944356582,0.0008209608262590612,0.0008989736827778155,0.0008070181029663474,0.0008468544552312435
