HitRate: 300128/3000000 0.100043
CumReqs: 375063,375273,375112,374673,374250,375472,375526,374631
CumProbs: 0.012500000000000053,0.012500000000000053,0.012500000000000053,0.012500000000000053,0.012500000000000053,0.012500000000000053,0.012500000000000053,0.012500000000000053
