HitRate: 1882839/3000000 0.627613
CumReqs: 3000000
CumProbs: 0.6275777288075681
