HitRate: 18827416/30000000 0.627581
CumReqs: 234693,234724,233982,234840,234051,235080,234785,234878,233575,233988,233772,234225,233884,234354,233927,234268,233925,235107,234289,234467,233884,234260,235116,233665,234439,234275,234238,234431,234480,233917,235040,234643,234070,234987,234435,234141,233931,234802,234139,234193,234574,233989,234922,233566,234055,234602,234358,234339,234163,234388,233981,234435,234199,234344,234485,234470,234118,234203,234322,234591,233988,234191,233351,234668,234196,234050,233793,234239,234084,234426,234162,234399,233922,234748,233709,235031,235566,234487,234155,233697,234018,234166,234570,235316,234681,235482,234209,234788,234020,234015,234789,234114,234252,234449,234640,233739,234891,234366,234273,234670,234731,234797,233082,235108,234266,234731,234689,235433,234253,234148,234661,234599,234870,234611,234067,233846,234515,235094,234385,233352,234725,233958,234606,234832,235380,234562,234039,234346
CumProbs: 0.0049220760689069245,0.004874996663142123,0.004912061159874493,0.004897601920953788,0.004893340003167979,0.004915445354550502,0.004900760310820292,0.004905769664681242,0.004896065275697036,0.0049013526711973515,0.004911827983922795,0.004901158188791742,0.004905622632867955,0.004899028831595712,0.004911015869078724,0.004907636969808789,0.004902730080331756,0.004904492233767349,0.004918155448326249,0.004897438582729575,0.004890239931940786,0.004900003511823819,0.00490633808532547,0.004888938822524366,0.004891669485131701,0.004911057828003202,0.004912731842537387,0.004887232820574835,0.0049117037697457054,0.004881013722514642,0.004912756838448826,0.004909296597418448,0.00491063427283278,0.004913776687641252,0.004910878439308709,0.004930485638617331,0.004894950316037484,0.004894871645037745,0.00490111986878043,0.004899297890494709,0.0049030432628669966,0.004915915469200568,0.004909137669048706,0.00490447489287917,0.0049140397286140955,0.004912429656765455,0.004894754001764828,0.004929754385255229,0.004925531797679582,0.004910128737745997,0.004921023813327069,0.004905071946991716,0.004905401745453739,0.004906514005055672,0.0048972227602799585,0.004913175547702884,0.004906883198425011,0.004904648268123499,0.004898988116295513,0.004901732499459632,0.004916281405329624,0.004896579360988749,0.0048944879198872535,0.0049120400391499015,0.004893323355503015,0.004900287395201254,0.0048960589814853765,0.00490275680828394,0.00489060828899351,0.004906618462168096,0.004913807730233131,0.004906169199145575,0.004889435286844611,0.004898007629187156,0.00490738953958218,0.004892726851520272,0.004924585858070278,0.0049015447197940515,0.004881733494359051,0.004902977544466773,0.0049227177726427875,0.004897265852422926,0.00489189675464815,0.004898232630774622,0.004888848411624903,0.004904136792421782,0.0049028702770266865,0.004909773126451556,0.004898407832189391,0.004889577893205624,0.004904373238634616,0.004896604807746221,0.004916560737115495,0.004904069781976066,0.004907831123574178,0.004897559527866278,0.004921553787549545,0.004901617072710593,0.004899295384935682,0.004895622381620302,0.004898057952905443,0.004880206756727975,0.004893627813272978,0.004892574776986268,0.0049246988845119,0.004914034236132545,0.0048872219019364385,0.004900609871891567,0.004911521169926343,0.004902287794571578,0.004902784195279702,0.004880728637966336,0.004887931974623863,0.004900205119332379,0.004930976624154971,0.004919949973969618,0.0049029201781107265,0.004892409355972924,0.00490199299648918,0.00487479837228144,0.004917135384154644,0.004897767875956483,0.00490052503932979,0.004913446886873507,0.004888848114044878,0.004899820492761116,0.004896336683633882,0.004911490705133532
