HitRate: 3317567/30000000 0.110586
CumReqs: 30000000
CumProbs: 0.08939184027817514
