HitRate: 2808840/3000000 0.936280
CumReqs: 188407,187225,187928,187915,186820,187378,187787,187137,186919,187236,187036,187260,188049,188635,187252,187016
CumProbs: 0.054375000000000034,0.05416666666666671,0.05416666666666671,0.053958333333333386,0.05427083333333342,0.05395833333333339,0.05385416666666669,0.05375000000000005,0.054062500000000055,0.05385416666666672,0.05458333333333337,0.0540625000000001,0.054270833333333365,0.05395833333333339,0.05395833333333336,0.053958333333333365
