HitRate: 2688992/3000000 0.896331
CumReqs: 3000000
CumProbs: 0.5187238908077793
