HitRate: 395307/3000000 0.131769
CumReqs: 3000000
CumProbs: 0.13211552298978507
