HitRate: 2939919/3000000 0.979973
CumReqs: 3000000
CumProbs: 0.9799855926375153
