HitRate: 363711/3000000 0.121237
CumReqs: 3000000
CumProbs: 0.07986545138889682
