HitRate: 2908840/3000000 0.969613
CumReqs: 3000000
CumProbs: 0.9548298265724566
