HitRate: 2939461/3000000 0.979820
CumReqs: 185915,187603,187542,188194,186964,187452,187701,187980,187708,187762,187062,188088,187288,186847,187844,188050
CumProbs: 0.06117524246646456,0.061387080788885454,0.06120224338305047,0.06125603602790803,0.06117418784487943,0.06121601161974599,0.06140439828291611,0.06126369266741683,0.061233684994311435,0.06131229900447875,0.06130431426047648,0.06116921072539815,0.06118507171323922,0.06121513146642303,0.06122197392070808,0.061163041840125464
