HitRate: 29696479/30000000 0.989883
CumReqs: 30000000
CumProbs: 0.9921052833151474
