HitRate: 5989951/30000000 0.199665
CumReqs: 1874961,1876582,1874667,1875874,1873641,1873576,1875659,1874837,1875631,1874011,1874152,1876014,1876846,1874952,1873771,1874826
CumProbs: 0.025029166666666786,0.02514166666666682,0.024982638888889016,0.024959722222222383,0.02517500000000024,0.025122222222222233,0.025090972222222393,0.024986111111111323,0.025045833333333403,0.024950694444444706,0.02520555555555574,0.025185416666666797,0.02515555555555559,0.02512777777777797,0.02520972222222242,0.024897222222222487
