HitRate: 2786333/3000000 0.928778
CumReqs: 3000000
CumProbs: 0.8859731705315999
