HitRate: 2506670/3000000 0.835557
CumReqs: 3000000
CumProbs: 0.7693908295427909
