HitRate: 2998166/30000000 0.099939
CumReqs: 30000000
CumProbs: 0.10000000000076964
