HitRate: 2960007/3000000 0.986669
CumReqs: 3000000
CumProbs: 0.9879326100351334
