HitRate: 2738151/3000000 0.912717
CumReqs: 28388,12869,28248,30195,17863,23841,18258,22837,15033,17392,20488,19358,14582,16208,31681,34507,28472,33369,14135,26509,18896,13870,25132,28954,27210,36141,13391,25033,14582,35133,12024,24960,17595,17262,10020,28869,20941,22403,52010,33926,16419,12878,12052,60907,33829,25619,18249,17883,12931,21939,66347,14401,10909,10077,18803,31135,12144,17293,21714,19335,28029,29073,14669,9421,23290,23170,10535,9697,55602,19385,14454,18024,21729,39054,14277,12963,21988,23775,62484,19767,33007,59488,14829,36249,29065,20382,46565,60725,24272,26919,17433,20495,21041,42347,9973,32888,13886,16392,10574,14248,56011,14052,27991,17402,11179,15662,26279,22525,19300,12542,50356,25454,33295,16172,16868,17553,13548,22427,28405,18048,14081,10284,24615,20416,10119,16617,16808,12378
CumProbs: 0.007263290400609092,0.0036017414429369856,0.008606902609949315,0.009035997795032997,0.00526685859921307,0.007212659700304229,0.005419067142004557,0.006716162395439692,0.004352974458710346,0.0019957989176422053,0.005968726682189193,0.010227717903458644,0.0036254745837048883,0.004757387177395418,0.006746224373745704,0.005041235540979542,0.007318351287190623,0.010401444493879699,0.004093175677771031,0.005521277868244994,0.005654183456545252,0.004058367071311442,0.006015243638094289,0.008384127528607926,0.006111758410550424,0.011117552461316568,0.003664080492687346,0.007225317375380445,0.003969446903901034,0.008002498625060046,0.0033438413132591068,0.0038596415726148657,0.004190323333980984,0.005026046330888082,0.002753360770953672,0.008973658745282638,0.006340862329429917,0.005207367526354863,0.016252454797860093,0.010875474425483946,0.004833966111606518,0.003656169445764709,0.0033508030345510242,0.011545381878892627,0.01025777988176466,0.004568154935006003,0.005278883390535478,0.005305148066318623,0.0036283225605970365,0.003567565720231203,0.01894759026346318,0.0037900243596956855,0.002991325062386515,0.0027210836995093263,0.005447546910926044,0.009550532286881134,0.0034349765738078534,0.005008642027658284,0.005091233357530587,0.0044200601366142876,0.008707214684928317,0.00511654870768302,0.004203297450934106,0.0024805878730612403,0.0034052310373787467,0.006956025338133967,0.002810953192550451,0.0026441883234213184,0.017555878888833337,0.0059915104973263834,0.004177032775150959,0.00537919546551448,0.006630723088675242,0.004385567972031598,0.004121022562938706,0.003446052039499541,0.006187071577253905,0.00709462688021852,0.006245296882604494,0.008148378330313424,0.00810787377006954,0.011490320992311091,0.004271016012591856,0.005933918075729602,0.0032897297523082863,0.005939614029513903,0.005498177611230902,0.01384781297525615,0.006173464576546973,0.004979845816859897,0.003526744718110411,0.0021277551803117467,0.006134225783810711,0.008486338254848371,0.00258248215742477,0.009160359452656818,0.003332765847567418,0.004077353583925765,0.0028286739376571527,0.0027062109312947745,0.01869791762258483,0.004041912093712363,0.00622156374183659,0.005193444083771024,0.0030764479272740635,0.004116908818538936,0.00384635101378484,0.006401302727918846,0.005033008052179998,0.003553642277647368,0.005574756545442005,0.004800423272654546,0.007990790275614548,0.00471403464025938,0.004881432393142325,0.005132687243405191,0.003053347670259971,0.006020623150001675,0.008642976983916527,0.005143446267219978,0.0036855985403169114,0.00279671330808971,0.007150953534307676,0.0060731525015679695,0.0027258303276629075,0.003998875998453231,0.004906431301417851,0.0030479681583525783
