HitRate: 2540096/3000000 0.846699
CumReqs: 92816,90086,89267,89706,92060,94918,96715,97019,97816,96548,98264,95701,94261,92276,91557,91589,91988,93792,93428,94254,93974,95285,92914,93940,93213,94488,93912,93963,95152,93138,94444,91516
CumProbs: 0.07007163358125117,0.06980327284380437,0.06795905046587954,0.06804363644780566,0.07038380269370165,0.07139056874568303,0.0725820738884832,0.07166871059830326,0.07262133611136402,0.07235145998987738,0.07301382057798922,0.07138354287421993,0.07191833567851544,0.07062226903688427,0.07157902741551153,0.07001487556080487,0.06987422036936143,0.07013651957064365,0.0719140650507635,0.07293116326666091,0.07268966615539613,0.07160974838288853,0.06990149728209985,0.07071112564656165,0.07052252921454759,0.07091115633997709,0.07099560455971834,0.06991610007376782,0.07039689010132867,0.0708566025145004,0.07126768487617433,0.07067778719765991
