HitRate: 966782/3000000 0.322261
CumReqs: 391145,360702,329027,346375,374840,411974,401926,384011
CumProbs: 0.03157791592287397,0.034269234512336405,0.024257196069308366,0.012960990378577704,0.016239899639646605,0.018093659886654654,0.020758648548121112,0.028090033688976224
