HitRate: 2260663/3000000 0.753554
CumReqs: 93417,93424,93667,93377,91688,91728,93289,92787,93529,93672,93577,94126,94697,95292,99438,99569,96755,94600,92259,93774,94246,93883,93128,94346,93054,91968,91628,91191,89939,91573,94315,96064
CumProbs: 0.024748607774511284,0.0263306212651503,0.02720394569808081,0.025773951845098935,0.025794137025202796,0.024986729821048898,0.025514067651261883,0.025444996488094035,0.02618080938156706,0.026884136750810476,0.0257471434027735,0.025449727389680904,0.026531842279310547,0.026573474213274734,0.0279501665750449,0.02702858694592866,0.02623663402029177,0.026129715644429213,0.025459819979732772,0.026973077700643028,0.026640022228929583,0.027423774925149216,0.027127305092374022,0.025859738860540275,0.02575912835346013,0.02489495033026418,0.026011443104758232,0.026231903118704897,0.025702672927857155,0.025050123902312513,0.025485997635180002,0.025900109220747973
