HitRate: 1756638/3000000 0.585546
CumReqs: 3000000
CumProbs: 0.5863648933905423
