HitRate: 28102808/30000000 0.936760
CumReqs: 30000000
CumProbs: 0.8629260416657372
