HitRate: 14996463/30000000 0.499882
CumReqs: 30000000
CumProbs: 0.5000000000016115
