HitRate: 363710/3000000 0.121237
CumReqs: 3000000
CumProbs: 0.07961805555555586
