HitRate: 29633/3000000 0.009878
CumReqs: 3000000
CumProbs: 0.009999999999999419
