HitRate: 2352918/3000000 0.784306
CumReqs: 3000000
CumProbs: 0.44556496766069287
