HitRate: 303469/3000000 0.101156
CumReqs: 46783,46991,47053,46946,46978,46767,46643,46948,46868,46751,47144,46386,46743,47204,47244,47017,46962,47081,47137,47119,46807,46583,46810,46642,46841,46651,46872,46561,47033,46943,47047,46674,46671,46908,47171,46952,46830,46891,47014,46711,47117,47457,46602,47255,46790,46757,46603,46507,46853,46871,46645,46730,47020,46995,46796,47185,46878,46701,46774,46902,46876,46682,46940,46687
CumProbs: 0.0016543442663623283,0.0016758464413900338,0.0017076034998924885,0.0016037314543740381,0.0017023106568087455,0.0016824624952447114,0.0016563290825187314,0.0016712152036917572,0.0017033030648869482,0.0016473974098149154,0.001701979854116011,0.0016626143336806753,0.0016940405894903983,0.001731752096462064,0.0017178583833672417,0.0017109115268198276,0.0016947021948758656,0.001708595907970691,0.001682131692551977,0.001695694602954067,0.0017185199887527086,0.0016507054367422545,0.0016652607552225468,0.0016470666071221806,0.0017009874460378108,0.0016404505532675027,0.0016632759390661435,0.0016335036967200913,0.0016649299525298123,0.0016586447013678678,0.0016556674771332626,0.0016394581451893019,0.0016672455713789517,0.0016569906879041973,0.0017066110918142869,0.0016543442663623277,0.001675515638697298,0.0016275492482508806,0.0017079343025852213,0.0016487206205858507,0.0017138887510544324,0.0017135579483616985,0.0016715460063844916,0.001656990687904198,0.0016500438313567867,0.0016897401544848567,0.0016424353694239064,0.0016543442663623268,0.0016751848360045652,0.0016732000198481601,0.0016275492482508802,0.001655998279825997,0.0016569906879041999,0.0016993334325741396,0.0016622835309879401,0.001691394167948527,0.00169172497064126,0.0016639375444516117,0.001656659885211466,0.001659967912138804,0.0016900709571775916,0.001692717378719462,0.0016834549033229126,0.0016536826609768601
