HitRate: 28104842/30000000 0.936828
CumReqs: 937323,937439,937985,937433,937178,937677,936513,939098,935919,937663,937621,937922,938328,936289,937909,936054,937617,938358,936641,937054,937775,936433,939128,939173,938397,936451,938043,936956,937787,937451,937867,936518
CumProbs: 0.026976562499997286,0.02699843749999728,0.026985937499997285,0.026969791666663953,0.026989583333330614,0.026981770833330615,0.026968229166663953,0.02697083333333062,0.026998437499997283,0.02693906249999729,0.026977604166663952,0.026979166666663952,0.026985937499997285,0.026988020833330618,0.026952083333330618,0.027007812499997286,0.02696354166666395,0.026979166666663952,0.026973958333330616,0.026955208333330618,0.026969270833330616,0.026978124999997286,0.02695729166666395,0.026969270833330623,0.02696822916666395,0.02695989583333062,0.026973437499997283,0.026976562499997286,0.02698333333333061,0.026981770833330615,0.02698177083333062,0.02698020833333062
