HitRate: 303654/3000000 0.101218
CumReqs: 3000000
CumProbs: 0.29221950417258336
