HitRate: 2961075/3000000 0.987025
CumReqs: 298271,333271,425959,307852,355019,570906,317535,391187
CumProbs: 0.09789384118243433,0.10958712164668845,0.1405885509283189,0.10108403124343004,0.11691936031281984,0.18892629400180166,0.1043539909940947,0.12897384510220508
