HitRate: 2789321/3000000 0.929774
CumReqs: 48173,47292,42304,48341,49515,46630,44829,46656,47584,49756,45756,42111,46276,49439,44662,50060,45969,45578,48487,49195,48103,47844,49464,46843,47145,46024,46931,42628,45430,46779,48075,47943,47047,49573,48126,44366,46473,49142,47307,46593,50615,49294,42754,44781,48592,46362,46110,44002,46657,47930,45765,49669,47111,47644,46614,45295,51399,45578,47625,42058,45752,46697,45680,45567
CumProbs: 0.013852436755948815,0.01411132096972375,0.013211051826761362,0.013982399851923658,0.013989883149724021,0.013605014302096052,0.014364142765027527,0.013663838706323672,0.01413500229187649,0.014853588331282508,0.014164367131346185,0.01381426246463856,0.014244788901377186,0.014748443260923907,0.013866361373374731,0.014118425366369697,0.013711674977072447,0.013989598973858193,0.014448353546603078,0.014648034454995814,0.013805737188663458,0.014095217670659863,0.014619806318989645,0.014193921421392962,0.014289878138756125,0.013780729712470078,0.013385819984249338,0.014246115055417832,0.014017353483421289,0.014140117457461594,0.013839838292563614,0.0144914535529213,0.013679089477790127,0.014084608438335307,0.014313180559754632,0.013709117394279916,0.013774288392844485,0.014204909554871855,0.014581821478256499,0.01416304097730567,0.014377214854855843,0.01442912431301501,0.014385077053810615,0.014191458563889087,0.013812178508289,0.01420831966526177,0.01443727068783558,0.013819756531377996,0.014512766742858731,0.01442647200493387,0.014297266711267955,0.01439170782401345,0.014048897004528884,0.014131971082641049,0.013351245253906187,0.013884738079365367,0.014185490870706476,0.013829607961393568,0.014239105384060568,0.013471356919865353,0.014143717018428916,0.014190416585714351,0.013558977811830897,0.01433259924391998
