HitRate: 2910041/3000000 0.970014
CumReqs: 3000000
CumProbs: 0.9720054975790733
