HitRate: 1510924/3000000 0.503641
CumReqs: 3000000
CumProbs: 0.5082402288623817
