HitRate: 5989265/30000000 0.199642
CumReqs: 234820,234586,234944,234617,234517,234153,234011,233948,234395,234198,234749,234943,234737,234463,234202,233876,235158,235009,233749,234247,234788,232984,234959,233592,234635,233190,234285,234789,234371,234609,233869,235323,235157,235123,234402,234900,234559,233800,234334,234755,233515,233822,234709,233933,233817,235009,234315,234301,234138,234947,233878,234266,234294,234139,233914,235353,233798,234336,234158,234915,233634,234803,233815,235338,234149,235163,235528,234865,234101,234192,234086,235422,234463,235023,234668,234684,234054,234156,233507,234981,233796,234767,234198,233560,234772,235543,234338,233570,233314,233803,234508,234851,234149,234878,233502,233400,233912,234876,234242,234439,234023,234591,234899,234161,234491,234280,233716,234594,234669,233838,234013,233995,233743,234482,233880,234877,234049,234805,234681,234173,234135,234456,234592,234791,234203,234803,234687,234020
CumProbs: 0.0031118923611111477,0.0031442708333333583,0.0031128472222222616,0.003132552083333343,0.0031330729166666868,0.003143576388888901,0.003152343750000015,0.0031403645833333596,0.003134375000000026,0.00314505208333334,0.0031295138888889104,0.0031253472222222364,0.0031275173611111607,0.0031284722222222703,0.0031442708333333596,0.003110850694444471,0.0031487847222222767,0.003150520833333351,0.003156336805555589,0.003132291666666682,0.0031405381944444475,0.003128645833333363,0.003150260416666697,0.0031240451388889015,0.0031352430555555743,0.0031433159722222457,0.0031566840277778034,0.0031320312500000115,0.0031337673611111327,0.0031228298611111435,0.0031327256944444835,0.0031243923611111416,0.0031416666666666754,0.0031271701388889167,0.0031505208333333376,0.0031290798611111315,0.003135069444444495,0.0031500000000000286,0.0031172743055555598,0.003138888888888903,0.0031225694444444794,0.0031343750000000395,0.0031144097222222497,0.003146875000000016,0.0031319444444444654,0.0031269097222222566,0.0031355034722222223,0.0031123263888889158,0.003127083333333346,0.003127517361111128,0.003142534722222233,0.0031280381944444723,0.003126649305555564,0.0031298611111111353,0.003117361111111122,0.0031322916666666947,0.003142881944444474,0.003141840277777775,0.003146614583333367,0.0031310763888888963,0.003126388888888907,0.003131510416666706,0.0031526041666667106,0.0031390625000000134,0.0031068576388889485,0.0031553819444444624,0.0031395833333333393,0.003121180555555578,0.003144270833333355,0.003128385416666681,0.003136458333333361,0.0031403645833333604,0.0031404513888889122,0.0031451388888889113,0.0031440972222222595,0.0031411458333333517,0.0031411458333333443,0.003123697916666688,0.0031263020833333524,0.0031536458333333703,0.0031484375000000392,0.003144270833333367,0.0031533854166667197,0.0031582465277777932,0.0031165798611111294,0.0031052083333333487,0.00310980902777782,0.003136197916666686,0.003151302083333368,0.00313932291666667,0.003165190972222241,0.0031281250000000167,0.003126736111111129,0.003142708333333365,0.0031479166666666886,0.003132465277777807,0.0031309895833333567,0.0031321180555555937,0.003145138888888916,0.0031224826388889,0.0031355034722222457,0.0031480902777777948,0.0031253472222222316,0.0031440972222222595,0.0031486111111111294,0.0031315972222222288,0.003126562500000016,0.0031552083333333605,0.0031294270833333504,0.0031365451388889014,0.003124913194444469,0.0031443576388889053,0.0031187500000000117,0.003127864583333357,0.003115451388888891,0.0031491319444444527,0.003127170138888909,0.0031295138888888948,0.0031143229166666953,0.003129079861111129,0.003149218750000044,0.0031147569444444556,0.0031348090277777854,0.0031392361111111265,0.0031499131944444547,0.0031478298611111177,0.0031294270833333348,0.003133593750000031
