HitRate: 2701249/3000000 0.900416
CumReqs: 85204,99036,68120,130464,123646,85532,88279,102739,104074,116573,64647,87926,76694,103593,145659,73144,169754,53804,60119,64526,117781,73370,70643,91331,117374,77859,69460,117333,74463,83813,73517,129523
CumProbs: 0.01906926952307204,0.02793457856389975,0.01878498335837601,0.01632040040156246,0.03145088841075457,0.02209022227088581,0.020026344290992953,0.030454237842643977,0.03122002957631468,0.021756466355952672,0.017350360601499384,0.019481187643379822,0.01857556141570553,0.026612087240893936,0.04075614843035781,0.01438547357062103,0.03778037805442729,0.012532006928403418,0.014246958269957085,0.01842748196332906,0.032717973613494815,0.0180112764646674,0.017771513075184774,0.017853962658913324,0.027721858637880115,0.020484434178188713,0.016880727772581622,0.021117646981223936,0.019492730585101824,0.017107958825337485,0.020493338733231392,0.03914277497595771
