HitRate: 2338768/3000000 0.779589
CumReqs: 3000000
CumProbs: 0.7978094582721946
