HitRate: 1810304/3000000 0.603435
CumReqs: 43372,48023,44818,46172,48505,45747,45268,45997,45858,50988,48928,42676,47729,48067,47522,45450,44097,43715,45723,51017,45112,44766,46492,40629,46728,44860,42918,51248,44985,45855,46360,46602,48935,49604,50018,45164,47033,49695,45748,47573,49652,47590,51694,47187,47569,45985,47444,48287,48753,48740,50619,46787,46326,49203,45487,44446,47916,45881,47317,44720,47217,47089,47440,46654
CumProbs: 0.0013888770377799527,0.00215289068238102,0.002090535616885228,0.0015966178612475137,0.002358662398517134,0.0017721965983014509,0.0019307097384828598,0.0016625829568509538,0.0019113468497236402,0.0020455743328172096,0.0023898399312650273,0.002016365907400763,0.0020705163590155275,0.0022959791484661,0.0019356325068114752,0.0016570038194118585,0.0018332389255762802,0.0014102090338706183,0.0020029103406358794,0.0020354006116047423,0.0019901111429814805,0.0018204397279218804,0.001987157481984313,0.0014735486530321337,0.001657332003967098,0.0021207285959674023,0.0014787996059159904,0.0017653047226413906,0.001978296498992804,0.0018709801494289954,0.002052794393032514,0.001711810640137107,0.0016323899777687823,0.0020327751351628125,0.0018926403300749037,0.0017337990053382538,0.001936288875921956,0.0017676020145280763,0.0023137011144491126,0.0018827947934176724,0.0016783358155025247,0.002015709538290281,0.0019074086350607466,0.0019097059269474362,0.0016855558757178247,0.002444318567435035,0.0019323506612590631,0.0019336633994800274,0.0018611346127717656,0.002076423681009865,0.0021814427386869888,0.0017639919844204268,0.002209994794992957,0.0018818102397519494,0.0022483923879561547,0.0017364244817801807,0.001873933810426165,0.0017154206702447558,0.0018453817541201967,0.0017298607906753622,0.0019526981036840068,0.00165503471208041,0.0017134515629133114,0.002209338425882474
