HitRate: 1617724/3000000 0.539241
CumReqs: 375082,374865,375445,374363,373798,375554,375659,375234
CumProbs: 0.05777777777777771,0.060833333333333274,0.0569444444444444,0.057777777777777733,0.05555555555555553,0.05861111111111104,0.05694444444444443,0.05916666666666664
