HitRate: 2186119/3000000 0.728706
CumReqs: 371474,373675,377302,377892,378705,375818,374098,371036
CumProbs: 0.07670178883696459,0.07369992489578092,0.07451122167663833,0.07782423637184376,0.07579566515964328,0.07653024434718107,0.07315862136179978,0.07566791225746282
