HitRate: 33285/3000000 0.011095
CumReqs: 23562,23551,23598,23344,23398,23828,23542,23411,23420,23525,23339,23661,23485,23363,23580,23522,23657,23372,23535,23410,23400,23516,23344,23671,23575,23428,23376,23590,23333,23143,23488,23942,23572,23450,23459,23466,23423,23618,23075,23310,23536,23467,23278,23343,23617,23258,23180,23254,23469,23634,23457,23543,23269,23497,23637,23324,23528,23328,23537,23584,23297,23654,23498,23792,23511,23573,23467,23204,23273,23675,23571,23590,23357,23144,23482,23554,23427,23320,23536,23534,23496,23377,23265,23489,23429,23528,23276,23271,23272,23304,23475,23597,23586,23305,23164,23368,23081,23347,23410,23446,23334,23410,23520,23552,23567,23653,23489,23390,23552,23382,23235,23241,23242,23398,23487,23562,23339,23338,23457,23166,23164,23376,23250,23312,23628,23204,23582,23203
CumProbs: 7.465277777777781e-05,6.770833333333336e-05,6.597222222222226e-05,6.770833333333336e-05,6.076388888888893e-05,6.944444444444447e-05,7.11805555555556e-05,6.944444444444447e-05,7.11805555555556e-05,6.423611111111114e-05,7.465277777777783e-05,7.638888888888893e-05,6.944444444444449e-05,6.597222222222226e-05,6.250000000000003e-05,7.291666666666671e-05,7.986111111111116e-05,6.423611111111114e-05,7.812500000000004e-05,7.465277777777781e-05,7.29166666666667e-05,7.291666666666671e-05,6.944444444444449e-05,6.597222222222226e-05,7.465277777777781e-05,6.597222222222224e-05,7.29166666666667e-05,6.944444444444449e-05,6.597222222222226e-05,7.11805555555556e-05,7.118055555555559e-05,6.944444444444447e-05,7.29166666666667e-05,7.812500000000004e-05,7.118055555555559e-05,7.638888888888893e-05,6.250000000000003e-05,7.465277777777781e-05,6.770833333333337e-05,6.770833333333337e-05,7.812500000000003e-05,7.291666666666671e-05,6.597222222222224e-05,6.597222222222226e-05,6.944444444444447e-05,7.465277777777781e-05,6.423611111111114e-05,7.291666666666671e-05,7.291666666666671e-05,6.944444444444447e-05,7.29166666666667e-05,7.29166666666667e-05,7.638888888888893e-05,6.597222222222227e-05,6.076388888888893e-05,6.597222222222226e-05,6.423611111111114e-05,6.597222222222226e-05,7.986111111111116e-05,6.423611111111116e-05,8.159722222222227e-05,6.250000000000004e-05,7.465277777777781e-05,7.29166666666667e-05,7.465277777777781e-05,7.291666666666671e-05,6.944444444444447e-05,6.944444444444449e-05,6.944444444444449e-05,6.250000000000003e-05,6.423611111111114e-05,7.812500000000003e-05,7.29166666666667e-05,6.423611111111116e-05,7.11805555555556e-05,6.770833333333336e-05,7.29166666666667e-05,6.250000000000003e-05,7.638888888888894e-05,6.597222222222226e-05,6.597222222222226e-05,7.291666666666671e-05,7.29166666666667e-05,7.465277777777781e-05,6.423611111111114e-05,6.944444444444449e-05,7.11805555555556e-05,7.291666666666671e-05,6.944444444444449e-05,6.944444444444449e-05,7.465277777777781e-05,7.118055555555559e-05,6.944444444444447e-05,6.423611111111113e-05,7.812500000000004e-05,6.250000000000003e-05,6.944444444444449e-05,7.46527777777778e-05,7.29166666666667e-05,6.944444444444447e-05,7.291666666666671e-05,6.770833333333337e-05,6.770833333333337e-05,7.465277777777781e-05,7.118055555555561e-05,6.770833333333337e-05,7.465277777777781e-05,6.944444444444449e-05,7.118055555555559e-05,6.944444444444449e-05,7.11805555555556e-05,6.423611111111114e-05,6.944444444444447e-05,6.944444444444449e-05,6.944444444444449e-05,7.29166666666667e-05,7.118055555555559e-05,6.944444444444447e-05,7.29166666666667e-05,6.597222222222224e-05,6.770833333333336e-05,6.597222222222224e-05,6.597222222222226e-05,6.944444444444447e-05,7.11805555555556e-05,7.29166666666667e-05,6.250000000000003e-05,6.770833333333337e-05
