HitRate: 1696211/3000000 0.565404
CumReqs: 3000000
CumProbs: 0.059672628590852435
