HitRate: 1746793/3000000 0.582264
CumReqs: 187447,187492,187373,186952,187430,188436,188079,186575,187482,187672,186868,187738,187209,187894,188127,187226
CumProbs: 0.025486111111111123,0.027013888888888924,0.025902777777777795,0.027500000000000017,0.026875000000000007,0.027083333333333362,0.02722222222222226,0.026250000000000016,0.026458333333333355,0.0263888888888889,0.026597222222222237,0.02694444444444447,0.024652777777777808,0.025208333333333364,0.025833333333333357,0.027013888888888928
