HitRate: 2911037/3000000 0.970346
CumReqs: 3000000
CumProbs: 0.9809386804555512
