HitRate: 110698/3000000 0.036899
CumReqs: 187093,187631,186987,187175,187363,187935,186671,187301,187841,188087,187050,187551,187724,188236,187826,187529
CumProbs: 0.005138888888888889,0.005555555555555556,0.0059722222222222225,0.006388888888888889,0.005277777777777778,0.005,0.005555555555555556,0.005555555555555556,0.004861111111111111,0.005555555555555556,0.005694444444444445,0.005555555555555556,0.005138888888888889,0.005694444444444445,0.005555555555555556,0.005138888888888889
