HitRate: 347221/3000000 0.115740
CumReqs: 46581,47124,46890,46887,46677,46706,46927,46617,47105,47169,46612,46960,46466,47023,46648,47198,46881,46897,46849,46837,46701,46644,47290,46936,46996,46895,46749,47043,47176,46949,46587,46918,46324,47168,46756,47289,46479,47124,46996,46919,46706,46624,46742,46580,46916,47187,47190,46864,46910,46923,46882,46835,46837,46782,46601,47001,46817,46669,46996,47188,46718,47132,46849,47058
CumProbs: 0.0012499999999999994,0.0013020833333333326,0.0013281249999999994,0.0013802083333333327,0.001197916666666666,0.001354166666666666,0.0014583333333333327,0.0013281249999999997,0.0014583333333333325,0.0012499999999999992,0.0012499999999999994,0.001354166666666666,0.0013541666666666663,0.0013802083333333325,0.0011718749999999993,0.0011718749999999993,0.001432291666666666,0.0012499999999999996,0.001197916666666666,0.0011718749999999993,0.0011979166666666661,0.0012239583333333325,0.001276041666666666,0.0013020833333333328,0.001276041666666666,0.0012760416666666662,0.0014322916666666661,0.0013281249999999994,0.0012239583333333328,0.0012499999999999992,0.0013020833333333328,0.0012499999999999996,0.0013802083333333327,0.0012499999999999996,0.0012239583333333328,0.0013541666666666658,0.0015104166666666662,0.0014583333333333325,0.001197916666666666,0.0013802083333333322,0.0010677083333333326,0.001354166666666666,0.0013281249999999992,0.0011718749999999997,0.0012239583333333328,0.0011718749999999995,0.0014062499999999993,0.0013281249999999992,0.0012499999999999994,0.001432291666666666,0.0014843749999999996,0.0013020833333333326,0.0014062499999999995,0.0014062499999999997,0.001223958333333333,0.0011458333333333327,0.0012499999999999994,0.001354166666666666,0.001354166666666666,0.0013281249999999994,0.0012239583333333328,0.0013281249999999992,0.0012499999999999992,0.0014583333333333327
