HitRate: 2325095/3000000 0.775032
CumReqs: 87818,94816,90913,94097,100299,94635,93816,88243,95163,90162,96845,94998,95566,91580,96304,90540,91843,97817,92677,98783,95682,94740,90058,90247,93899,94273,92684,94386,92094,95914,94480,94628
CumProbs: 0.011346098153089837,0.010467752065662812,0.011098504666437244,0.01141402994004144,0.011292765741404141,0.011383341457339633,0.011984001468280244,0.010807708946854917,0.010968004128346026,0.011163159042614907,0.010582759389186142,0.010654564479779745,0.010547601709974314,0.012270923884220655,0.012026011915474,0.010878918144580526,0.010743352517111256,0.011987874771922206,0.011928285485122567,0.012123142452957423,0.010455238315434883,0.011641661015616171,0.010888750376902456,0.010229394918464184,0.011739685392401649,0.010951319128042043,0.010858359840634591,0.011644938426390194,0.010110514291298807,0.011937521824576509,0.011005843325463784,0.011474811012577123
