HitRate: 39729/3000000 0.013243
CumReqs: 3000000
CumProbs: 0.013323641209744335
