HitRate: 2805616/3000000 0.935205
CumReqs: 3000000
CumProbs: 0.982117775325572
