HitRate: 2960169/3000000 0.986723
CumReqs: 3000000
CumProbs: 0.9562490203009424
