HitRate: 1658599/3000000 0.552866
CumReqs: 22999,23614,23612,23774,23745,23282,23572,23410,23163,23377,23209,23667,23348,23498,23532,23989,23423,23497,23393,23225,23445,23655,23532,23960,23587,23584,23953,23287,22912,23081,23391,23609,23771,23719,23610,23186,23522,22960,23232,23368,23562,23169,23596,23629,23555,23615,23252,23249,23166,23518,23459,23688,23725,23730,23900,23922,23832,23878,23602,23595,23185,23579,23815,23405,23133,23151,23126,23433,23141,23587,23352,23230,23034,23367,23184,23137,23094,23523,23235,23365,23494,23056,23373,23382,23582,23907,23383,23529,23765,23984,23702,23873,23867,23308,23416,23260,23242,23358,23113,23141,23659,23515,23353,23276,23529,22941,23270,23373,23366,23408,23372,23049,23350,23165,23505,23588,23813,22948,22956,23115,23341,23476,23466,23625,23348,23466,23517,23064
CumProbs: 0.009407157282839815,0.009553284250344608,0.009505465736298261,0.009562367096588073,0.00962461130760929,0.009483560048299337,0.009515350010151394,0.00947554577220221,0.009433070108887283,0.009367353044890628,0.009413034418644422,0.00954259854888173,0.009655866984388192,0.009687389803703634,0.009873855294230788,0.009710898346921976,0.009685786948484194,0.009599499909171545,0.009464325785666193,0.009409027280595806,0.009693534082044802,0.009679375527606513,0.009593889915903526,0.009697541220093402,0.009671361251509348,0.009824433924964966,0.00972505690136026,0.009550345682442332,0.009408760138059259,0.00942505583279012,0.009510274301956535,0.009549277112296034,0.009834585341354708,0.009698609790239694,0.009597362768878976,0.009371894468012358,0.009293087419723638,0.009473942916982754,0.009480621480397073,0.009300834553284235,0.009475011487129047,0.009385251594840906,0.00945818150732502,0.009596294198732667,0.009665484115704772,0.009656401269461313,0.009605911330049214,0.009566374234636637,0.009388190162743209,0.009565839949563483,0.009895760982229662,0.009707158351409952,0.009509205731810263,0.009673498391801929,0.00959843133902524,0.00959575991365951,0.00954313283395487,0.00977928683628439,0.009597897053952082,0.009509740016883402,0.009510808587029691,0.009587478495025784,0.009583738499513767,0.009581067074148061,0.009409561565668976,0.0092880117115288,0.009240460340019028,0.00929068313689452,0.009393800156011219,0.00954046140858917,0.009547139972003458,0.009429864398448423,0.009340638791233452,0.009532714275028553,0.009442420097667305,0.009430665826058142,0.009604308474829822,0.00976192257140721,0.009451502943910742,0.00951454858254169,0.009414904416400412,0.009607247042732128,0.00940421871493754,0.00942852868576558,0.00967136125150931,0.009797185386234638,0.009501725740786247,0.009685786948484206,0.009667621255997346,0.009763792569163213,0.009758182575895188,0.00950840430420054,0.009530042849662856,0.00944803009093531,0.009452838656593607,0.009316863105478565,0.009576525651026334,0.009576792793562924,0.00939593729630381,0.009226836070653837,0.009648654135900762,0.009616329888975553,0.009624077022536131,0.009537789983223426,0.009454708654349605,0.009594958486049816,0.009446694378252454,0.009544468546637744,0.009476614342348486,0.009290683136894504,0.00922202750499556,0.0093163288204054,0.009377504461280335,0.009386587307523769,0.00940982870820553,0.0094878343288845,0.009527104281760557,0.00940582157015698,0.009348118782257457,0.00933689879572146,0.009469401493861055,0.009545804259320598,0.009438947244691874,0.009488902899030798,0.009471004349080504,0.00942211726488783,0.009296293130162525,0.009458982934934771
