HitRate: 2679858/3000000 0.893286
CumReqs: 153800,219508,242241,146015,254534,191265,189602,203908,168898,208160,119992,161526,163810,192519,186260,197962
CumProbs: 0.04497006750901424,0.05608078786616046,0.05614150218505192,0.03478499168578781,0.07131012874089784,0.038641180365984615,0.0463373008868936,0.04636417443787834,0.038524728311717236,0.04307830222858043,0.02747273164005629,0.04329329063645861,0.03864051682151584,0.0475187418135201,0.04821546350571776,0.05663584281427789
