HitRate: 1381382/3000000 0.460461
CumReqs: 46889,47384,47108,47130,46935,46797,46269,46541,46817,46769,46668,47594,47642,47600,46422,46212,46045,46401,46636,46823,47223,46846,47696,46797,46734,46890,47221,46687,46026,46814,46844,47399,47207,47385,47234,47117,46788,46672,47378,47137,47478,46947,46781,47267,47160,46530,46961,47524,47246,47464,46883,46480,46680,46613,46060,45790,46254,46339,46628,46703,47028,46871,46905,46631
CumProbs: 0.009576492738318466,0.009620781818484508,0.009526863839976318,0.009456817989784637,0.009420067476455336,0.009326777711850209,0.009680148032324146,0.009613243251647736,0.009523408663509474,0.009379861786659192,0.009560787390741824,0.009608217540423241,0.009681404460130256,0.009602877722247183,0.009281546310829565,0.009488856898840938,0.009312957005982806,0.009276206492653549,0.009559216855984178,0.009610416289083953,0.009570210599287806,0.009725379433344774,0.009637429486915719,0.009560787390741834,0.009558274535129568,0.009554819358662718,0.009512729027157378,0.00961544200030849,0.009383002856174534,0.009366669294694836,0.009650621978880093,0.009795111176584988,0.009575236310512329,0.009689571240870101,0.009503619925562952,0.00973543085579383,0.009672923572438886,0.009719725508217229,0.009479433690294962,0.009663186256941386,0.009654391262298488,0.009844740074927085,0.009584345412106753,0.009515555989721178,0.00935410501663354,0.009398079989848061,0.009502677604708331,0.009522152235703352,0.009521524021800294,0.009448022995141725,0.00965721822486227,0.009539428118037643,0.009257988289464657,0.009522780449606444,0.009153076567652834,0.009545396150116774,0.009483202973713344,0.009421323904261477,0.009416298193036968,0.00942886247109825,0.009503305818611403,0.009448337102093255,0.009384259283980645,0.009362900011276466
