HitRate: 2900604/3000000 0.966868
CumReqs: 3000000
CumProbs: 0.9044001035906681
