HitRate: 395780/3000000 0.131927
CumReqs: 3000000
CumProbs: 0.1318040865787886
