HitRate: 2805727/3000000 0.935242
CumReqs: 3000000
CumProbs: 0.9428162112854588
