HitRate: 2851781/3000000 0.950594
CumReqs: 3000000
CumProbs: 0.8488845486106448
