HitRate: 2771889/3000000 0.923963
CumReqs: 94360,94499,93602,93797,93561,93731,93083,93735,93707,93785,93174,94054,94124,93692,93622,93885,93964,93690,93761,94121,93717,93866,94199,93950,93216,94007,93223,93893,93291,93591,93461,93639
CumProbs: 0.02743750000000116,0.02747916666666783,0.027361111111112262,0.027368055555556697,0.027430555555556714,0.027354166666667824,0.027388888888890045,0.02742361111111227,0.027395833333334476,0.027395833333334483,0.0273680555555567,0.027388888888890045,0.02745833333333448,0.027347222222223373,0.02745138888889004,0.02737500000000115,0.027347222222223373,0.027458333333334486,0.027298611111112255,0.0273680555555567,0.027430555555556714,0.027381944444445607,0.027368055555556704,0.02743750000000115,0.02739583333333449,0.02737500000000114,0.027430555555556718,0.027291666666667814,0.027444444444445597,0.027347222222223376,0.02736805555555671,0.02739583333333449
