HitRate: 2702995/3000000 0.900998
CumReqs: 3000000
CumProbs: 0.9036800839734259
