HitRate: 1881152/3000000 0.627051
CumReqs: 3000000
CumProbs: 0.6375357725428261
