HitRate: 2805555/3000000 0.935185
CumReqs: 38004,35778,34068,62581,42009,37375,35573,34571,58640,41553,37859,35400,34146,55188,40961,37053,35120,33979,52796,40277,36979,35433,33893,51025,39989,36614,34864,33647,49392,39469,36836,34937,33460,47731,39289,36823,34666,232280,46685,38831,36366,34715,132877,45608,39031,36058,34812,111695,44755,38229,35996,34668,89538,43539,37767,36351,34685,76211,42930,37935,35782,34026,68558,42094
CumProbs: 0.012332842640701929,0.011616753266627002,0.01110963336515433,0.02056090175701814,0.013718654579108364,0.012191282675390451,0.011533129040014694,0.011089319419038134,0.019210434262975515,0.013524351229037229,0.012160584021394373,0.011495598341360488,0.011041404012504061,0.018234089534397944,0.013349450885795538,0.011973385997768399,0.011465810626651607,0.011130584968771517,0.01737498269215213,0.013182475714357366,0.012078690579428411,0.011496691468505398,0.01101853943638212,0.016803732664822955,0.013079903950560478,0.011914083850137749,0.0113717105982308,0.011004237689565025,0.016109414739724458,0.012928323653083704,0.011971564119192856,0.011300657333788584,0.010904307649702271,0.015612406264344902,0.012779567267399145,0.011927019188023674,0.011266041640855512,0.07716666909587377,0.015233910990298232,0.01269020412327433,0.011817068815996002,0.011304847654512323,0.043931777934864344,0.01493002164391634,0.012697309449717737,0.011752209938710676,0.011232336887209782,0.03707267838014439,0.014573480006702496,0.012499817812141276,0.011703383592888864,0.011254290524043713,0.02948382536200421,0.014311584961484334,0.012413551861594332,0.011709851261831926,0.011202640266429925,0.025258888945568308,0.014079933100616795,0.012323551059967191,0.011644445820973655,0.011135230759139074,0.022449005618671785,0.0138946480494946
