HitRate: 2770313/3000000 0.923438
CumReqs: 3000000
CumProbs: 0.8768402777774671
