HitRate: 2911801/3000000 0.970600
CumReqs: 3000000
CumProbs: 0.9917308900659386
