HitRate: 27707339/30000000 0.923578
CumReqs: 30000000
CumProbs: 0.876489583327128
