HitRate: 110775/3000000 0.036925
CumReqs: 374832,375198,375553,373593,375899,374733,375647,374545
CumProbs: 0.011138888888888844,0.011222222222222177,0.011361111111111065,0.01155555555555551,0.01083333333333329,0.011222222222222177,0.011249999999999954,0.011583333333333288
