HitRate: 3481070/30000000 0.116036
CumReqs: 30000000
CumProbs: 0.08401770833338153
