HitRate: 10595457/30000000 0.353182
CumReqs: 3749236,3750776,3749626,3749881,3749818,3752495,3751261,3746907
CumProbs: 0.0924069444444368,0.09288611111110302,0.0929277777777703,0.09258055555554796,0.09256944444443711,0.09235694444443736,0.09251944444443638,0.0926486111111039
