HitRate: 26163714/30000000 0.872124
CumReqs: 2293315,1841639,1755070,1842371,1773214,1792192,1821299,1953813,1913247,1896681,1495490,1437309,1713807,1670602,2487132,2312819
CumProbs: 0.20591840784490975,0.1606295614289603,0.15222620737431553,0.16092150527523624,0.15384675442125365,0.1557374649341292,0.1584144998467181,0.17187118097838686,0.16769573025541196,0.1664804903714737,0.12594980505319983,0.12031568848850772,0.14773960393478106,0.1436402451237732,0.22509790714711012,0.20766718959201616
