HitRate: 1608389/3000000 0.536130
CumReqs: 45349,45099,45010,45721,45731,47883,49497,48062,45180,45771,47336,47825,46594,46502,45228,44978,45229,47520,47056,47611,45748,46496,45385,47192,46911,47745,47453,46788,45824,46717,45876,46949,47104,48160,50255,49825,50276,47771,47387,46534,46563,46971,46948,46390,45861,45526,46411,48065,47916,47735,47093,47307,46108,45325,43758,44748,44176,46841,47274,50121,49166,48928,47492,47699
CumProbs: 0.002042638880478175,0.002225308492040729,0.0014134435517627118,0.0020516226318664974,0.0022219811767117213,0.0024795153831769605,0.001813386854309505,0.001760149809045373,0.001586796680404043,0.0018669566311065387,0.0020982050464726136,0.0022788782688377618,0.0020542844841297037,0.0019281792331602907,0.0022053446000666788,0.0021254890321704815,0.0022805419265022665,0.0021281508844336874,0.002049958974201993,0.0019138717772455547,0.0016426955779313811,0.00216940959451339,0.001824699726428133,0.0018852568654160835,0.0018899151068766955,0.0019261828439628853,0.0015578490370416714,0.0015951149687265633,0.0017275421188210926,0.0018153832435069107,0.0018652929734420346,0.0014167708670917204,0.0014470494365856955,0.0021481147764077367,0.002369381245786787,0.003005231205160267,0.001997054660470762,0.002000714707332671,0.002147116581809035,0.002183384318895225,0.002235623169560654,0.0023247952203780758,0.002449569545215886,0.0020572790679258116,0.00190355709972563,0.0017122364683076542,0.0020659300877812333,0.0022778800742390597,0.0018789349662909683,0.001930508353890597,0.0021101833816570435,0.0024618806119332173,0.002056280873327109,0.0014839826367376873,0.0021441219980129276,0.002119499864578266,0.00184732547066539,0.002113843428518953,0.0021960281171454557,0.0023287879987728857,0.0024455767668210763,0.0021561003331973575,0.0018543128328563075,0.002241945068685771
