HitRate: 1500107/3000000 0.500036
CumReqs: 3000000
CumProbs: 0.499999999999799
