HitRate: 2399096/3000000 0.799699
CumReqs: 34068,41000,40443,43273,38325,47287,47261,49876,41589,51515,47376,48543,41382,46970,63181,62196,56343,56988,59098,63641,56539,49829,52016,45951,53067,47090,46680,38416,41371,49042,48236,51107,38406,44201,41929,40086,35772,35938,47781,46710,47272,38924,48624,49490,50148,45255,43802,42530,45374,44801,57087,55554,66824,55519,48421,32712,38828,42747,49502,40682,38693,41022,42378,43289
CumProbs: 0.02444153931582753,0.032357275202360744,0.029443567284938542,0.029232043154472913,0.025947946130277164,0.03059585607957351,0.0312813125974603,0.033280289589847425,0.03062070646692892,0.03312438299298664,0.02958527366045331,0.034150053147286905,0.02479891155303396,0.027689248272824273,0.0408152820415421,0.02708780973123437,0.025742930434594934,0.020757765228332278,0.03209102105212415,0.03125616637216023,0.03544049826210003,0.029762184751388344,0.03925473688321117,0.02852528630456717,0.025492947371317347,0.03466924874024815,0.025894991138174527,0.02302565891245835,0.020309866580045473,0.029134416632719456,0.027678302268870046,0.029869278087372355,0.027707590225396116,0.028654271648459437,0.026181362268651125,0.027281879422962296,0.02105863241809953,0.019666714888251762,0.023643664378952028,0.021425471469536706,0.02424746962409957,0.024532065726907953,0.03192091423391735,0.03367316238041871,0.03359062359384533,0.030651473613178482,0.031132801949217227,0.027261762442722232,0.027245491355763263,0.02789396813056181,0.042410736077348445,0.03747083407662613,0.04075700196643484,0.03132272990971942,0.029958325308729328,0.02216950390047543,0.017839028065850027,0.021847632216634015,0.034728416329189514,0.029630832703938247,0.02760523029652747,0.02081338276193727,0.02210057365935862,0.023761999556834893
