HitRate: 1861671/3000000 0.620557
CumReqs: 3000000
CumProbs: 0.14548000361882157
