HitRate: 16461205/30000000 0.548707
CumReqs: 30000000
CumProbs: 0.5515540529303543
