HitRate: 34968/3000000 0.011656
CumReqs: 23323,23390,23474,23832,23649,23739,23502,23394,23613,23486,23520,23424,23400,23378,23371,23597,23500,23424,23439,23550,23554,23437,23375,23355,23342,23570,23090,23488,23295,23276,23363,23644,23724,23642,23370,23452,23409,23495,23305,23525,23284,23169,23482,23355,23469,23243,23227,23679,23498,23718,23355,23533,23389,23566,23641,23680,23460,23095,23446,23561,23303,23282,23443,23730,23729,23688,23604,23390,23321,23372,23508,23536,23506,23172,23592,23435,23516,23358,23255,23264,23399,23299,23125,23219,23495,23418,23586,23463,23562,23478,23525,23452,23292,23091,23367,23546,23219,23378,23364,23611,23428,23271,23201,23601,23544,23412,23258,23439,23317,23393,23444,23420,23560,23369,23599,23422,23426,23276,23488,23000,23539,23299,23487,23672,23365,23134,23387,23790
CumProbs: 6.25e-05,6.770833333333334e-05,5.859374999999998e-05,5.7291666666666666e-05,5.7291666666666645e-05,6.249999999999999e-05,6.770833333333333e-05,7.161458333333332e-05,6.119791666666665e-05,6.249999999999999e-05,7.031249999999998e-05,5.729166666666664e-05,5.729166666666665e-05,6.640624999999998e-05,7.16145833333333e-05,6.770833333333333e-05,6.770833333333333e-05,6.770833333333333e-05,6.770833333333332e-05,6.901041666666666e-05,6.770833333333332e-05,7.031250000000001e-05,6.640624999999999e-05,8.072916666666669e-05,7.291666666666667e-05,6.249999999999999e-05,6.770833333333334e-05,7.8125e-05,6.119791666666665e-05,6.770833333333333e-05,6.380208333333331e-05,6.770833333333334e-05,5.598958333333332e-05,6.25e-05,7.421875e-05,6.901041666666667e-05,6.770833333333333e-05,6.770833333333332e-05,7.161458333333332e-05,6.510416666666667e-05,7.031250000000002e-05,6.38020833333333e-05,7.031250000000001e-05,6.249999999999999e-05,6.249999999999999e-05,6.640624999999999e-05,6.770833333333332e-05,7.161458333333333e-05,6.25e-05,6.380208333333333e-05,6.510416666666665e-05,6.380208333333333e-05,5.859374999999998e-05,6.640625e-05,6.380208333333333e-05,6.770833333333332e-05,6.901041666666666e-05,5.598958333333331e-05,6.901041666666666e-05,6.510416666666665e-05,7.291666666666666e-05,6.770833333333332e-05,6.901041666666667e-05,6.901041666666667e-05,6.119791666666666e-05,6.510416666666665e-05,6.770833333333334e-05,5.2083333333333316e-05,6.510416666666667e-05,5.729166666666664e-05,6.640624999999999e-05,6.640624999999999e-05,6.640625e-05,6.380208333333333e-05,5.598958333333331e-05,6.510416666666664e-05,6.380208333333334e-05,6.119791666666665e-05,6.510416666666665e-05,6.119791666666665e-05,7.161458333333333e-05,7.942708333333334e-05,6.510416666666665e-05,6.249999999999999e-05,6.640624999999999e-05,6.640625000000002e-05,7.682291666666666e-05,7.291666666666669e-05,6.640624999999999e-05,6.640625e-05,5.598958333333331e-05,7.291666666666667e-05,6.119791666666665e-05,7.291666666666666e-05,6.640625e-05,6.640624999999999e-05,5.8593749999999984e-05,5.729166666666666e-05,6.901041666666666e-05,7.161458333333335e-05,6.640625e-05,5.859374999999998e-05,7.291666666666666e-05,6.510416666666665e-05,6.640625e-05,6.510416666666665e-05,7.291666666666667e-05,5.859374999999998e-05,6.119791666666665e-05,5.9895833333333317e-05,6.380208333333331e-05,7.161458333333332e-05,5.729166666666666e-05,5.468749999999999e-05,6.901041666666668e-05,6.510416666666667e-05,5.338541666666665e-05,6.119791666666666e-05,6.640625e-05,6.380208333333331e-05,6.770833333333333e-05,6.249999999999999e-05,5.9895833333333317e-05,7.291666666666665e-05,6.119791666666665e-05,6.640625e-05,6.510416666666664e-05,6.640624999999999e-05
