HitRate: 2612337/3000000 0.870779
CumReqs: 18072,20374,23007,22248,20084,16826,19948,22297,21382,20196,22704,26896,26135,21907,22630,20467,17929,18801,21212,24442,21528,20103,18292,16152,16658,20228,24445,27616,27963,23411,18664,17171,22859,24022,21094,22075,22777,33154,40857,39297,36470,28484,28749,24755,18642,22074,23590,23279,20983,16547,22992,25842,30353,28194,24761,25500,19595,17654,13862,17204,19483,17724,27761,26268,28702,17092,18731,16698,19070,25502,27541,25550,20149,20727,22815,21298,19134,25318,27470,26274,23874,23509,22465,18187,16603,19190,29026,30543,27609,15967,15565,20330,40237,38064,43439,24244,26623,25719,26949,25585,19910,21502,20694,24128,23380,22922,17808,18580,18453,17999,14774,17697,25395,25936,26430,22850,27724,25617,22614,27047,32445,34104,23084,21905,29870,31000,26324,17320
CumProbs: 0.016940138202068997,0.0190109344191139,0.01827221374881566,0.019909372936251644,0.01596624889207277,0.015623234825625583,0.02005494375943004,0.020948871631342493,0.020209535873058928,0.018909239872217484,0.01811454619526043,0.018525014910757802,0.02119265150283423,0.012825404610002427,0.015231218749686037,0.014947253129823956,0.014272911668649645,0.015527691158581786,0.016619267303091375,0.019128006165642003,0.01743159350229248,0.015845486617633228,0.014335445613817825,0.01313971457047075,0.014068087369557827,0.019432474718346016,0.015452035336394688,0.0182590918717968,0.016153850727577246,0.017652820147657997,0.014008013776330623,0.013771819989990466,0.01752016617217007,0.02001311777643227,0.016465290277447704,0.0185032818019453,0.019638734222736858,0.02857493750193488,0.02802812428303807,0.025736101420627665,0.02206607644190461,0.02190328315513894,0.021453858867241642,0.01883768463659879,0.015488530556853494,0.01875567290523073,0.018786837363150555,0.024309917412136194,0.023135714448273226,0.015076216577400294,0.020838565852652403,0.020280886079349233,0.024511051183316496,0.020525076009497777,0.01598859708887056,0.019957554828430438,0.016706199738341504,0.012782963539019383,0.011526953873116811,0.014740173508119469,0.01676155765701507,0.014834692028521229,0.02710610739313197,0.0216435109960304,0.023129563568420605,0.016270307386120092,0.01602324704537361,0.01500650660573736,0.017241736344175373,0.022059925562051958,0.023145555856037354,0.02126810229569288,0.021422694409321763,0.024732072799353542,0.021049336002268472,0.017109902486001045,0.015838515620466894,0.019374451418403202,0.021300086870926452,0.027145678053517107,0.017993168832835624,0.016087421225169107,0.014862576017186307,0.015678797773627493,0.014931875930192462,0.018115981400559412,0.015666290984593864,0.022830835836912224,0.014167731623170074,0.012977126313033452,0.012311191054324353,0.01736024329600216,0.028841475628881338,0.026247854624364686,0.030130289987331183,0.021107154272883,0.01977220831553849,0.019056655959351614,0.020672902155288775,0.020519540217630406,0.018391745847284688,0.01897218387604251,0.016211668998191833,0.014826080796727564,0.019407871198935528,0.01786933111846981,0.014692401674597491,0.014127340845471263,0.015529126363880711,0.0140730080734399,0.01196735687056353,0.01801695223493236,0.01964016942803583,0.02008282774809516,0.019805833125399422,0.016812404930463327,0.020012912747103952,0.018798524034870537,0.019182338937673318,0.01953047873733099,0.01857237668562306,0.023418859950821623,0.013466941378629508,0.016925581119751294,0.021385379071549276,0.02207058708712985,0.02063558681751625,0.018373498237055343
