HitRate: 1213391/3000000 0.404464
CumReqs: 3000000
CumProbs: 0.011116549185382765
