HitRate: 1147161/3000000 0.382387
CumReqs: 46792,46869,46678,46804,46717,47018,47175,47046,46577,46827,46474,46812,47072,46746,46987,47117,46774,46703,46828,46936,46905,46736,46928,47184,46675,46425,47124,47109,46879,46644,47025,47282,46761,47141,46877,46523,47155,46677,46822,46796,46998,47071,46704,46953,46817,46690,46847,46792,46952,46921,47217,47106,47197,47119,46973,47238,46952,46846,46608,46398,46905,46832,46414,46830
CumProbs: 0.017580640516343803,0.017887439365553558,0.018022390066968746,0.01757154363048991,0.01793254950434964,0.017067634738779782,0.018022563650956426,0.017888518840976888,0.0178687845113785,0.01759175531605438,0.017870693935242907,0.018741998761358906,0.018103079498737826,0.017732580750552313,0.01772102656637295,0.017476121257767242,0.01861331878149834,0.018682595066078018,0.01824839099441716,0.018464432540572916,0.017584367147579126,0.01863037340828705,0.017591424421577875,0.018817583738990524,0.017979607038507386,0.01781409470626282,0.018009279051399974,0.01821951638296796,0.018341377766812824,0.017208340834286195,0.017936194768090732,0.017672211494340017,0.018005438505672728,0.017645962340704355,0.017876134708356452,0.017919612072768522,0.01796841629580221,0.018335855626205023,0.017805209375893916,0.01816686076520779,0.018409872923447975,0.01679931186533727,0.01785880343208742,0.017363600862258917,0.018057367240484512,0.01793810961645473,0.017935825902116936,0.018315530026148635,0.017429139666604074,0.01767508105463622,0.018046588759750057,0.018509493858872468,0.01767400157921287,0.017352014131081867,0.018326454968372707,0.01813210057167661,0.018082433853204172,0.017722393540275872,0.01752345001690573,0.01808197819523655,0.018002769651862285,0.017859275363553886,0.017267174957107553,0.018052788962809693
