HitRate: 1622888/3000000 0.540963
CumReqs: 188554,187917,186671,186835,186933,187201,187788,187967,187974,188087,188003,186801,187170,186790,187912,187397
CumProbs: 0.05962514455620485,0.05928520275424132,0.05935545739331388,0.05891515182124676,0.05937585390143162,0.05891677059173222,0.059881557801114586,0.0591314195581149,0.05893004450971363,0.0595590987203947,0.05905468983710032,0.05877010998574238,0.058334984479229045,0.058876948837788,0.05891871311631494,0.05958305652358065
