HitRate: 1552299/3000000 0.517433
CumReqs: 49503,38537,36019,43910,46351,47314,38028,35689,42699,44909,45912,38063,35869,41739,43373,44624,37819,35504,40677,42827,43500,37460,35782,40262,41728,42549,37101,34991,39259,40888,41835,37203,34866,38517,40033,41143,36738,101407,104020,105590,40661,36684,67860,71009,72160,40176,36404,61084,63907,65054,39670,36306,53373,56225,57267,39338,36013,48991,51387,52508,38992,35967,46130,48596
CumProbs: 0.026843187357975043,0.016169259363655895,0.013226882392738592,0.02094133039775372,0.02361893948787645,0.023762341718965168,0.01563051428447386,0.012735499518319813,0.02020918964912171,0.02250362534654167,0.02322688568178056,0.015460141909006044,0.0131762311459779,0.01883864584878496,0.02090547983998153,0.021800428167487215,0.01547560040639403,0.01279141323227644,0.01803973754760479,0.02001184712927482,0.020872918324206794,0.015572956049518508,0.013056838921470524,0.01645441930483466,0.01915472278473977,0.019736554314088394,0.015107885511079307,0.012405608605975744,0.01666031333387495,0.018965273965686757,0.018587363040179945,0.013836999683265258,0.012647024288588445,0.015686427998430476,0.018039737547604774,0.018272272816824392,0.014282664873919536,0.07821835226231827,0.082517459057183,0.0837913050227948,0.017399032166501825,0.014053418646697359,0.04516578251736037,0.048308462145922104,0.0492261048632101,0.017952577934672382,0.014349103522267972,0.03873011404095317,0.0417386007560192,0.042945350264882845,0.01719511156266004,0.013832723928668588,0.029580657012451314,0.034094867153949195,0.035334835986987174,0.01707012796675701,0.01363636812142092,0.027016848775440288,0.02898073575211674,0.030110521678240243,0.016104794140505935,0.013761351717323954,0.02349461370037285,0.02621103348606548
