HitRate: 2138808/3000000 0.712936
CumReqs: 26190,22880,24763,20923,21428,25991,25957,21558,18372,24657,23912,23669,22262,22034,23204,23665,24279,21513,23705,24873,28278,22105,21139,24279,25104,26929,21042,25376,20748,23992,22316,20778,25856,24336,24971,22984,25533,21231,22973,21001,25802,24120,24066,21207,25452,22811,24722,25547,22737,21835,24351,22431,23889,24011,23929,23546,23897,21809,23126,25399,23927,23392,24081,21689,21613,23623,24382,25217,25913,23684,20432,21862,24784,23055,22121,25329,24684,24537,23477,23623,23411,26093,23110,23257,20514,23604,22026,22408,24748,27017,21736,23411,23088,24985,21331,22486,21906,23440,23398,21211,23392,24564,25223,26600,21216,22867,20760,21115,24059,23654,25145,23840,23321,25034,21306,21681,24186,24472,24771,22353,21429,24088,23226,24250,23882,24516,21095,21857
CumProbs: 0.0009021844401864316,0.0009409773764237754,0.0013511214971553504,0.001168761540484076,0.0010361361174504222,0.0008507920887608904,0.0011584830701989678,0.0012735356246806628,0.0008902481521134027,0.0010281785920684032,0.0010268523378380665,0.0010958175578155665,0.0010699556003240039,0.0009625290076667441,0.0015195557844080911,0.0009260570163324892,0.0010474092784082828,0.0012692252984320693,0.0012669043535289799,0.0010467461512931142,0.0010918387951245568,0.0010517196046568762,0.0009214151265263116,0.0010033113252495927,0.0009963484905403262,0.0012609362094924657,0.0014413067848182352,0.0010732712358998454,0.0007871318857047367,0.001189650044611877,0.0011528464897200379,0.0006777159117019721,0.0014243970433814443,0.0013756572004165763,0.0011989338242242324,0.0010666399647481625,0.001528839564020447,0.0011140535534826942,0.001045419897062778,0.0008657124488521769,0.0011127272992523575,0.0011359367482832467,0.0013252595396637881,0.001280166895832346,0.0011806978285571052,0.0011800347014419368,0.0012360689426736558,0.0012582837010317927,0.0012937610016932953,0.0008892534614406502,0.0011617987057748094,0.0010155791768802058,0.0012284429808492204,0.0011833503370177782,0.0010271839013956503,0.0007722115256134507,0.0009953537998675735,0.0011697562311568281,0.0009615343169939917,0.0012552996290135356,0.0010603402571540642,0.0009310304696962511,0.0011123957356947733,0.001165445904908235,0.0011787084472116,0.0010218788844743043,0.0008395189278030301,0.0011339473669377419,0.0014442908568364926,0.0008952216054771647,0.000944956139114785,0.001170750921829581,0.000939982685751023,0.0012337479977705666,0.0009774493677580302,0.001001653507461672,0.0010447567699476098,0.00110012788406416,0.0009005266223985108,0.0013020500906328987,0.0012463474129587638,0.0013471427344643409,0.001185339718363283,0.0009316935968114197,0.001089517850221468,0.001125658277998139,0.0011750612480781744,0.0010593455664813117,0.0008816274996162151,0.0016110673263013125,0.0010556983673478864,0.0008182988601176454,0.0011077538458885957,0.0010175685582257106,0.0009631921347819125,0.0008929006605740758,0.0010666399647481627,0.0009442930119996166,0.001167766849811324,0.0010570246215782226,0.0011067591552158431,0.0009512558467088837,0.0010789078163787752,0.001274198751795831,0.000999000999000999,0.0009688287152608428,0.0009041738215319365,0.0008308982753058425,0.001117369189058535,0.0009675024610305063,0.0009369986137327659,0.0013322223743730548,0.0011498624177017805,0.0014250601704966124,0.0008968794232650855,0.0008696912115431863,0.0011743981209630062,0.0011415733287621769,0.0011806978285571052,0.0010301679734139074,0.0007168404114969001,0.001367368111476973,0.0009608711898788237,0.0016143829618771534,0.0011840134641329465,0.001082555015512201,0.0010205526302439678,0.0010653137105178258
