HitRate: 1979716/3000000 0.659905
CumReqs: 3000000
CumProbs: 0.6517866752502521
