HitRate: 3965315/30000000 0.132177
CumReqs: 3750983,3749170,3749445,3753007,3749474,3749282,3748520,3750119
CumProbs: 0.016461457633985783,0.016452466357488146,0.016655714268271084,0.016595587172639654,0.016511950231993214,0.016464709468337734,0.016399274314057227,0.01654837245032532
