HitRate: 2049315/3000000 0.683105
CumReqs: 3000000
CumProbs: 0.35382120937488853
