HitRate: 2766813/3000000 0.922271
CumReqs: 19806,23317,22459,21431,23972,21625,22352,22628,24881,25134,22828,26329,23965,24398,23286,24465,23934,24085,27622,25066,22280,24420,24326,21645,22202,25112,22766,22499,22587,22199,21332,23375,24166,23160,22635,23067,22622,24673,25278,24103,24064,22147,23459,26519,24490,24295,26784,20355,21876,25010,20831,21670,21632,27461,19392,24699,22634,22514,20780,23242,22541,25228,25172,20150,22138,23049,23662,24615,27298,22466,22932,21243,18980,23752,21155,22422,23565,22826,20998,25342,23830,23426,21840,25598,25298,23462,22779,23443,22598,24001,24861,25649,27179,19790,22125,24839,23656,24562,23725,24850,23322,24729,24758,21939,26218,20528,22858,22825,21578,22219,26527,23211,22178,25506,22826,24150,20928,26069,26045,22002,21639,23261,23796,22380,23972,23734,24270,27603
CumProbs: 0.005359167729584707,0.00555248664576227,0.005690699590468587,0.005641193819350104,0.005895442915365783,0.005268892499898088,0.005650154139914544,0.005440258630692793,0.0061411797068452465,0.006196285678316486,0.005633577546870345,0.006527593531186224,0.0059315082056376,0.005722060712444089,0.005501412818545041,0.005712652375851436,0.005995126481645062,0.005987734217179406,0.006810291644993943,0.005779854780084645,0.005502084842587373,0.005595720192485628,0.005882450450547372,0.005330046687750333,0.005740653377615277,0.005967573495909451,0.005857137544952838,0.0055444223572542655,0.005749837706193812,0.005311678030593253,0.005417185805239391,0.005888722674942471,0.005538374140873313,0.005472067768696527,0.005454595143595893,0.005487748329684275,0.006007670930435247,0.005819504198582245,0.006110042592883851,0.005746029569953938,0.005872818105940618,0.005457283239765225,0.006185309285625059,0.006349059143939974,0.005440706646721018,0.005853777424741168,0.005869906001757167,0.0056217051221224825,0.005430402278071937,0.006118554897420066,0.005403521316378648,0.005700779951103573,0.005478339993091604,0.006450310766318024,0.004856045729892045,0.005768654379379101,0.005706156143442239,0.005651050171970975,0.005344159192639306,0.005859153617079846,0.005268220475855755,0.0063394267993332285,0.0063499551759964344,0.005246939714515239,0.005394112979785997,0.005694955742736697,0.006014167162844451,0.005980565960727855,0.006515049082396034,0.005607144601205287,0.005516869371518666,0.005397025083969427,0.0051454640841230815,0.00621039818320545,0.005397697108011777,0.005855345480839975,0.006022007443338352,0.00553187790846409,0.005275612740321437,0.0061380435946476915,0.005656874380337865,0.005214906568497409,0.005401505244251633,0.005959733215415573,0.00619897377448578,0.005581159671568455,0.005491780473938278,0.006254527761985261,0.0056134168256003775,0.005473411816781194,0.006292833132398205,0.005811887926102487,0.006627501105479589,0.004894575108319092,0.005739533337544722,0.005966453455838887,0.005715340472020769,0.005853329408712955,0.005722508728472315,0.005772014499590784,0.005558982878171496,0.005652394220055655,0.005852881392684754,0.005667402757001058,0.006406405195552339,0.004911823725405615,0.005779854780084639,0.005655306324239074,0.005105366649597266,0.005948532814710004,0.006246015457449077,0.006131771370252597,0.006008790970505795,0.006252511689858299,0.0055226935798855506,0.005972053656191644,0.005035476149194709,0.00615305213159311,0.005774254579731883,0.005442946726862125,0.005407553460632645,0.005936436381948035,0.005982582032854857,0.005476771936992829,0.005834736743541786,0.006245119425392603,0.005900819107704443,0.006285216859918429
