HitRate: 2786793/3000000 0.928931
CumReqs: 147956,152364,160107,173204,204842,364879,151766,157219,167772,188418,254299,148880,155035,163829,179442,229988
CumProbs: 0.04638802110310825,0.04805383697220868,0.05067113158572395,0.05488871609446847,0.06539013748805327,0.11878881373857826,0.047732655690753606,0.04972797359989595,0.05319065728584234,0.06010728786121917,0.08192473291405439,0.04691243691304837,0.04883182790008608,0.051730364153838825,0.057020702463401914,0.07389416078285264
