HitRate: 1499763/3000000 0.499921
CumReqs: 3000000
CumProbs: 0.5000000000000527
