HitRate: 499885/3000000 0.166628
CumReqs: 46989,46766,46738,46976,46676,46899,46747,46791,46742,46640,46511,46934,46923,46580,47021,46604,46506,46776,47104,46960,46591,46754,47056,46845,47125,46840,46953,46890,46824,46680,47102,47242,47030,46888,46836,47005,46967,46590,46771,46934,46767,46780,46848,46888,46759,47003,47202,46797,46833,46873,46950,46888,47292,46855,46715,47050,46935,46796,46709,47261,46651,47141,47110,47091
CumProbs: 0.007812500000000179,0.007812500000000179,0.007812500000000179,0.007812500000000179,0.007812500000000179,0.007812500000000179,0.007812500000000179,0.007812500000000179,0.007812500000000179,0.007812500000000179,0.007812500000000179,0.007812500000000179,0.007812500000000179,0.007812500000000179,0.007812500000000179,0.007812500000000179,0.007812500000000179,0.007812500000000179,0.007812500000000179,0.007812500000000179,0.007812500000000179,0.007812500000000179,0.007812500000000179,0.007812500000000179,0.007812500000000179,0.007812500000000179,0.007812500000000179,0.007812500000000179,0.007812500000000179,0.007812500000000179,0.007812500000000179,0.007812500000000179,0.007812500000000179,0.007812500000000179,0.007812500000000179,0.007812500000000179,0.007812500000000179,0.007812500000000179,0.007812500000000179,0.007812500000000179,0.007812500000000179,0.007812500000000179,0.007812500000000179,0.007812500000000179,0.007812500000000179,0.007812500000000179,0.007812500000000179,0.007812500000000179,0.007812500000000179,0.007812500000000179,0.007812500000000179,0.007812500000000179,0.007812500000000179,0.007812500000000179,0.007812500000000179,0.007812500000000179,0.007812500000000179,0.007812500000000179,0.007812500000000179,0.007812500000000179,0.007812500000000179,0.007812500000000179,0.007812500000000179,0.007812500000000179
