HitRate: 1617264/3000000 0.539088
CumReqs: 3000000
CumProbs: 0.46150000000024455
