HitRate: 5484852/30000000 0.182828
CumReqs: 936490,937520,937741,936674,936012,937750,938436,937641,937355,937027,938007,939001,938836,937492,936543,937589,936841,936961,936698,937826,938304,938909,937751,937780,938036,937652,938462,937729,936385,936339,936553,937660
CumProbs: 0.014127777777777406,0.014158333333332971,0.014085416666666283,0.014093749999999558,0.014040972222221868,0.014124999999999631,0.014089583333332946,0.014133333333332979,0.014176388888888553,0.014181249999999668,0.014155555555555177,0.014069444444443998,0.014127777777777411,0.014062499999999619,0.014129861111110769,0.014080555555555225,0.014109027777777368,0.014115972222221898,0.014066666666666259,0.014112499999999641,0.014111805555555197,0.014136805555555272,0.014102083333332982,0.014157638888888512,0.014094444444444024,0.014140277777777436,0.014105555555555257,0.01408263888888859,0.014095833333332983,0.014052777777777376,0.01411805555555517,0.014179861111110857
