HitRate: 30300/3000000 0.010100
CumReqs: 3000000
CumProbs: 0.05855866994318667
