HitRate: 26695778/30000000 0.889859
CumReqs: 180190,175339,157172,496890,494141,515945,169385,168279,790958,869354,870322,234237,170618,174045,204261,195452,203132,167864,182551,180367,193673,176118,171648,153868,181597,173791,183905,169899,206283,194134,186368,149974,147111,144771,156612,213063,209096,203406,150690,160188,180963,187665,180727,155824,157595,169992,169707,179449,253574,249993,253271,176184,191604,166190,155933,146689,149601,162781,236853,243270,243641,178118,227947,219819,211538,278368,277323,281116,410093,411413,408460,152819,168107,181407,179900,166235,222748,229717,246663,186860,200890,287965,310372,335441,244513,208538,173597,164254,184539,185579,187004,220022,223266,258763,197334,225339,223416,225561,200587,186376,384389,384590,465290,362424,392839,286047,198440,156729,157639,158432,158924,155534,167755,176396,197611,177970,170303,304447,314559,305141,255057,308261,310287,202333,143268,147657,159094,178374
CumProbs: 0.015727342309169175,0.015218196764719014,0.013431296243784007,0.047335001451485385,0.047119440215367396,0.049268341966280944,0.014674050398757056,0.014513660943892132,0.07681989696339381,0.08451078457678991,0.08473949313099073,0.021180505516727312,0.01473904353965261,0.015110181373122311,0.01816356774075418,0.017190001010699722,0.018051737279177086,0.014500317981191835,0.016025602523784252,0.015741389592481225,0.017073944625452142,0.015381755662336677,0.014819805636466357,0.01315758942827291,0.01588280151975189,0.01512747635703294,0.016058607770229293,0.014760642705079532,0.01830548834402161,0.01716893008573173,0.01635675059807606,0.012786138563420115,0.01243245222955261,0.012202198082894382,0.013365637911199586,0.019005563467640537,0.018638123317382807,0.018038120414016267,0.012759120042175038,0.013728030430406896,0.01576549300897253,0.016487715102938623,0.015865643487070993,0.013286127939917536,0.01349934144066374,0.01465571849839017,0.014723235454810735,0.01564986704187646,0.023044587838033,0.022709683387145754,0.023031440519948,0.015328481633841986,0.016850772813834673,0.014380739992885815,0.013263100568805558,0.012371743705711924,0.012697805020029764,0.014025684146717314,0.021429365466212304,0.022069260306450084,0.0220142646053487,0.015501568424180325,0.020527385100558834,0.01981551260669227,0.01884171110310109,0.02558321366078302,0.025311072002185988,0.02585619659122115,0.03874148784520422,0.038763145704015164,0.03851896166081356,0.013076044753001429,0.014474023345019639,0.015790379003920618,0.01568316575524324,0.014342393648468135,0.020011959363986316,0.020640389429821788,0.02240850806777617,0.016350783437337323,0.017769285149403236,0.026442876096348003,0.02874015472280236,0.031230612841492703,0.022146618186974516,0.018597781397898437,0.015125656862119563,0.014133640844929792,0.016252491583075058,0.01628545770059724,0.016487284684786545,0.019739367722777377,0.020110309911634008,0.023568817582251766,0.017447723661215938,0.02022039913614183,0.020082058829317757,0.02022800971164165,0.01779919921094146,0.016368293630324025,0.036117326197050395,0.036211196483027376,0.04421372640266502,0.03396290726801072,0.03701443501180673,0.02624044261385343,0.01762889057412797,0.01339036739045682,0.013484589836739915,0.013537100851238186,0.013576073258421785,0.01329160598912003,0.014506422093160512,0.015353054597407911,0.017423718067032537,0.015534475848318232,0.014710127265647934,0.02817339183941924,0.029214671170508504,0.02820915567492593,0.023273394214546068,0.028563155040177327,0.028798065528658184,0.018006191212950624,0.01201312712756212,0.01247394845226162,0.013620367199116383,0.015549814386084947
