HitRate: 300329/3000000 0.100110
CumReqs: 3000000
CumProbs: 0.09999999999999315
