HitRate: 1059256/3000000 0.353085
CumReqs: 187759,186767,187462,187035,187418,186783,187572,187724,187904,187446,187692,187249,188490,188449,187510,186740
CumProbs: 0.0461527777777776,0.04647222222222198,0.04571527777777756,0.04546527777777756,0.04591666666666646,0.04620138888888864,0.04686805555555537,0.046451388888888584,0.04672222222222205,0.04614583333333312,0.046027777777777557,0.04618055555555535,0.046916666666666496,0.04666666666666643,0.04599999999999978,0.04679166666666644
