HitRate: 899791/3000000 0.299930
CumReqs: 187172,187288,187621,187381,187910,187882,188145,187434,187588,187345,187023,187188,187694,187049,187707,187573
CumProbs: 0.05624999999999796,0.05624999999999796,0.05624999999999796,0.05624999999999796,0.05624999999999796,0.05624999999999796,0.05624999999999796,0.05624999999999796,0.05624999999999796,0.05624999999999796,0.05624999999999796,0.05624999999999796,0.05624999999999796,0.05624999999999796,0.05624999999999796,0.05624999999999796
