HitRate: 300043/3000000 0.100014
CumReqs: 3000000
CumProbs: 0.1000000000000811
