HitRate: 12310/3000000 0.004103
CumReqs: 186980,186684,188027,186708,187636,186760,187475,187450,188098,187100,187974,187983,187769,187972,187837,187547
CumProbs: 0.0006319444444444445,0.00046527777777777773,0.0004166666666666667,0.0004930555555555556,0.000451388888888889,0.0005208333333333333,0.0004791666666666667,0.0005138888888888889,0.0005,0.00048611111111111126,0.00048611111111111115,0.0004930555555555556,0.00043055555555555555,0.0004652777777777779,0.0004722222222222222,0.0005902777777777776
