HitRate: 27710434/30000000 0.923681
CumReqs: 30000000
CumProbs: 0.8763956597184609
