HitRate: 12086/3000000 0.004029
CumReqs: 374040,374912,374691,375797,375393,374715,374917,375535
CumProbs: 0.0009027777777777778,0.0010694444444444445,0.0011666666666666668,0.0008472222222222223,0.0011388888888888887,0.0010555555555555557,0.0010555555555555555,0.0010694444444444447
