HitRate: 1511279/3000000 0.503760
CumReqs: 47461,46615,47853,47107,47320,46246,47333,46548,46940,46532,46641,46597,46938,46975,46882,47654,47247,46830,46644,47673,47098,46837,46839,46977,46458,46787,46638,47642,46686,47064,46542,47140,47015,46796,46646,46883,47224,46832,47108,47339,46804,46713,46240,46196,46650,46629,47364,46637,46940,46575,47061,45865,46440,46697,47118,46816,46806,46698,47307,46958,46859,47066,46631,46343
CumProbs: 0.008129798286715128,0.007840703428790997,0.007987903104156034,0.008012767914183913,0.007869546608423329,0.007792962993537468,0.007887780802443782,0.00789374835685047,0.008039290378213654,0.007853964660805865,0.007783680131127061,0.007972321156538568,0.007803240448348989,0.008045589463420716,0.007939168076501392,0.008043268747818116,0.007944804100107714,0.007822800765570924,0.007940825730503257,0.008069128150247106,0.007812523310759404,0.008041942624616627,0.007831420566380583,0.007916955512876493,0.007893085295249725,0.007943146446105855,0.007935521237697304,0.00804824170982369,0.007841366490391742,0.007826779135175384,0.007781359415524453,0.007961380640126307,0.007971989625738193,0.007786000846729665,0.007841366490391738,0.007958065332122578,0.007989560758157894,0.00791364020487277,0.00802901292340213,0.007871535793225566,0.007955413085719612,0.007811860249158658,0.007819153926766834,0.00782213770397018,0.007892090702848614,0.00782943138157836,0.008022382307394696,0.007796609832341556,0.008053877733430007,0.007792299931936725,0.008021056184193208,0.0077462171506850535,0.007807881879554198,0.007907341119665706,0.007937841953299902,0.00786855201602222,0.00789374835685047,0.007913971735673143,0.007873524978027796,0.007904357342462363,0.00794878246971217,0.007931542868092846,0.007814180964761257,0.00785761149960995
