HitRate: 1882262/3000000 0.627421
CumReqs: 3000000
CumProbs: 0.6275628610305145
