HitRate: 2770960/3000000 0.923653
CumReqs: 3000000
CumProbs: 0.877208333332728
