HitRate: 2962770/3000000 0.987590
CumReqs: 42984,10746,17415,22247,17670,15693,16967,11293,15014,25098,10053,282085,13590,16275,133403,16659,10904,28669,13180,23644,33198,19419,18113,16012,24578,27065,14328,26606,13424,16233,15199,10171,58419,13455,10063,36937,21945,14034,25706,44192,16343,11077,11930,19508,11932,13556,14631,17516,11112,11351,18681,13693,10703,8823,12399,22653,12219,15798,14125,14119,27461,16036,14862,9284,13347,18077,11231,9732,37459,28929,13558,19685,21207,48848,14390,14608,11690,50886,41801,145143,73758,11706,15487,43917,9433,12414,23234,20246,45090,16549,12485,8396,11497,12338,8892,9803,15042,13029,10411,10131,98267,13419,29735,17286,12825,16442,12774,18747,19856,11812,16484,14425,24406,16340,14923,11419,14067,14958,63792,18314,12932,10526,11952,16590,9360,13423,15789,12190
CumProbs: 0.01418949032037165,0.0035121382326827873,0.005739971054042216,0.007320944291269163,0.0058639636811877675,0.005157125017112855,0.005575095825321547,0.003653075622323291,0.004906719082465309,0.008247257974326268,0.0032558150793862073,0.09402890776481646,0.0044376450222877286,0.005305324447822628,0.044434277586947464,0.005474503108288049,0.0035551725501302644,0.009462170548765553,0.004294555916774847,0.007787328706606266,0.010948199323124014,0.006419913269712453,0.00592340483216211,0.005233241966098085,0.008111699874366675,0.008939841520746719,0.004678637199993645,0.00877846283031864,0.004363948753658913,0.0053281864289666005,0.004988215321131477,0.00331068383413175,0.019287712115478355,0.004396762420712618,0.0032679184811683134,0.012229815089606876,0.007249130774028661,0.004604940931364828,0.008488788081000271,0.014676316036496323,0.00537660003609502,0.0035852965723435055,0.003906978095263448,0.00641856844729222,0.003890033332768503,0.004425003691537534,0.0047776161301228606,0.005750729633404088,0.003633172250503831,0.0036813168931482034,0.006140459170787864,0.004513761971272968,0.00347421424043219,0.002877382050332398,0.004064053353946766,0.007486626413441957,0.003990895014286046,0.005171380134767334,0.004654430396429431,0.004646361461908032,0.009042316989168542,0.005253145337917548,0.004843512428714318,0.003017243582036719,0.004349155707036339,0.005957563321636056,0.003670827278270379,0.003144732747474888,0.01240786957804584,0.009588045927299442,0.004455396678234815,0.006453264865734256,0.00697855250307761,0.016183593005094473,0.00471898187260066,0.004786222993612348,0.0038547989853583756,0.01681216300431179,0.013872650158164612,0.04831597302071059,0.024560222896247225,0.0038432335125443634,0.005055456442143169,0.01450337187325427,0.0030750709461067737,0.004061632673590345,0.007614653507848238,0.006672201955748339,0.014971101111011591,0.005425013643223444,0.004051680987680605,0.0027173481823245644,0.0037638889897505636,0.00402855004205259,0.0028582855719650755,0.0031977187508321044,0.00491236733663029,0.004285949053285355,0.003400249007319325,0.0033254768807543227,0.032679722740651264,0.004397031385196664,0.009826079495680854,0.005715764250477996,0.00421763207433747,0.005399999946207091,0.004167873644788816,0.006171928015421342,0.006542292109953749,0.0038174129220758754,0.005425551572191533,0.004702575039073802,0.008052258723392334,0.005369875923993856,0.004922856951508112,0.003727040855436157,0.004620809835923583,0.004871753699539231,0.021171270397257844,0.006019425152966813,0.004230273405087672,0.003419345485686646,0.003925267680178624,0.00545459973646859,0.0030516710359947043,0.0043854659123826615,0.005183752501033482,0.003946515874418326
