HitRate: 2969325/3000000 0.989775
CumReqs: 3000000
CumProbs: 0.9915223311080189
