HitRate: 975454/3000000 0.325151
CumReqs: 23418,23530,23576,23433,23401,23748,23587,23599,23594,23504,23568,23155,23731,23220,23375,23724,23678,23338,23439,23368,23475,23404,23260,23508,23633,23401,23321,23566,23364,23290,23096,23645,23437,23466,23573,23502,23552,23586,23606,23396,23323,23373,23610,23220,23416,23592,23390,23092,23427,23471,23540,23431,23544,23532,23475,23491,23212,23553,23400,23504,23671,23303,23263,23821,23745,23621,23234,23598,23366,23233,23731,23394,23551,23208,23516,23402,23224,23458,23474,23579,23318,23462,23466,23475,23389,23321,23603,23407,23409,23400,23222,23478,23452,23508,23529,23057,23295,23317,23276,23518,23219,23329,23442,23338,23583,23861,23300,23496,23332,23581,23429,23130,23265,23544,23265,23333,23619,23271,23329,23312,23305,23427,23560,23236,23423,23377,23385,23352
CumProbs: 0.006486111111111384,0.0064565972222224936,0.006430555555555825,0.006416666666666936,0.006392361111111378,0.006477430555555828,0.006414930555555823,0.006475694444444716,0.0064149305555558245,0.006404513888889156,0.006428819444444716,0.006430555555555824,0.006428819444444717,0.006418402777778048,0.006458333333333604,0.006458333333333606,0.006392361111111379,0.006449652777778046,0.00637673611111138,0.006454861111111382,0.006420138888889155,0.006446180555555829,0.006500000000000272,0.006437500000000269,0.006444444444444715,0.006449652777778049,0.006387152777778042,0.006440972222222492,0.006388888888889156,0.006427083333333602,0.006361111111111379,0.006402777777778047,0.006494791666666941,0.006487847222222493,0.006434027777778048,0.006442708333333604,0.006428819444444713,0.0064809027777780505,0.006427083333333605,0.006404513888889159,0.006409722222222489,0.006432291666666934,0.00646180555555583,0.006439236111111381,0.006368055555555824,0.006496527777778048,0.006428819444444716,0.006500000000000276,0.006472222222222494,0.00644965277777805,0.006458333333333603,0.006472222222222495,0.006493055555555827,0.006520833333333606,0.006428819444444713,0.006444444444444714,0.0063819444444447124,0.006409722222222492,0.006427083333333603,0.006364583333333599,0.00639930555555582,0.006489583333333603,0.006414930555555826,0.006468750000000271,0.0064236111111113815,0.006446180555555826,0.0064809027777780505,0.006465277777778048,0.006475694444444717,0.006435763888889159,0.006380208333333602,0.006406250000000269,0.006453125000000271,0.006440972222222491,0.006413194444444713,0.006477430555555828,0.006475694444444715,0.006461805555555825,0.006456597222222496,0.006421875000000267,0.00643923611111138,0.006526041666666941,0.006401041666666934,0.00643750000000027,0.006401041666666937,0.006428819444444713,0.00642361111111138,0.006482638888889161,0.006421875000000271,0.006413194444444712,0.006383680555555824,0.006439236111111379,0.0064149305555558245,0.0064548611111113815,0.0063663194444447116,0.006454861111111383,0.006444444444444713,0.006446180555555827,0.006456597222222494,0.006427083333333601,0.006434027777778046,0.006453125000000272,0.006427083333333601,0.006427083333333604,0.006427083333333605,0.006427083333333602,0.006475694444444715,0.0064392361111113815,0.00639236111111138,0.006484375000000274,0.006425347222222491,0.006413194444444714,0.006437500000000269,0.006479166666666937,0.006493055555555829,0.006411458333333602,0.006460069444444714,0.006418402777778045,0.00639409722222249,0.006401041666666937,0.0064062500000002685,0.006473958333333602,0.006421875000000271,0.006440972222222493,0.0063888888888891555,0.006406250000000266,0.0064791666666669375,0.0064131944444447125
