HitRate: 2957366/3000000 0.985789
CumReqs: 3000000
CumProbs: 0.9865214999520971
