HitRate: 2968650/3000000 0.989550
CumReqs: 3000000
CumProbs: 0.9936780419163581
