HitRate: 1745928/3000000 0.581976
CumReqs: 3000000
CumProbs: 0.41820724826595157
