HitRate: 2292869/3000000 0.764290
CumReqs: 3000000
CumProbs: 0.2890156117589727
