HitRate: 2313454/3000000 0.771151
CumReqs: 23496,21942,23668,16739,19109,18698,16869,14456,14378,17104,16489,105670,102029,104333,54595,55427,53621,18792,17545,21739,23333,25569,23369,18020,19553,22651,21904,22414,17985,18939,14661,13868,27970,27171,27152,20336,22717,24464,20656,28082,28702,23822,13276,14232,14568,14956,13184,15178,14407,13279,13617,14543,14526,11034,10617,14717,15752,16897,13997,14736,18670,19145,19339,13443,12494,13498,14184,12958,19527,25444,26627,20755,18109,29966,27932,26241,13593,25588,34718,79647,86853,76932,33719,23621,22825,21874,15032,18620,29305,27262,24916,12288,10900,10589,10963,10350,11420,12459,12841,11237,39792,40822,47180,20151,20057,15556,13996,15994,17062,16878,15990,14140,18553,18219,18535,14347,13644,13461,31177,32433,31508,13764,12000,12953,12605,13121,12919,13706
CumProbs: 0.01808811434522565,0.016627490676438778,0.018684757376522643,0.011892305770631469,0.014169866444750491,0.013198496550404006,0.011311884681457829,0.009314314728387915,0.009531688752840863,0.011916963122658962,0.011519525540636776,0.10047611400132048,0.09683818126073689,0.09893600281612917,0.049397760398670394,0.050753265882498,0.04853280644465318,0.013432416955822785,0.012738442271785659,0.016466244571732618,0.017422690279325612,0.019585724042053772,0.017617029145963414,0.01218754511727653,0.013494060335891537,0.016849731283528728,0.016747208609309113,0.01728512821011958,0.01314301750834213,0.013167999299212097,0.009341892029997608,0.008643375202165952,0.022325285627845942,0.022105964970338184,0.02154079250676049,0.014562437444135682,0.01727279953410582,0.018776249130098344,0.014943653084034515,0.02219583452970156,0.022660755390956897,0.01867924191620068,0.007586677892250613,0.009139117753455678,0.009348056368004494,0.009899926839041019,0.007933178576005478,0.00989765576714375,0.008662517093871511,0.008346189222466088,0.008490888946206416,0.009467774300874846,0.009212765370695706,0.006091014828477295,0.0052598025140765895,0.009187134702140809,0.010067012842911576,0.011212606395662897,0.008379606423240203,0.008810136767194046,0.013232238190020592,0.01319395440660947,0.014071237036640498,0.008179103218595532,0.0072700255820027275,0.008460716133856978,0.009099211775832233,0.007777772370463741,0.014152346747257275,0.020207997741905653,0.02132114741041027,0.015332655256152575,0.012991180130067535,0.02477544776615746,0.02295826580949925,0.020440295953112083,0.007927338676841067,0.019875447928376876,0.028887710094427928,0.07398730470809424,0.08198666880796306,0.07244459801216321,0.028466912915748092,0.018760351626817474,0.017274421728318157,0.016390001443752827,0.009735111907067745,0.01326889977921937,0.024611606150711573,0.021822729860864403,0.01990691849609618,0.007187942554858555,0.0059317153568259505,0.0056166852407904,0.0057652782306403276,0.005107640696959521,0.005977136794771346,0.007007554558446845,0.007519194613017458,0.005819135078489866,0.03447422252286889,0.035052372540145246,0.04128646489815053,0.014567304026772691,0.01460493893249887,0.010012831556219572,0.008263457317636986,0.010474508029050256,0.01207366708357058,0.011351141781396347,0.010923531387024715,0.008781910587899398,0.01314593745792433,0.013092080610074802,0.013245540182561733,0.008837389629961286,0.008257941857315038,0.008269297216801386,0.026075474207923135,0.027157802186393347,0.025986902403929594,0.008681983424419533,0.006797318188528167,0.007771608032456861,0.007724239961456667,0.007932205259478077,0.0077767990539363355,0.008539879211418952
