HitRate: 650817/3000000 0.216939
CumReqs: 47106,46924,47130,47207,47044,46642,46899,46575,46620,46673,47469,46716,46889,46406,46822,46751,46993,46767,47054,46971,46980,46668,47045,46956,47084,46671,47050,47072,47356,46953,47029,47089,46485,46851,46991,46977,47051,46423,46804,47117,46642,46831,47163,46784,46746,47216,46708,46842,46942,46455,46510,46652,46914,46983,46902,47021,46896,46748,46880,46892,46789,47014,46742,46418
CumProbs: 0.010023027037662242,0.010044350217941232,0.010158468063749957,0.010075135869726247,0.010066792955379891,0.010132039060471944,0.010278485231443934,0.010055398873430378,0.010078606247359054,0.010163004993728214,0.010009709157647198,0.010169931697564076,0.010285761267929112,0.010145170691226968,0.010247931672386615,0.010248325980461676,0.010169864532814925,0.01028558624896238,0.01019753049593205,0.010034102276937401,0.010041630533873934,0.010094762461931235,0.010137895794046944,0.010336524309389247,0.01002845457872466,0.01009131839682131,0.010305022143192174,0.010170135253411296,0.010187267038677604,0.010094018495691142,0.010147109897037902,0.010016645355692305,0.010129798481331796,0.010181748190448087,0.010242727001105721,0.010168518416695282,0.010271282924275527,0.010295117241533154,0.010134810393037761,0.010329918998101045,0.010143097589938765,0.010278155049971106,0.010121350154135969,0.010071164035084998,0.010265822234859516,0.010133898297914291,0.01009396869178183,0.010170331376648932,0.010184790189357674,0.010172752725533982,0.010164337817954885,0.010288380747398898,0.010161155413253018,0.010093254564485269,0.010154645749341879,0.010241607064177734,0.010288551697418763,0.010116591168165514,0.010220603377604524,0.010090676859536341,0.010230298864132865,0.01009520359002119,0.01022437474879816,0.01024529976906583
