HitRate: 2316280/3000000 0.772093
CumReqs: 147395,152981,160572,172790,204023,364682,151614,157152,168297,188838,253915,149313,154976,163592,179230,230630
CumProbs: 0.03573018436157157,0.03738034885671703,0.040041843344005,0.04431274582253751,0.05453283410302084,0.1078069557134784,0.036992688156823494,0.038946788750825814,0.042539363990017724,0.04933653782661689,0.07127143547250235,0.03636112031730679,0.038148403593017605,0.04085570965445748,0.04626747830032126,0.06348188815720285
