HitRate: 2143828/3000000 0.714609
CumReqs: 3000000
CumProbs: 0.1400348711733407
