HitRate: 29402075/30000000 0.980069
CumReqs: 468248,469957,469434,467806,469161,470157,468050,468501,467828,469631,469392,469383,468276,469186,469711,467568,468483,469234,468717,467964,468276,469320,468759,469713,468758,468729,467801,469500,467394,470163,468131,468789,468088,469169,469068,470202,468258,468909,469567,467865,468623,469182,466800,468607,468201,469136,469365,469710,468579,467775,469236,468270,469103,469037,469360,468488,467220,468469,468612,467419,468865,469199,468174,469424
CumProbs: 0.01531335411052787,0.015302233273411927,0.015318081153923016,0.01530646354078217,0.015312215788738754,0.015316031548293191,0.015310186619817362,0.015311497248737274,0.015310625943675018,0.015316329080922779,0.015313182210839797,0.015317241339697129,0.015313044152244762,0.015315924227497217,0.015316303511843786,0.015322789877034405,0.015320329507072307,0.015306694391115993,0.015313074655669381,0.015312193016964421,0.015305279884319978,0.015311257931077463,0.015317592598371335,0.015311701193731141,0.015309394964153176,0.015309121069724327,0.015316223791373755,0.015305686772247666,0.015313660476151536,0.015317147044054442,0.015312017929889885,0.015315103145338271,0.01531644221930942,0.01531543986030708,0.015317372976861147,0.015319546252002745,0.015305220949407772,0.015318723613314144,0.015316011094765977,0.015320180741571222,0.015324667520042365,0.01531028741935597,0.015310521108769463,0.015308537050997174,0.015308303667572819,0.015311722576076195,0.015314668364659185,0.015313027728659251,0.015312677174736531,0.015306433369388342,0.01531476350611205,0.015310722779461272,0.015315949277913857,0.01530916553688576,0.015320963524093855,0.015308044486662613,0.015320466039519637,0.015310288327557755,0.015308195330611007,0.015313357370613848,0.015313697825268495,0.01532119369843031,0.015314973605067677,0.015309513611428802
