HitRate: 347463/3000000 0.115821
CumReqs: 3000000
CumProbs: 0.08380208333333304
