HitRate: 2667948/3000000 0.889316
CumReqs: 3000000
CumProbs: 0.5120387210189247
