HitRate: 133033/3000000 0.044344
CumReqs: 23545,23508,23604,23190,23023,23370,23406,23320,23641,23310,23399,23325,23480,23468,23493,23323,23374,23376,23810,23574,23091,23628,23384,23760,23245,23362,23491,23614,23198,23451,23038,23778,23605,23414,23452,23461,23546,23451,23219,23269,23639,23302,23483,23421,23534,23623,23317,23420,23236,23328,23262,23359,23453,23493,23458,23585,23475,23468,23184,23313,23438,23505,23299,23727,23317,23394,23485,23340,23405,23527,23424,23326,23308,23470,23435,23264,23362,23129,23317,23343,23499,23401,23154,23556,23694,23374,23511,23468,23282,23398,23403,23488,23383,23340,23574,23656,23285,23537,23502,23707,23650,23138,23684,23702,23623,23610,23607,23599,23322,23417,23536,23455,23298,23572,23484,23412,23555,23406,23621,23451,23425,23465,23422,23390,23443,23391,23572,23374
CumProbs: 0.0010323849059415934,0.0010364214819361707,0.0010295646697281997,0.001018435226512194,0.0010337757370895953,0.0010211206710269145,0.0010406473061267219,0.0010105796970633122,0.0010111149847650501,0.0010333873802061036,0.0010236179930964132,0.0010362352447843798,0.0010229742806775086,0.0010381348881465151,0.0010510645288869939,0.001019806974150433,0.0010163233045350512,0.0010350345298811262,0.0009979794537060094,0.0010650394902369331,0.0010425032622216588,0.0010650756363304085,0.0010171844224820346,0.0010346882055468597,0.001028571486298222,0.0010388151264302356,0.0010759048838665226,0.0010623627533364764,0.0010642592635850688,0.0010248563596152336,0.0010309324975836915,0.001024434026760201,0.0010032467058498022,0.0010307366576423403,0.0010610107402445831,0.001044576827293604,0.0010634024587554303,0.0009937070261469077,0.0010303368940554295,0.0010450850291609459,0.00101999591039138,0.001036158775112703,0.0010269890062568547,0.0010462609911108794,0.0010618312362215992,0.0010611916334711086,0.0009856509231782034,0.0009972853266419072,0.0010738518806999093,0.0010441009466798314,0.0010614033695556338,0.0009956017596081657,0.0010452502161299683,0.0010315980332913045,0.0010635459716316303,0.001037547870163157,0.0010469422059494688,0.0010816773539599935,0.0010446333996597921,0.0010315377852810894,0.0010557223972282373,0.0010561295121032032,0.0010164644574036472,0.0010646712341078621,0.0010459042230648,0.001024468802964206,0.0010341490658786884,0.0010673284399109056,0.0010485923259788907,0.0010419417974240827,0.0010828302312378478,0.001051151157441978,0.0010355173684483544,0.0010395866183413119,0.0010205199948386298,0.0010670510983276402,0.0010335493526820111,0.0010025066807067792,0.0010497139263743584,0.0010467698847045847,0.0010379414624658164,0.0010463380304395634,0.0010547694559968886,0.0010359625960897983,0.0010560195140476333,0.0010337858145933296,0.0009823139944953993,0.0010142026749436444,0.0010196174953790021,0.001043004194180516,0.0010058099182465446,0.0010224005004379525,0.0010318014686594276,0.0010080930357178192,0.0010350367000030616,0.0010580060165402082,0.0010658467891599332,0.0010376189280932588,0.0010478413010303101,0.0009968960881463799,0.0010532046488860277,0.0010088047814593788,0.0010503571098260406,0.0010399298502518223,0.0010571498898736742,0.0010541734048809769,0.001036937238540495,0.001017959020380131,0.0010489979353317637,0.0010563882042010895,0.0010624352625356222,0.00102659835718207,0.0010080108287862785,0.001016357890853387,0.0010559681228475657,0.0010389955449425883,0.0010144907721937487,0.0010003404378649556,0.0010498302042202775,0.0010339217184794954,0.00103295142983593,0.0010101016056378183,0.0010296031351394932,0.0010453836379391702,0.0010355335358567684,0.0010183406770121492,0.001030296027946744,0.0010368826735370983
