HitRate: 302879/3000000 0.100960
CumReqs: 3000000
CumProbs: 0.12491613910437199
