HitRate: 2963353/3000000 0.987784
CumReqs: 140078,146167,153488,169855,207501,401248,144096,151185,163614,189329,267399,141622,147971,159206,177926,239315
CumProbs: 0.04601200498625999,0.04806659792253368,0.05058452062697212,0.05596932959541551,0.06853921561309351,0.1332523617021957,0.047420655443671446,0.049792754567450165,0.05393233146046436,0.06248713713388139,0.08846799399004246,0.04652518669150542,0.04877038997544196,0.05244770345188641,0.058696790388333225,0.07917100760628581
