HitRate: 500433/3000000 0.166811
CumReqs: 47321,46919,47356,46673,46676,46926,46837,47071,46757,46268,47310,47167,46865,47093,46830,46543,46658,47318,46604,46708,46898,47208,46654,46436,46686,46560,46947,47168,46786,46998,46538,47134,46655,46499,46739,47116,46785,46883,47034,46821,47062,46803,46678,47016,47020,46940,46708,46925,46962,47120,47091,46918,47168,46319,46825,47021,46923,46818,46713,46563,47049,46860,47042,47011
CumProbs: 0.007812500000000019,0.007812500000000019,0.007812500000000019,0.007812500000000019,0.007812500000000019,0.007812500000000019,0.007812500000000019,0.007812500000000019,0.007812500000000019,0.007812500000000019,0.007812500000000019,0.007812500000000019,0.007812500000000019,0.007812500000000019,0.007812500000000019,0.007812500000000019,0.007812500000000019,0.007812500000000019,0.007812500000000019,0.007812500000000019,0.007812500000000019,0.007812500000000019,0.007812500000000019,0.007812500000000019,0.007812500000000019,0.007812500000000019,0.007812500000000019,0.007812500000000019,0.007812500000000019,0.007812500000000019,0.007812500000000019,0.007812500000000019,0.007812500000000019,0.007812500000000019,0.007812500000000019,0.007812500000000019,0.007812500000000019,0.007812500000000019,0.007812500000000019,0.007812500000000019,0.007812500000000019,0.007812500000000019,0.007812500000000019,0.007812500000000019,0.007812500000000019,0.007812500000000019,0.007812500000000019,0.007812500000000019,0.007812500000000019,0.007812500000000019,0.007812500000000019,0.007812500000000019,0.007812500000000019,0.007812500000000019,0.007812500000000019,0.007812500000000019,0.007812500000000019,0.007812500000000019,0.007812500000000019,0.007812500000000019,0.007812500000000019,0.007812500000000019,0.007812500000000019,0.007812500000000019
