HitRate: 1688692/3000000 0.562897
CumReqs: 50645,35179,31180,43214,46065,47394,34343,30672,41021,43434,45350,34389,30921,39595,41920,43085,33863,30078,38175,40191,42092,33399,30236,36928,39369,40594,33109,29976,36482,38564,39820,32801,29829,35040,37733,38361,32351,124795,129996,132103,38220,32156,77293,81875,84082,37244,31939,67147,70613,72736,36630,31695,55772,59374,61820,36464,31706,49451,53438,54736,35558,31240,45717,48802
CumProbs: 0.03169221320488367,0.010902983706575295,0.012341255305352416,0.0245807037383417,0.023913968535022395,0.027032053527791113,0.015260717086353856,0.009405823818882249,0.02024858842775255,0.02487115275655415,0.026718315355770104,0.010581260681819922,0.009221174099400108,0.01871682751154394,0.02248135287359878,0.022188907642202747,0.012324952897686424,0.008885144880162333,0.018081033612570286,0.019659372836396023,0.022962107548646887,0.012767446820049036,0.010522372392903993,0.016824417413499923,0.017346759863206166,0.019891266267889812,0.012983037843876832,0.009774125151254736,0.01582830703488815,0.019937179171112398,0.015859248339233807,0.013620827956034073,0.009098406988609276,0.012761458180498265,0.018801999274043805,0.018822959512471506,0.01275280792336937,0.10453769199827925,0.10970322631301753,0.11169112194167663,0.014104244248660292,0.013742596960233102,0.05553365266090226,0.0636499227631849,0.06517669314643455,0.01807870469718943,0.011563730270343825,0.04749224055300429,0.05190819681730425,0.052423552520867917,0.015019175291139374,0.011831555539142247,0.03432887811820975,0.03621729578988659,0.043119868276546056,0.015764760915210507,0.012788407058476736,0.028761439549175212,0.03343424190976385,0.03439375504667646,0.015030154463649123,0.0113112093026196,0.027515802522614593,0.027494842284186905
