HitRate: 116084/3000000 0.038695
CumReqs: 93351,94093,93618,93644,94074,93340,93488,93803,93707,94227,93554,94145,93457,93427,94037,93469,93797,93763,94148,93949,93723,93780,93404,93881,93481,93864,94157,93906,93590,93190,94129,93804
CumProbs: 0.0027083333333333326,0.002656249999999999,0.0024999999999999988,0.0024479166666666655,0.002499999999999999,0.0022916666666666654,0.0027083333333333326,0.002499999999999999,0.002656249999999999,0.002656249999999999,0.002708333333333332,0.002812499999999999,0.002708333333333333,0.0027604166666666654,0.002395833333333332,0.0027604166666666662,0.0029687499999999996,0.002343749999999998,0.002552083333333332,0.0027604166666666654,0.0031249999999999993,0.002552083333333332,0.0024479166666666646,0.0025520833333333324,0.002604166666666665,0.0027604166666666654,0.002552083333333333,0.0020833333333333324,0.0031249999999999984,0.0026562499999999985,0.0022916666666666654,0.0027604166666666654
