HitRate: 2852164/3000000 0.950721
CumReqs: 3000000
CumProbs: 0.8497048611109527
