HitRate: 133848/30000000 0.004462
CumReqs: 468861,468963,469576,468168,469049,468572,468797,469044,467675,468819,469183,469622,469218,468849,470098,467907,468386,467952,468807,468379,468410,467431,468714,468593,470368,468268,469107,469163,468235,469342,469015,468222,468773,468588,469202,468395,469102,469308,468534,469010,467652,467700,468776,468685,468886,468764,469431,469278,467970,469634,467706,468714,468432,469354,469982,468227,469260,467865,467976,468843,468087,468079,469123,469871
CumProbs: 0.00020786690936582742,0.0002044006213791264,0.00020918894885829984,0.0002036861107767997,0.00021039948678888205,0.00020767338264998382,0.00020642269829775515,0.0002130114716399459,0.0002089950201248551,0.00021095695445082474,0.0002123093063959339,0.00020455117995464258,0.00020749585797076917,0.00020606197946033663,0.00021495414004549782,0.00021564812116601305,0.00020743697514176657,0.00020997058988958943,0.00020990638534581176,0.0002115951983537419,0.00020662725255713208,0.00020867932725875037,0.00021002615675155085,0.00020869735565940051,0.00020774355669398267,0.0002146913095099903,0.00021218847216633477,0.0002150565308360331,0.0002029793871631738,0.0002111924852243009,0.00020904694061664588,0.0002014407958172237,0.00020353520389453642,0.00020984619555270562,0.00020721369315557535,0.00020812361523642582,0.00021628604497394424,0.00020257944800943303,0.00020433149279790367,0.0002112470890886352,0.00020630294533816778,0.0002071863239492079,0.000214079710530718,0.0002070264403014567,0.0002013760693558587,0.00020769146855922454,0.00020715463074786036,0.00020593537484044837,0.0002064842596164963,0.00021463962285029928,0.00020815131267578734,0.00020164135431461483,0.000209637437198335,0.0002053942200870446,0.00021016977740387962,0.00021350322434380442,0.00020397087324418433,0.00021494674042598348,0.00021418066957435845,0.00021245546013892277,0.00020976200731619417,0.00020414253096208055,0.00020080841996069303,0.00021012421432403027
