HitRate: 121520/3000000 0.040507
CumReqs: 47143,46743,46871,46901,47063,46886,47001,46828,46459,46547,46670,46715,46773,46975,47012,46812,46595,46770,46735,46957,47329,47205,46963,47071,46616,46919,46783,47040,46982,46876,46970,47073,46827,46705,47048,47060,46740,46410,46806,47071,47074,47105,47000,46833,46856,46958,46941,46567,46817,47013,46831,46733,46773,46848,46934,46792,46909,46690,46809,47010,46881,47214,46600,46862
CumProbs: 0.001267361111111111,0.0012847222222222223,0.0013368055555555555,0.0011284722222222225,0.0010937500000000003,0.0013888888888888887,0.001267361111111111,0.0013020833333333333,0.001284722222222222,0.0011458333333333333,0.0014756944444444448,0.0010069444444444449,0.0010069444444444449,0.0011284722222222223,0.0013020833333333335,0.0012847222222222218,0.0013715277777777775,0.0013020833333333337,0.001319444444444445,0.0011805555555555556,0.0010590277777777779,0.0013020833333333333,0.00125,0.001302083333333334,0.0012499999999999998,0.0012152777777777782,0.0011284722222222225,0.0012673611111111112,0.0013888888888888885,0.0013020833333333333,0.0015451388888888884,0.00109375,0.0012326388888888888,0.0012152777777777778,0.0011284722222222223,0.0009548611111111113,0.0015104166666666666,0.0011979166666666668,0.0013715277777777775,0.0013715277777777773,0.0012152777777777782,0.0014062499999999997,0.001059027777777778,0.0011805555555555558,0.001371527777777778,0.0012500000000000002,0.0011805555555555558,0.001371527777777778,0.0013194444444444447,0.0011979166666666666,0.0012847222222222223,0.0010416666666666667,0.0009722222222222224,0.0013194444444444447,0.0014236111111111112,0.0009375000000000002,0.0012499999999999998,0.00125,0.0012152777777777778,0.0011111111111111111,0.001267361111111111,0.0011631944444444443,0.0012847222222222225,0.0013541666666666665
