HitRate: 132514/3000000 0.044171
CumReqs: 375018,374885,373628,375819,373628,375368,376042,375612
CumProbs: 0.016696676746321026,0.01606202344129893,0.01667975525045566,0.016105094446162652,0.01663808684803953,0.01626040836471688,0.01670370017392375,0.01653263822392812
