HitRate: 2501059/3000000 0.833686
CumReqs: 50795,35044,30958,43319,45671,47597,34699,30427,40702,44045,45442,34252,30798,39304,42171,43059,33696,30295,38343,40473,41704,33448,29988,37177,39175,40668,33218,30189,36057,38356,40127,32758,29995,35236,36988,38648,32433,124923,130362,131877,38237,31935,77478,81858,83895,37325,32132,67018,70956,72744,36391,31451,55754,59969,61548,35755,32054,50004,53401,54406,35665,31106,45568,48933
CumProbs: 0.04291196069618887,0.02746139630423462,0.02292192294025735,0.03522902615007943,0.038507156103821515,0.03977077103550552,0.02666928432471722,0.02289077064610183,0.03288449151181107,0.03618144264327214,0.037942845275316495,0.02670562866789873,0.022648366857204047,0.03131908873049532,0.0341831527744201,0.035061258065929295,0.025621139427609033,0.022741499236606535,0.02982312960490131,0.0328199154020512,0.03372268292643353,0.025819086296722374,0.022374486271086617,0.028988507723984213,0.03113704251152391,0.0325051474298546,0.02525672248660208,0.022613969532407317,0.028474819373481938,0.030213182287973758,0.03217837284428558,0.025068186206348257,0.021985407097206526,0.02748703204630011,0.029552494049425046,0.030467917193308124,0.025001663078203624,0.11712873198805185,0.12208584079555168,0.1242129583808595,0.03008240755313334,0.024355901980604455,0.06960752976909981,0.07406717537930362,0.07642663715852145,0.029743950857255983,0.024786193043627808,0.059121862258184346,0.06257360135123076,0.06502587100678697,0.02865524307713276,0.024001220131521086,0.048040407121544226,0.05132827216720997,0.05373251536927643,0.028697752978532495,0.024215716656904526,0.04217566324370016,0.045477157418058946,0.04695332185674163,0.02756945582458664,0.02354139928966279,0.03728962060724257,0.041347531424065456
