HitRate: 36125/3000000 0.012042
CumReqs: 3000000
CumProbs: 0.007884114583333168
