HitRate: 302857/3000000 0.100952
CumReqs: 3000000
CumProbs: 0.416166533016252
