HitRate: 2641738/3000000 0.880579
CumReqs: 3000000
CumProbs: 0.4989653117391457
