HitRate: 908712/3000000 0.302904
CumReqs: 46770,46827,46714,47080,47091,46965,46747,47007,46809,46771,46970,46873,46742,46380,47380,46995,47077,46733,47124,47053,47100,46775,46878,46901,46631,46703,46842,46629,46815,46683,46970,47128,46897,46465,47310,46692,47088,47136,46743,46714,46996,47037,47082,47269,46823,46830,46825,46883,46666,46416,46374,47147,47057,47161,46722,46916,46952,47067,46503,46806,46773,47071,46916,46500
CumProbs: 0.014788837296666659,0.01484201553613107,0.014867827196221949,0.014748098411462946,0.014881821469765232,0.01476862334599306,0.014959567433894533,0.014810917150479379,0.014761470717293185,0.014756805959445335,0.014767690394423506,0.014837039794426814,0.014853210954965668,0.014740323815049968,0.014888041146895598,0.014961744320890116,0.01491167591999087,0.014831131101152995,0.014822112569313966,0.015004038125376453,0.014976360562146388,0.01477328810384083,0.014720731832089428,0.014689944430294227,0.01470362771998098,0.014689322462581212,0.01481216108590546,0.014856942761243882,0.014790703199805702,0.014791014183662295,0.014759915798010588,0.014742189718189134,0.014763025636575762,0.014766757442853948,0.01488959606617818,0.014859741615952538,0.014806563376488155,0.014803764521779478,0.014838905697565893,0.014651693415942642,0.014822423553170518,0.014735348073345735,0.014900480501156287,0.015023319124480504,0.01468061491459872,0.014850101116400451,0.01472197576751546,0.014717000025811184,0.014691810333433364,0.014755251040162806,0.014736902992628307,0.014760537765723617,0.01481091715047936,0.014897370662591091,0.014760848749580113,0.014821179617744408,0.014829576181870387,0.014810295182766331,0.014756805959445424,0.014850101116400494,0.01486036358366556,0.014725085606080667,0.014907944113712698,0.014798477796218703
