HitRate: 1059324/3000000 0.353108
CumReqs: 94034,93891,94027,93941,93828,93380,93521,93827,93699,94222,93301,93717,93565,93717,93204,93521,93318,94065,93786,93432,93453,93635,94138,94084,93710,93485,94264,93842,93558,94147,94071,93617
CumProbs: 0.02381944444444441,0.023368055555555527,0.024097222222222194,0.023020833333333317,0.024618055555555515,0.024270833333333307,0.02357638888888887,0.02343749999999999,0.02274305555555555,0.023854166666666635,0.023055555555555537,0.023229166666666638,0.02246527777777776,0.02364583333333331,0.023576388888888862,0.024201388888888866,0.022569444444444423,0.023541666666666638,0.023645833333333307,0.023784722222222207,0.024062499999999962,0.0230208333333333,0.023472222222222203,0.022916666666666623,0.023333333333333314,0.023541666666666638,0.022708333333333306,0.02315972222222217,0.023715277777777752,0.023888888888888862,0.022534722222222206,0.02305555555555552
