HitRate: 2084532/3000000 0.694844
CumReqs: 46240,37977,32929,37000,37431,42474,43810,49289,44834,44217,39800,40781,36280,40709,50860,49158,47018,36739,44056,61307,69749,73657,52442,43444,36674,41084,40164,46501,56808,58343,49038,37446,57367,64084,61809,42481,38259,48390,54580,60950,53707,46121,39046,35959,38004,38865,40242,37794,55624,56293,62700,52526,50616,42825,35399,36514,39254,47822,58215,54534,49651,37931,46612,47567
CumProbs: 0.023901351881842475,0.017126065953310867,0.016821457685444487,0.01748406496923532,0.01868900985171796,0.022255230818040074,0.027075291351908514,0.027961858773604065,0.024638706212914065,0.024173925700874323,0.0223094645779091,0.02417111566150253,0.022193971959742004,0.02051132038411093,0.025002606311518107,0.023516657491889206,0.023268250011452024,0.01766334548113433,0.024259350897766607,0.026158375505000556,0.02480787058307604,0.020332039872211622,0.018793543316336193,0.019567709163174022,0.020717296270039317,0.022539606802432118,0.022745863692297193,0.025433666351100448,0.0266905969619552,0.026785576292710726,0.022514878455962915,0.019202966052758334,0.024810118614573006,0.027074729344034053,0.025937225406466122,0.02274361566080002,0.0216732716642105,0.030630834168618934,0.0381409453927871,0.04537595376248971,0.03712848820724997,0.028078756411457614,0.020780803159834185,0.01883204085572531,0.020360983277737724,0.019035206702282207,0.020045134852385404,0.019388709655211955,0.02147797392789395,0.023536327767489495,0.03385001527256553,0.034770022162782174,0.032754380921632624,0.02626909105623572,0.02089460975437835,0.020711114183421815,0.02168844587681648,0.023958114677145804,0.03293534745715452,0.030636173243424797,0.029560209168091718,0.020379810541526374,0.0255533740283245,0.02460161369321064
