HitRate: 1714941/3000000 0.571647
CumReqs: 391015,360789,328007,346449,374804,411779,402598,384559
CumProbs: 0.10215107610371307,0.09442747276258569,0.07560027457855752,0.07566050084965634,0.08105724057866463,0.09521540541430853,0.09453461563161213,0.08917680669662896
