HitRate: 1510693/3000000 0.503564
CumReqs: 93948,94117,94467,94295,94058,93372,93860,92878,94446,92523,93191,93499,92999,93852,93940,93264,94077,93241,93569,93909,94368,93878,94211,95209,93663,93493,93584,94015,93125,93202,93541,94206
CumProbs: 0.015875685501683036,0.01569486828097002,0.015973074188574413,0.01573940781695447,0.015850424272318715,0.015657973590714233,0.015683567204675463,0.015712817049202556,0.015851753810706307,0.015558258211644572,0.01577297866124126,0.01564766966821037,0.0157001864345204,0.015781953045357535,0.015891639962334177,0.015777299661000947,0.016022267108915463,0.015616757900698771,0.015551942904303489,0.015676254743543686,0.015996341110357342,0.015833140273279967,0.015878344578458225,0.016021602339721653,0.015804555197946657,0.015604792055210419,0.015934185190737242,0.01575868612357461,0.015562246826807352,0.01588864850096209,0.015815523889644315,0.015807546659318748
