HitRate: 364123/3000000 0.121374
CumReqs: 187493,187302,186832,187398,187311,187110,188002,187522,186916,187945,187985,187771,188411,187707,187222,187073
CumProbs: 0.0049236111111111095,0.004895833333333332,0.004777777777777772,0.005131944444444442,0.004798611111111108,0.0051319444444444424,0.004951388888888891,0.004965277777777774,0.004972222222222223,0.004826388888888885,0.0049097222222222155,0.005166666666666665,0.00515277777777778,0.004972222222222217,0.005111111111111108,0.004999999999999997
