HitRate: 28102535/30000000 0.936751
CumReqs: 30000000
CumProbs: 0.8631729166666612
