HitRate: 598640/3000000 0.199547
CumReqs: 23205,23444,23315,23393,23901,23358,23452,23401,23384,23208,23866,23889,23412,23172,23334,23474,23445,23115,23629,23223,23185,23565,23244,23276,23251,23563,23489,23376,23370,23518,23277,23525,23375,23598,23588,23386,23111,23167,23547,23638,23438,23465,23534,23374,23541,23573,23432,23345,23603,23617,23583,23584,23462,23457,23038,23531,23138,23434,23526,23392,23548,23573,23409,23369,23715,23525,23600,23609,23423,23318,23292,23691,23224,23492,23142,23466,23540,23187,23380,23316,23281,23524,23298,23542,23504,23497,23422,23457,23540,23398,23467,23631,23575,23222,23573,23435,23489,23242,23594,23422,23314,23552,23376,23398,23280,23384,23311,23438,23577,23434,23378,23249,23554,23526,23389,23403,23640,23517,23541,23603,23363,23426,23164,23350,23615,23566,23602,23382
CumProbs: 0.0031362847222222855,0.0030894097222222906,0.0032230902777778403,0.003138888888888955,0.0031328125000000674,0.0030625000000000626,0.003173611111111175,0.003142361111111175,0.0030876736111111773,0.0031579861111111747,0.0031475694444445066,0.003150173611111177,0.003126736111111174,0.003138888888888952,0.0031831597222222825,0.0031250000000000652,0.003109375000000065,0.0031536458333333997,0.0030980902777778432,0.0031657986111111765,0.003086805555555617,0.0031545138888889484,0.003040798611111171,0.0031657986111111743,0.0031927083333333954,0.0031432291666667325,0.0031119791666667307,0.0031111111111111725,0.0030729166666667277,0.0031241319444445075,0.00318836805555562,0.0030937500000000604,0.003145833333333398,0.003156250000000059,0.0031536458333333967,0.0031458333333333997,0.003161458333333397,0.0030772569444445096,0.003203125000000062,0.0031657986111111756,0.0031076388888889484,0.0031918402777778437,0.003153645833333396,0.0031814236111111734,0.003121527777777844,0.003173611111111172,0.0032152777777778446,0.0031675347222222807,0.0031692708333333954,0.0031302083333334023,0.003111979166666728,0.003109375000000066,0.0030833333333333945,0.0031215277777778367,0.003073784722222285,0.003126736111111172,0.003189236111111176,0.0031345486111111725,0.0032031250000000666,0.0031527777777778402,0.0031579861111111765,0.003191840277777844,0.0031970486111111717,0.003182291666666728,0.0031414930555556187,0.003188368055555617,0.0031605902777778407,0.003109375000000062,0.003083333333333396,0.0031215277777778463,0.0030546875000000656,0.00307725694444451,0.003105034722222286,0.0031397569444445066,0.0031536458333333993,0.0031718750000000653,0.0031840277777778403,0.0031293402777778385,0.003126736111111175,0.003151909722222284,0.003167534722222286,0.0030989583333333984,0.0032005208333333915,0.0031701388888889515,0.003136284722222284,0.003142361111111177,0.003174479166666729,0.003158854166666736,0.003089409722222286,0.003171875000000065,0.003159722222222286,0.0030920138888889457,0.003117187500000062,0.003127604166666732,0.003111111111111176,0.0030815972222222833,0.003191840277777839,0.003122395833333399,0.0030885416666667277,0.003127604166666725,0.0032473958333333977,0.003107638888888955,0.003078125000000062,0.00311631944444451,0.003193576388888955,0.0031388888888889493,0.003166666666666732,0.003084201388888949,0.003092013888888955,0.00312934027777784,0.003115451388888953,0.0031866319444445045,0.0031414930555556174,0.0031631944444445084,0.003115451388888954,0.0031944444444445053,0.003102430555555617,0.0031414930555556217,0.0031137152777778432,0.0030894097222222837,0.003141493055555616,0.0030859375000000635,0.003158854166666728,0.003113715277777841,0.003110243055555617,0.0032005208333333954,0.0031961805555556153,0.0031319444444445057
