HitRate: 1791051/3000000 0.597017
CumReqs: 3000000
CumProbs: 0.10823311258278163
