HitRate: 1529858/3000000 0.509953
CumReqs: 3000000
CumProbs: 0.024750580260901756
