HitRate: 548028/3000000 0.182676
CumReqs: 375651,374716,374948,375383,374273,374449,374900,375680
CumProbs: 0.056666666666666636,0.055277777777777745,0.05749999999999993,0.053055555555555536,0.058333333333333307,0.059166666666666604,0.0558333333333333,0.05722222222222219
