HitRate: 13335/3000000 0.004445
CumReqs: 23610,23437,23397,23431,23380,23252,23241,23241,23215,23593,23691,23313,23415,23382,23542,23492,23218,23443,23603,23588,23150,23816,23377,23654,23397,23492,23570,23415,23242,23316,23248,23500,23635,23339,23438,23364,23554,23468,23340,23195,23472,23590,23610,23456,23424,23355,23601,23333,23501,23377,23162,23306,23364,23488,23422,23634,23230,23505,23300,23493,23366,23531,23389,23506,23418,23218,23464,23656,23439,23485,23391,23279,23614,23418,23244,23045,23553,23038,23388,23409,23528,23331,23307,23604,23631,23194,23302,23453,23487,23414,23405,23440,23187,23514,23503,23474,23628,23474,23412,23569,23470,23515,23416,23686,23569,23584,23475,23949,23421,23408,23410,23530,23462,23407,23469,23385,23571,23443,23715,23442,23291,23547,23464,23313,23558,23324,23411,23440
CumProbs: 9.956004032819569e-05,9.878245851243915e-05,0.00010493962340863684,9.564009482435087e-05,0.00010216318296853905,0.00010018366555594151,0.00010317124529703149,0.00011069629230177056,0.00010430856551326438,9.527437502529174e-05,9.784247019638842e-05,0.00011389186466704726,9.7691049938389e-05,9.441884514229029e-05,0.00010315228385662636,0.00011178802639411089,0.00010733991390112646,0.00010373153009080587,9.77112185091204e-05,9.548967824774628e-05,9.695765723052944e-05,9.653583977945623e-05,0.00011055892358329884,0.00011685782456836196,0.00011372298849073492,0.00011037865426682891,0.00010264683533149142,0.00010893489927014276,9.920386906564961e-05,9.874681425966037e-05,0.00010656880176138803,0.00010637903816145345,0.00010462555251162554,0.00010374120069667774,0.00010093953258908812,9.215165094071326e-05,9.921804267453616e-05,9.201714407054304e-05,0.00010572337650864539,0.00010003498507688478,0.00010785038083323554,0.00010500963696755774,9.76005287271844e-05,9.768451244606049e-05,9.73187248306909e-05,0.00010036697304312011,8.721843481573251e-05,0.00010301844158629866,0.00011668879919616663,9.643315232215476e-05,0.00010741999140051994,0.00011131997178256475,0.00010000024956266619,0.00010007098197447798,0.00011085465694996122,0.00010199981347663624,0.00010718225454256456,0.00010431843956806761,0.00011547475160627715,9.818442716026168e-05,0.00010507034612868323,9.861123589178486e-05,0.00010273372158845527,0.00010664470177605703,0.00010150833511145653,0.00010994469769618302,0.00011014953008030225,9.936628912920591e-05,0.00011153155867120599,0.00010953086900648223,0.00010381478139352898,9.900088128517494e-05,0.00010656230495884577,0.00010726528883309416,0.00011624220166525062,0.0001020711697985043,0.0001081470229384581,9.771322587191005e-05,9.67336328305495e-05,0.00010366950529325739,9.934829068040932e-05,9.769910651607186e-05,9.320163731233324e-05,0.00010854407387295061,0.00010669366515221054,0.00010570456426412326,0.00010312763940940444,9.517665172191608e-05,9.389626621713273e-05,0.00010018001703843866,0.00010795237656417028,9.788733746739002e-05,9.951421006558549e-05,0.00011013264381899723,9.726881202619092e-05,0.00010869740655090506,0.00010201025718844739,0.00011211108973388944,0.0001142731550909884,0.00010066936597146988,0.00010928731350908925,0.00010692828245988465,0.00010817177589177672,0.00010895449818386626,9.578359413728833e-05,0.00010106245643343142,0.00010860071405544845,0.00010068416349041266,0.0001026957037648103,0.00010056587828170497,8.965131782703016e-05,0.00010830630988847112,0.00010813778635697321,0.00011071821053331183,0.00011487248851632682,0.00010211019130354406,9.54357235911428e-05,9.442212745171665e-05,9.688918988348708e-05,0.00010039445221211929,9.913354355170058e-05,0.0001070689334877827,0.00011765595472618842,9.798091041256538e-05,0.00010990399434664375,0.00010567444025901604,9.675736853921123e-05,0.0001047139849804679
