HitRate: 1525988/3000000 0.508663
CumReqs: 92045,95354,91136,90769,93222,91361,96377,93907,90137,95394,95273,91247,96311,97134,102678,99914,90233,93939,92260,96241,94697,92773,92736,95839,90582,90118,92245,88827,90850,99485,94283,92633
CumProbs: 0.0009955591201908649,0.0007251027784059929,0.0007394249738453396,0.0005838792698877839,0.0008619963208611436,0.0006425003488953423,0.0006648163278357198,0.000877317739238119,0.0007987122014779841,0.0005622294395724924,0.0007717331821620053,0.0005998668368898454,0.0006638171048980911,0.0007350950077822813,0.0006048629515779896,0.0007627401757233457,0.0009282781090571898,0.0006031975800152746,0.0009699123981250582,0.000737759602282625,0.0008250250721688766,0.000914955136555472,0.000983901519251862,0.000804707539103757,0.0009096259475547851,0.0006838015636506675,0.0006444987947706,0.0010401910780716195,0.0006957922389022136,0.0007644055472860604,0.0008166982143553029,0.0009399357099961931
