HitRate: 2965429/3000000 0.988476
CumReqs: 3000000
CumProbs: 0.9868265969953143
