HitRate: 2775115/3000000 0.925038
CumReqs: 312020,339705,415717,319478,358947,536360,329126,388647
CumProbs: 0.09687234751049648,0.10600196067362912,0.1312602636292948,0.09915332664584386,0.11226151222520898,0.1714056517737989,0.10220464440392116,0.12225752976873042
