HitRate: 333281/30000000 0.011109
CumReqs: 30000000
CumProbs: 0.008888368055555516
