HitRate: 395872/3000000 0.131957
CumReqs: 186160,187751,187491,188406,186920,187371,187595,187949,187911,187776,186756,188194,187363,186727,187848,187782
CumProbs: 0.008461953759433476,0.008190743279768327,0.008213832114473895,0.008574104736011204,0.008139953919425215,0.008346931434539734,0.008280924275322269,0.008151396780625347,0.007947862626686642,0.008533444950894175,0.00843182630214793,0.008154647445511524,0.008128458978146798,0.008213647230195981,0.007993065530632577,0.008171531806890953
