HitRate: 2969348/3000000 0.989783
CumReqs: 3000000
CumProbs: 0.9968331464346813
