HitRate: 2046381/3000000 0.682127
CumReqs: 85697,98517,68234,130925,124515,84969,88392,104751,101384,116397,63505,87913,76700,104648,144583,71760,170673,53965,60115,64291,118380,73478,71204,91133,117305,77358,69496,117193,74489,83867,73627,130536
CumProbs: 0.010988681687827944,0.013459578479191492,0.010947394637278278,0.007968733716170842,0.008330661328650582,0.013488878966678355,0.009129765532837689,0.021681694820106658,0.009920878694982926,0.013127284314283689,0.008528106659101817,0.010007781277188271,0.00599294857131822,0.012414749732216852,0.016760877722739476,0.013315406762352737,0.009757728253294724,0.00686297327362693,0.00627030432218816,0.009577263887182467,0.023438725189063054,0.008038322373952132,0.008866394105541022,0.006118807483477689,0.017880955448941735,0.00990656141132457,0.005492176603360966,0.009447076493916984,0.011269367039548665,0.009023884225782899,0.0065523215142491925,0.01712447013564461
