HitRate: 301999/3000000 0.100666
CumReqs: 3000000
CumProbs: 0.10120096050178055
