HitRate: 1617347/3000000 0.539116
CumReqs: 23287,23615,23413,23376,23569,23403,23556,23600,23080,23504,23692,23217,23165,23276,23315,23376,23576,23595,23552,23404,23283,23848,23700,23103,23202,23706,23340,23177,23764,23327,23475,23457,23385,23100,23319,23680,23397,23393,23237,23616,23644,23886,23366,23140,23568,23555,23456,23632,23663,23538,23299,23652,23188,23284,23295,23530,23274,23781,23643,23128,23473,23462,23547,23610,23397,23362,23466,23564,23268,23450,23438,23293,23562,23238,23449,23552,23558,23534,23307,23450,23601,23471,23354,23233,23448,23230,23586,23379,23405,23741,23308,23425,23264,23282,23382,23394,23525,23403,23451,23599,23390,23535,23525,23335,23292,23490,23665,23578,23126,23647,23477,23388,23454,23419,23257,23145,23401,23409,23374,23445,23448,23613,23565,23427,23317,23641,23373,23201
CumProbs: 0.003732638888888884,0.0036111111111111083,0.0035937499999999976,0.0035416666666666635,0.0034895833333333307,0.0035937499999999967,0.0035243055555555527,0.0034895833333333333,0.003749999999999996,0.003645833333333329,0.00369791666666666,0.003593749999999996,0.0036631944444444407,0.0035243055555555535,0.0035590277777777755,0.003472222222222219,0.0035937499999999963,0.003541666666666662,0.003576388888888885,0.003645833333333328,0.0037152777777777726,0.0035590277777777742,0.0036458333333333295,0.003697916666666664,0.003680555555555552,0.0035590277777777747,0.003697916666666662,0.0035763888888888833,0.003593749999999995,0.0037152777777777735,0.0036458333333333295,0.0036284722222222187,0.003593749999999997,0.00364583333333333,0.0036631944444444403,0.003749999999999993,0.0034895833333333307,0.003611111111111107,0.0036284722222222187,0.0037673611111111067,0.003593749999999996,0.0036805555555555532,0.0034374999999999974,0.003472222222222221,0.0035763888888888885,0.003628472222222218,0.0035416666666666626,0.0035243055555555522,0.0036458333333333317,0.003715277777777772,0.0035937499999999963,0.0035243055555555522,0.003663194444444441,0.0036631944444444385,0.0036631944444444424,0.003576388888888888,0.003576388888888884,0.0036111111111111066,0.0036631944444444416,0.003576388888888886,0.0036284722222222196,0.003576388888888885,0.003611111111111107,0.00383680555555555,0.0036111111111111088,0.0036284722222222187,0.0036979166666666636,0.0035590277777777773,0.0036284722222222187,0.003680555555555552,0.003645833333333331,0.00364583333333333,0.003715277777777773,0.0036284722222222187,0.0037152777777777735,0.003645833333333332,0.0035416666666666648,0.0036979166666666627,0.003645833333333328,0.003524305555555554,0.003749999999999996,0.003715277777777775,0.003593749999999995,0.003524305555555552,0.0035069444444444406,0.003611111111111108,0.0035763888888888868,0.0036111111111111075,0.003593749999999997,0.0034548611111111086,0.0037673611111111085,0.0035590277777777755,0.003628472222222221,0.003680555555555552,0.003611111111111107,0.0036111111111111096,0.0036631944444444394,0.003663194444444441,0.0035937499999999963,0.003628472222222221,0.0034374999999999965,0.0035416666666666648,0.0034548611111111086,0.003784722222222216,0.003541666666666665,0.003576388888888885,0.0036458333333333286,0.0036111111111111057,0.0035243055555555527,0.003680555555555551,0.0035937499999999954,0.0036284722222222174,0.0036631944444444394,0.003663194444444441,0.00362847222222222,0.003576388888888886,0.0035416666666666648,0.0036805555555555532,0.003611111111111106,0.003472222222222219,0.0036111111111111066,0.003506944444444441,0.0036631944444444416,0.0036805555555555532,0.00368055555555555,0.003663194444444441,0.0036284722222222187,0.0035763888888888876
