HitRate: 2939409/3000000 0.979803
CumReqs: 93701,93472,94308,93478,93309,93992,93879,93829,93924,93340,93723,94371,93353,93762,93317,93739,93590,93518,93562,93723,93756,93884,94015,93902,94095,93852,93841,93512,94212,93595,93701,93745
CumProbs: 0.030678433157207113,0.0306880438689289,0.03066096899708058,0.030764929562703297,0.030662314062829467,0.030485351138416984,0.030736683181976924,0.030495677772230965,0.030495873023710623,0.030565989999522925,0.03050951893267904,0.03068452934229474,0.030637517124910675,0.030580416914410085,0.030723319302923584,0.03059601533817521,0.03055733385059066,0.030733016793080783,0.03064339636390981,0.03064606480079869,0.03073668318197692,0.030741390912097974,0.030608142624523958,0.030585580231317064,0.03080864419954174,0.030525876667754068,0.03056091346105138,0.03073676996041234,0.030648321040119393,0.030614781174832965,0.030752108048871275,0.030672814253514202
