HitRate: 1458560/3000000 0.486187
CumReqs: 3000000
CumProbs: 0.4776428277695627
