HitRate: 3481335/30000000 0.116044
CumReqs: 30000000
CumProbs: 0.0840033854166406
