HitRate: 3640295/30000000 0.121343
CumReqs: 939116,938202,937820,936926,938840,939576,936560,937085,936453,936862,937887,938209,936667,937945,936219,936735,939661,936411,937814,935268,937791,937076,935954,937427,937760,938907,937759,936891,937402,938198,937223,937356
CumProbs: 0.0024583333333334477,0.002439236111111217,0.002440972222222331,0.0024704861111112223,0.0024267361111112175,0.0024277777777778876,0.002453472222222331,0.0024704861111112158,0.002433680555555669,0.002475000000000115,0.00245312500000011,0.0024503472222223363,0.0024562500000001107,0.0024767361111112276,0.0024607638888889906,0.002461111111111215,0.002441319444444554,0.002455208333333444,0.0024677083333334406,0.0024652777777778934,0.002433333333333447,0.0025003472222223364,0.002443402777777891,0.002476041666666774,0.0024972222222223233,0.0024520833333334453,0.0024673611111112204,0.0024531250000001145,0.002444097222222329,0.0024531250000001076,0.0024447916666667734,0.0024510416666667784
