HitRate: 11606/3000000 0.003869
CumReqs: 187534,187184,187932,186740,187579,187766,187919,187693,187470,188044,187035,187345,187853,187820,187025,187061
CumProbs: 0.0004999999999999999,0.0004895833333333332,0.0004999999999999999,0.0005208333333333333,0.00045833333333333316,0.00053125,0.00047916666666666664,0.00045833333333333316,0.0005208333333333333,0.0005208333333333333,0.0004895833333333333,0.0005937500000000001,0.0005625,0.0004687499999999998,0.0005208333333333333,0.0005104166666666664
