HitRate: 1830518/3000000 0.610173
CumReqs: 3000000
CumProbs: 0.6154755290504744
