HitRate: 2516429/3000000 0.838810
CumReqs: 3000000
CumProbs: 0.8752079232108038
