HitRate: 2967372/3000000 0.989124
CumReqs: 3000000
CumProbs: 0.9947107701988737
