HitRate: 1545443/3000000 0.515148
CumReqs: 3000000
CumProbs: 0.22975938434374135
