HitRate: 2378468/3000000 0.792823
CumReqs: 37652,35678,34162,62478,42313,37175,35633,34077,58545,41285,37132,35607,33987,55772,41191,36620,35453,34213,53077,40834,37132,35279,33959,51162,40077,36223,35253,33868,49234,39489,36479,34696,33277,47829,39132,36601,34742,231712,46597,38917,36134,34718,132225,45801,38861,36284,34144,112402,44680,38304,35803,34773,89669,44003,38104,35666,34606,76630,43535,37821,35855,34532,68188,42720
CumProbs: 0.009942088254026595,0.009263359588945499,0.008772809250438914,0.018240966904204226,0.011386129059236883,0.009793582851003318,0.009182673440371466,0.008689442498922242,0.016840887987253198,0.01114809151792865,0.009789830006883535,0.009206798866855376,0.008695875945984633,0.01593323583086889,0.010997977753139904,0.009604332283251667,0.009169002365363832,0.008830174153411793,0.015064184356858778,0.010891021695727848,0.009700029808304478,0.009061510187363264,0.008695339825396069,0.014440676112396444,0.01077334322654508,0.009508098637610114,0.009057489282949263,0.008671750519500662,0.013796527225275513,0.0105714938249629,0.009623364564144542,0.009020765022634882,0.00855594847237789,0.013301955982354926,0.010372325026323292,0.009579670736179189,0.008923995256404854,0.07469794966042502,0.012848934085045628,0.010379562654268527,0.009460383905230832,0.008944903959357604,0.04148822786411791,0.012609556242266319,0.010339085549834337,0.009507026396433122,0.008844113288713613,0.03481272235601435,0.012307184230334358,0.01014286541443179,0.009340024833105505,0.008960183396130802,0.02723626619888436,0.012073435653734576,0.010172083986506734,0.009285072472780959,0.008935521849058266,0.02295105433474999,0.011790632043283995,0.01006110702468062,0.00933707616986859,0.00888110560932233,0.020069674231685538,0.011592535485821558
