HitRate: 30501/3000000 0.010167
CumReqs: 23489,23494,23675,23742,23634,23575,23585,23187,23115,23498,23300,23495,23460,23416,23388,23255,23558,23466,23506,23571,23471,23634,23439,23269,23444,23484,23209,23616,23456,23381,23331,23427,23309,23469,23369,23445,23363,23586,23234,23479,23433,23708,23394,23631,23800,23509,23376,23736,23531,23551,23441,23001,23147,23316,23271,23529,23511,23384,23205,23568,23546,23468,23299,23431,23328,23509,23605,23360,23382,23106,23275,23520,23415,23349,23275,23832,23367,23415,23542,23400,23370,23266,23305,23507,23700,23296,23680,23299,23239,23574,23538,23563,23394,23378,23544,23417,23273,23462,23384,23363,23782,23445,23508,23421,23436,23774,23490,23541,23044,23286,23368,23224,23082,23408,23261,23557,23402,23693,23261,23500,23260,23402,23489,23406,23265,23625,23649,23579
CumProbs: 8.550898809262387e-05,7.652555354592797e-05,8.983434546695893e-05,8.683986728472697e-05,9.01670652649847e-05,8.950162566893319e-05,0.0001068030551662734,8.91689058709074e-05,8.484354849657231e-05,7.985275152618573e-05,9.515786223537133e-05,9.948321960970635e-05,8.617442768867544e-05,9.149794445708781e-05,0.00010314313738798989,8.51762682945981e-05,8.88361860728816e-05,8.65071474867012e-05,8.683986728472696e-05,9.149794445708782e-05,9.083250486103625e-05,8.351266930446925e-05,0.00010114681859983527,8.983434546695893e-05,8.484354849657233e-05,8.51762682945981e-05,9.349426324524245e-05,9.249610385116511e-05,8.484354849657234e-05,7.685827334395376e-05,8.650714748670121e-05,9.18306642551136e-05,9.016706526498472e-05,8.51762682945981e-05,9.249610385116512e-05,8.783802667880429e-05,8.683986728472695e-05,7.91873119301342e-05,9.28288236491909e-05,0.00010081409880180947,8.850346627485586e-05,9.64887414274744e-05,9.349426324524244e-05,9.083250486103628e-05,8.550898809262387e-05,0.00010214497799391257,8.65071474867012e-05,9.582330183142286e-05,9.01670652649847e-05,8.550898809262388e-05,8.550898809262387e-05,8.41781089005208e-05,8.883618607288162e-05,9.28288236491909e-05,9.216338405313937e-05,9.981593940773216e-05,8.184907031434038e-05,9.51578622353713e-05,9.44924226393198e-05,8.351266930446924e-05,9.449242263931976e-05,9.51578622353713e-05,8.683986728472697e-05,8.950162566893318e-05,8.550898809262387e-05,8.850346627485583e-05,8.683986728472697e-05,8.384538910249498e-05,8.817074647683007e-05,0.0001018122581958868,8.351266930446924e-05,9.116522465906201e-05,9.981593940773212e-05,8.817074647683007e-05,0.00010048137900378368,9.183066425511357e-05,8.351266930446927e-05,8.783802667880428e-05,8.018547132421152e-05,7.985275152618575e-05,9.249610385116511e-05,9.016706526498473e-05,8.91689058709074e-05,9.748690082155172e-05,8.184907031434036e-05,9.083250486103625e-05,8.78380266788043e-05,8.384538910249501e-05,8.484354849657234e-05,9.748690082155172e-05,9.216338405313938e-05,8.983434546695895e-05,8.683986728472697e-05,8.584170789064967e-05,9.216338405313937e-05,9.249610385116512e-05,8.916890587090742e-05,8.817074647683007e-05,9.382698304326823e-05,7.852187233408264e-05,9.648874142747442e-05,9.216338405313935e-05,8.883618607288162e-05,8.550898809262388e-05,8.55089880926239e-05,8.584170789064967e-05,8.484354849657233e-05,8.550898809262387e-05,8.717258708275274e-05,8.617442768867544e-05,9.28288236491909e-05,8.317994950644347e-05,8.65071474867012e-05,8.41781089005208e-05,8.983434546695893e-05,9.482514243734554e-05,8.717258708275276e-05,8.983434546695895e-05,8.184907031434039e-05,8.018547132421152e-05,9.249610385116515e-05,9.083250486103625e-05,8.01854713242115e-05,9.482514243734554e-05,9.14979444570878e-05,8.417810890052078e-05,9.482514243734553e-05,8.850346627485586e-05
