HitRate: 299496/3000000 0.099832
CumReqs: 3000000
CumProbs: 0.09999999999971225
