HitRate: 2964811/3000000 0.988270
CumReqs: 3000000
CumProbs: 0.9915909494787416
