HitRate: 100085/30000000 0.003336
CumReqs: 3748575,3746123,3751413,3750892,3750542,3751145,3750265,3751045
CumProbs: 0.0012499999999999942,0.0012499999999999942,0.0012499999999999942,0.0012499999999999942,0.0012499999999999942,0.0012499999999999942,0.0012499999999999942,0.0012499999999999942
