HitRate: 2484264/3000000 0.828088
CumReqs: 372062,376933,376328,377927,373632,373265,374522,375331
CumProbs: 0.07104167673554954,0.07232535023702294,0.07175877535975692,0.0723873648561689,0.07105681645477749,0.0715846685886341,0.071524692008615,0.07191104599737744
