HitRate: 651729/3000000 0.217243
CumReqs: 187620,186955,187476,187882,187340,188285,186963,187796,187781,187388,187523,187736,187541,187506,186877,187331
CumProbs: 0.04027095351655891,0.04089298061154765,0.04092536834423086,0.04035994535032531,0.041555137142856365,0.04032600302730551,0.04057415244830691,0.040330270989720834,0.041103783408412135,0.04066910484703295,0.04006679613768337,0.04059902155368846,0.04077027647510719,0.04064106319688266,0.04070030688993374,0.040296288738641044
