HitRate: 2967711/3000000 0.989237
CumReqs: 90533,93575,96947,84935,95701,93502,93297,94944,98099,94492,88560,94765,92539,95681,89938,96651,90279,89872,91932,92789,94299,92993,88616,95168,100173,96500,92758,95028,100617,95135,95465,94217
CumProbs: 0.029800276272692217,0.030500173209885205,0.030845679097269808,0.030195386752578494,0.03123586465855567,0.03104511291441112,0.031152394904130944,0.03032379004268841,0.03217672720067549,0.03136208473732729,0.030956565924315633,0.030992868159360705,0.03113320295329601,0.031166001895728546,0.03123566156912885,0.031086187750986174,0.029963763261285352,0.03105420116626178,0.03062349926432389,0.03148657855597045,0.030564197151691747,0.030557038249395617,0.030347043782059147,0.030511241583647125,0.03155202412376436,0.030852685682495034,0.030679145767273847,0.030485956950007817,0.030939100233609,0.03126439872302448,0.03160787371614098,0.031010181532997554
