HitRate: 1861557/3000000 0.620519
CumReqs: 185576,188522,189527,188027,188725,187233,187712,185713,185266,188247,186622,187801,186833,187100,188223,188873
CumProbs: 0.008944894690102229,0.009154530611667525,0.009120448698038812,0.009073184157440508,0.009195364602524575,0.009056464728113188,0.009014023099820849,0.009065789025238014,0.008910169721499377,0.009233626373485102,0.009199222932369322,0.009092154279177247,0.008931069008158477,0.00909890635640557,0.009232018736049775,0.009152601446745148
