HitRate: 505622/3000000 0.168541
CumReqs: 46763,46991,47190,47129,47518,47010,46886,46687,47107,46501,46841,46648,46691,46862,46715,47022,47254,46919,47551,47078,47161,47078,46884,46904,46863,46609,46529,47039,46942,47033,47080,46649,46983,46821,47083,47008,46562,47082,46997,47000,47218,46962,46750,46195,46127,46789,46763,47130,46767,46829,46570,46697,46645,46083,46931,46904,46899,46649,46898,46885,46996,46922,46988,46733
CumProbs: 0.007943015577300245,0.007968245200064273,0.007912142486286373,0.008045593911959243,0.007957622201005732,0.007957622201005736,0.007865002927964118,0.007921437610462597,0.007974884574475859,0.007955630388682257,0.007918781860697954,0.007783670591422195,0.0077315515022912526,0.00821788567793988,0.00794666723322662,0.008094393313884396,0.007885584988640034,0.008053893129973724,0.007932724546962288,0.00784973236681747,0.00816510265136778,0.007988827260740185,0.008008413415254361,0.007691383287101158,0.007984843636093232,0.007947995108108936,0.007931064703359395,0.008021028226636374,0.008046589818120977,0.007974552605755273,0.00797289276215238,0.007844088898567619,0.007912474455006951,0.007978204261681648,0.007699018567674478,0.007993142854107722,0.007934716359285764,0.007965589450299638,0.007879941520390184,0.007965589450299636,0.007990487104343085,0.007994138760269455,0.007792965715598415,0.007736199064379356,0.00793770407777098,0.007808568245465637,0.008041278318591707,0.007912142486286374,0.007984179698652073,0.007878281676787287,0.007826494556376918,0.007910150673962899,0.007976544418078749,0.007870978364934543,0.007955298419961678,0.00785437992890558,0.007837449524156041,0.007833465899509087,0.007866662771567015,0.007805248558259853,0.008016048695827683,0.007945007389623723,0.00802401594512159,0.007907162955477684
