HitRate: 2906610/3000000 0.968870
CumReqs: 3000000
CumProbs: 0.9276063540924596
