HitRate: 363307/3000000 0.121102
CumReqs: 46671,46554,47299,47028,46802,46887,46758,46702,46748,46458,46777,46792,46734,47033,46758,46733,46710,46913,47016,47333,46869,47110,46808,46958,46836,46888,47203,47110,46973,46742,46762,47117,46745,46804,47162,46701,46594,46839,46751,47277,47106,46869,46926,46731,47006,46851,46916,46691,47045,46851,46652,46602,47183,46626,46651,46619,47248,46571,47066,47123,47147,46705,46903,46957
CumProbs: 0.0014409722222222222,0.0012673611111111112,0.0010069444444444446,0.0014756944444444446,0.001197916666666667,0.0014236111111111112,0.001458333333333333,0.0011805555555555558,0.0012152777777777778,0.0010416666666666667,0.0013020833333333333,0.0010937500000000005,0.0013194444444444447,0.0011631944444444448,0.0013368055555555555,0.0013020833333333335,0.0012673611111111115,0.0015104166666666664,0.0012326388888888888,0.0012326388888888888,0.0013020833333333335,0.0012152777777777778,0.0012847222222222227,0.001423611111111111,0.0012152777777777776,0.0011805555555555554,0.0012499999999999998,0.001354166666666667,0.0014236111111111107,0.0013368055555555555,0.001336805555555556,0.0013888888888888887,0.0010069444444444449,0.0010763888888888889,0.0011631944444444446,0.001197916666666667,0.0014409722222222215,0.0013715277777777777,0.001215277777777778,0.0013368055555555555,0.0014930555555555554,0.0011979166666666672,0.00109375,0.001336805555555556,0.0011631944444444446,0.001371527777777778,0.0014062500000000002,0.0012847222222222223,0.0012500000000000002,0.00109375,0.0011805555555555558,0.0010243055555555556,0.0012673611111111112,0.0011631944444444448,0.001284722222222222,0.0009548611111111113,0.0011979166666666668,0.0011805555555555556,0.0012847222222222223,0.0011631944444444448,0.0012152777777777778,0.001267361111111111,0.001232638888888889,0.0012152777777777778
