HitRate: 2727637/3000000 0.909212
CumReqs: 3000000
CumProbs: 0.9109781392215994
