HitRate: 1880951/3000000 0.626984
CumReqs: 3000000
CumProbs: 0.4385236212183883
