HitRate: 36544/3000000 0.012181
CumReqs: 47055,46906,46777,47071,46787,46800,46858,46941,46953,46528,47053,46994,46918,46950,47262,46559,46874,47128,46504,46980,46848,46770,46683,47128,47231,46778,47103,46661,46991,46822,46794,46873,46712,46748,46770,46840,46560,47123,46545,46949,46512,46484,46958,46996,46879,46637,46793,47177,46760,47522,47090,46502,47078,46809,46663,46837,46977,46902,47301,47060,46981,46734,46759,46762
CumProbs: 0.00011979166666666669,0.00013020833333333336,0.00011631944444444447,0.00014062500000000002,0.00012326388888888887,0.00011979166666666666,0.0001215277777777778,0.00010590277777777779,0.00012152777777777775,0.00011284722222222222,0.00014930555555555555,0.00011979166666666666,0.00011805555555555556,0.00013715277777777776,0.00014930555555555552,0.000125,0.00011805555555555557,0.00012152777777777777,0.00013368055555555556,0.00011111111111111112,0.00014409722222222224,0.0001284722222222222,0.0001145833333333334,0.00015277777777777777,0.00011805555555555557,0.00014062499999999996,0.00012152777777777777,0.00011979166666666666,0.00013194444444444443,0.00010590277777777781,0.00011805555555555556,0.00012499999999999998,0.00012847222222222223,0.00014583333333333335,0.00011805555555555555,0.0001423611111111111,0.00011631944444444446,0.00012673611111111113,0.00010763888888888893,0.00012152777777777779,0.00012152777777777777,0.00012326388888888887,0.00013541666666666663,0.000140625,0.0001267361111111111,0.0001215277777777778,0.00011111111111111112,0.00012500000000000003,0.00012847222222222223,0.00013368055555555553,0.00013888888888888886,9.895833333333332e-05,0.00011631944444444443,0.0001354166666666666,0.00011458333333333332,0.0001284722222222222,0.00011111111111111112,0.0001232638888888889,0.00011458333333333333,0.0001388888888888889,0.00012847222222222223,0.00012500000000000003,0.00010069444444444446,0.00012499999999999998
