HitRate: 350600/30000000 0.011687
CumReqs: 1874341,1875131,1875010,1874101,1876832,1873761,1876980,1874777,1876210,1871918,1874956,1875308,1874008,1876237,1874734,1875696
CumProbs: 0.0005281249999999979,0.0005166666666666645,0.0005229166666666645,0.0005364583333333312,0.0005187499999999978,0.0005104166666666644,0.0005249999999999978,0.0005249999999999979,0.0005416666666666645,0.0005291666666666644,0.000509374999999998,0.0005343749999999976,0.0005333333333333312,0.0004989583333333313,0.0005166666666666646,0.0005166666666666645
