HitRate: 2303833/3000000 0.767944
CumReqs: 3000000
CumProbs: 0.5724843741200758
