HitRate: 2567167/3000000 0.855722
CumReqs: 178085,199005,209243,105696,117622,147665,130689,102151,68834,85498,85287,87320,80030,93974,101267,95201,76903,62935,63285,66562,74923,68061,78434,75263,88633,74639,71204,55280,57543,67838,67573,63357
CumProbs: 0.16480989005195737,0.18567043703907593,0.19600508443798778,0.09244568496400464,0.10447289959406487,0.13402707404652128,0.11793113749655736,0.08965510171804751,0.05606705834802629,0.07233550261543956,0.07275549593772158,0.07415518079628819,0.06658036399421269,0.08076231423935493,0.08840712992847756,0.08198773408623626,0.06363777479688602,0.05010309459514885,0.05023430589806541,0.05357726529871088,0.06190713285730203,0.05538786412600987,0.06572251152492127,0.0619668808613086,0.07540373835060367,0.06185529267735513,0.05869187017110201,0.041925525870300115,0.04411950772330832,0.05425558087360966,0.05444859035714092,0.050182465718118505
