HitRate: 2939386/3000000 0.979795
CumReqs: 375947,375919,374832,374703,374615,374222,374916,374846
CumProbs: 0.12247394837219155,0.12256654093267416,0.12229188434877093,0.12263589865588206,0.1222790531699774,0.12266468211101332,0.1224788034128161,0.12197665349679103
