HitRate: 1737888/3000000 0.579296
CumReqs: 3000000
CumProbs: 0.07986635383072116
