HitRate: 26997901/30000000 0.899930
CumReqs: 30000000
CumProbs: 0.8999999996875413
