HitRate: 299244/30000000 0.009975
CumReqs: 30000000
CumProbs: 0.009999999999998975
