HitRate: 1016618/3000000 0.338873
CumReqs: 93239,93609,93970,93897,93688,93214,93996,93261,94310,94194,93658,93514,93943,93939,93585,93222,93648,94052,93946,93636,94033,93622,93517,93619,93730,94008,94067,93135,94121,93807,93778,94042
CumProbs: 0.024895833333333364,0.02427083333333337,0.024739583333333356,0.023958333333333342,0.024583333333333346,0.023697916666666687,0.025000000000000015,0.023906250000000014,0.02473958333333336,0.02364583333333338,0.024687500000000005,0.02505208333333337,0.025520833333333347,0.024947916666666698,0.02468750000000004,0.024427083333333377,0.02447916666666669,0.02427083333333336,0.025000000000000036,0.024322916666666694,0.024010416666666676,0.023854166666666683,0.024479166666666722,0.02484375000000002,0.024010416666666673,0.024739583333333363,0.023750000000000028,0.024583333333333367,0.02526041666666668,0.023854166666666718,0.02354166666666668,0.02291666666666669
