HitRate: 1500016/3000000 0.500005
CumReqs: 3000000
CumProbs: 0.4999999999999765
