HitRate: 2699675/3000000 0.899892
CumReqs: 3000000
CumProbs: 0.9000000000198746
