HitRate: 650978/3000000 0.216993
CumReqs: 23341,23397,23347,23156,23479,23671,23284,23533,23286,23485,23650,23145,23175,23383,23608,23382,23476,23360,23538,23454,23569,23422,23470,23176,23378,23188,23436,23495,23374,23726,23595,23387,23761,23574,23607,23303,23177,23533,23403,23476,23263,23477,23470,23479,23614,23489,23469,23439,23154,23474,23687,23606,23546,23423,23516,23239,23286,23308,23353,23316,23498,23459,23461,23443,23456,23374,23627,23329,23218,23392,23725,23480,23491,23650,23390,23501,23542,23207,23287,23247,23192,23414,23551,23479,23407,23562,23336,23610,23516,23435,23655,23562,23201,23423,23176,23461,23623,23429,23244,23119,23529,23148,23627,23419,23350,23421,23457,23247,23202,23519,23230,23532,23743,23512,23370,23482,23452,23689,23648,23459,23369,23586,23594,23538,23433,23370,23559,23535
CumProbs: 0.005218566088019157,0.0050747242442610785,0.005007939368604098,0.005228033935570307,0.005079854865559743,0.005292968912350369,0.005087133756521932,0.005210524995320292,0.005225103120707391,0.0047976951062882285,0.005133439546371378,0.005388653711151236,0.00496681166813301,0.005155350811954594,0.00514503260766163,0.005091403171232006,0.005091089881906077,0.00509473949911853,0.005199555800220204,0.004961773270532018,0.005047040860188009,0.005263413929706805,0.005085563241199739,0.004944351129056282,0.004908931804225186,0.005076344940124653,0.005116915229717141,0.004950570803726041,0.005341736261189262,0.005220535335210714,0.005224587752985081,0.004971292654855399,0.005104494867609497,0.005084483681444587,0.0047677020610807025,0.004865771113712673,0.005302164157501037,0.005021168044297258,0.00511759334514123,0.004970097815478151,0.0049912048361683906,0.005083884227409693,0.005103211873227121,0.005246661766270073,0.00502916573760898,0.0050350612731060234,0.005253650423830752,0.004998173150266349,0.004832675012324508,0.005321642344942614,0.004910643367555592,0.005131696789731465,0.005110686061431446,0.005108974498101041,0.004927577265925976,0.005065317427098091,0.005168286541784539,0.005213303912328214,0.004885040441603629,0.0051600569329977785,0.004955754318027789,0.004833418226829312,0.005130942725379877,0.005131603209802943,0.005155147377327365,0.005000558760328297,0.00498909182850693,0.005289083310970331,0.005123673328033629,0.0050345933734634,0.005080880176080972,0.0051851607659976085,0.005054346875767156,0.004879469045279302,0.004990183594339714,0.005397587203748207,0.004920805605301011,0.00515300046389469,0.005343965904703672,0.005006325453894763,0.0051418644524002825,0.0050543631505373336,0.005101397236352252,0.0051334775208351285,0.005218665092871074,0.00519097085895122,0.0052602389932912145,0.005196211334948591,0.005042652097163289,0.005079999982260503,0.005266168434559462,0.005065581892113488,0.004967611844333433,0.005292850920266574,0.00508698592735948,0.005117326167664138,0.005120155265213444,0.004916076428333405,0.005375913278563429,0.004994435378048759,0.004966254257254407,0.00494094698962735,0.005238055125307517,0.005104558610459364,0.005162362525439688,0.005013116101751606,0.005054630328014427,0.0051183175724141584,0.0050775980974283735,0.005200099648790327,0.005191931070391731,0.0049632040940768484,0.00498799735021244,0.005117214956734589,0.004974006472782608,0.004955599707711094,0.004912588202591881,0.005276393058923902,0.005087098494519881,0.005050664709014346,0.005274395330884531,0.004923863905863658,0.005015450175041324,0.0050085401788698405,0.005097454673276593,0.005171225494032552,0.005201523691180917,0.005047571146449644
