HitRate: 2960827/3000000 0.986942
CumReqs: 3000000
CumProbs: 0.9374846821143752
