HitRate: 2707028/3000000 0.902343
CumReqs: 47459,46637,47810,47129,47359,46183,47368,46546,46899,46538,46667,46661,47027,47045,46875,47647,47235,46862,46653,47652,47121,46757,46860,46961,46426,46808,46666,47658,46700,47038,46563,47126,47016,46786,46646,46828,47254,46838,47066,47376,46782,46706,46228,46205,46665,46678,47362,46595,46895,46588,47065,45894,46491,46684,47055,46763,46802,46701,47341,46947,46815,47039,46593,46360
CumProbs: 0.014349992086401423,0.014080962503305518,0.014398817187353044,0.014167471407005054,0.014239889845329286,0.013931210348037777,0.014261189386012892,0.014019685363185017,0.014129459919015876,0.014094069912956963,0.0140671997231715,0.014007888694498725,0.01409275917199182,0.014231042343814572,0.01414092890246089,0.014349009030677562,0.0142254716947127,0.014090137690061538,0.014047210923453063,0.014362444125570294,0.014221539471817268,0.014160262331696764,0.01408522241144225,0.014091120745785396,0.013966928039337965,0.014163539184109623,0.014064250555999937,0.01438505440721904,0.014051143146348487,0.014168126777487623,0.013983639986643556,0.014224816324230125,0.014179268075691354,0.014117335565088278,0.01400526721256843,0.014152397885905896,0.014263810867943172,0.01408882694909639,0.014207776691683247,0.014217934934163116,0.014138962791013166,0.014072442687032078,0.013951854518238797,0.0139210521055579,0.014013787028841871,0.013995436655329837,0.01426446623842575,0.014067855093654082,0.014149448718734326,0.013991832117675705,0.014142567328667305,0.013778509025598441,0.014028532864699744,0.013997075081536282,0.014165177610316052,0.014093414542474402,0.014077030280410095,0.014048849349659482,0.014278229018559777,0.014158623905490324,0.014112420286468997,0.014134702882876441,0.014002645730638138,0.01389221580432473
