HitRate: 348208/3000000 0.116069
CumReqs: 3000000
CumProbs: 0.08430729166671917
