HitRate: 2040231/3000000 0.680077
CumReqs: 77572,88935,82625,97568,99680,105694,86956,82727,80222,85784,91369,98481,103067,88832,94427,86251,88816,79755,89027,107392,128030,141791,118534,99106,81348,80212,75082,77715,100038,105499,96594,80871
CumProbs: 0.036566559510344605,0.03373739984333935,0.030617025667911312,0.04387907524235908,0.050944165818952045,0.05525420178746469,0.04481243152172181,0.038145732191667676,0.037848393298209417,0.0422092616625148,0.0517106326061053,0.05236012363908683,0.054074032791184445,0.04479068995484663,0.044751493890621274,0.041485359351355604,0.04498268942569979,0.03972092402271817,0.04848859363909338,0.050087670571780825,0.05188180916783899,0.04916074489670503,0.04377955398553757,0.04137052713194592,0.03553582550892242,0.03507129090400351,0.036055479579158105,0.04272738463649186,0.051277026145613906,0.05409301838479363,0.04581223737871556,0.04061385936084844
