HitRate: 121929/3000000 0.040643
CumReqs: 93626,93615,93461,93713,93984,94201,93790,93363,93958,93653,93943,94139,93845,93966,93627,93547,93400,94218,93346,93602,93746,93840,94064,93549,93582,94565,94134,93353,93194,93437,93774,93765
CumProbs: 0.0023680555555555542,0.0024236111111111103,0.00237847222222222,0.0024826388888888893,0.002434027777777776,0.002468749999999998,0.0025694444444444445,0.0024965277777777785,0.002420138888888886,0.0025104166666666664,0.0026562499999999998,0.002552083333333333,0.002552083333333332,0.00244097222222222,0.002520833333333332,0.0025798611111111096,0.002468749999999999,0.0024374999999999987,0.0024722222222222203,0.0025277777777777764,0.0024861111111111086,0.002534722222222222,0.002416666666666669,0.002364583333333331,0.002447916666666664,0.002510416666666666,0.002468749999999998,0.0025347222222222208,0.0024201388888888875,0.0025902777777777773,0.002489583333333332,0.0024826388888888875
