HitRate: 1015444/3000000 0.338481
CumReqs: 94201,93680,94165,93836,93863,93736,93907,93814,93505,93315,93517,93760,94172,93570,93653,93556,93316,93611,93307,93748,93665,93834,93980,94360,93962,93328,93443,93978,93524,94073,93613,94008
CumProbs: 0.02448437499999899,0.025052083333332274,0.024249999999999022,0.024260416666665674,0.024531249999999012,0.024343749999999036,0.02445833333333232,0.02447916666666568,0.024421874999998983,0.024401041666665672,0.024666666666665622,0.024583333333332333,0.024640624999998972,0.02463541666666566,0.02447395833333233,0.024411458333332324,0.024802083333332316,0.02455729166666569,0.024671874999999,0.024546874999998983,0.024442708333332303,0.024781249999998978,0.02464062499999897,0.024515624999999,0.02452604166666564,0.024572916666665664,0.024098958333332365,0.024583333333332312,0.024437499999999033,0.02451562499999899,0.02442187499999901,0.02474479166666562
