HitRate: 2493236/3000000 0.831079
CumReqs: 186809,189367,188766,188889,188055,186997,187301,185536,186523,187947,186840,187600,187575,186128,187935,187732
CumProbs: 0.038863658795135,0.03969323965940162,0.0397596368917392,0.03974425529351436,0.039454055807003244,0.0394789227241339,0.038971073622739466,0.03909515184842105,0.03916565084028533,0.03942534349031659,0.03943893056874889,0.03926922026833325,0.03902157653691153,0.03926383670895473,0.03949456068232904,0.03925717134972363
