HitRate: 331907/3000000 0.110636
CumReqs: 375110,374849,375481,374361,373780,375538,375651,375230
CumProbs: 0.01,0.010555555555555556,0.010833333333333334,0.010833333333333334,0.01138888888888889,0.010833333333333334,0.01138888888888889,0.011111111111111112
