HitRate: 1882887/3000000 0.627629
CumReqs: 374513,375438,373408,374496,375158,375978,375320,375689
CumProbs: 0.07785109125994298,0.07831483537365168,0.07733389202275467,0.07839387063285878,0.07878967879435321,0.07772474247064674,0.07954724381831701,0.07897000347536409
