HitRate: 2851910/3000000 0.950637
CumReqs: 3000000
CumProbs: 0.8492048611103986
