HitRate: 1743932/3000000 0.581311
CumReqs: 3000000
CumProbs: 0.41849479166467785
