HitRate: 115975/3000000 0.038658
CumReqs: 187314,187890,188100,186997,187772,187485,186571,187577,187514,187057,187102,187205,187582,187803,188078,187953
CumProbs: 0.00489583333333333,0.00552083333333333,0.005312499999999997,0.004687499999999998,0.005416666666666664,0.005104166666666663,0.004895833333333331,0.005729166666666664,0.0049999999999999975,0.005208333333333331,0.005104166666666665,0.005416666666666663,0.0057291666666666645,0.005520833333333331,0.004687499999999997,0.004999999999999998
