HitRate: 331870/3000000 0.110623
CumReqs: 3000000
CumProbs: 0.08978819444439202
