HitRate: 27709758/30000000 0.923659
CumReqs: 234505,234038,234352,234071,234308,234428,234354,234815,234392,234837,234589,234416,234140,235368,233560,233946,234844,234061,234061,234570,234519,233836,234837,233649,234407,234134,233450,233728,234014,234267,235079,234893,234879,233734,234145,235267,234734,234561,234187,234376,234143,234684,234481,235232,235890,233871,234163,234116,233939,235093,234820,233016,235797,233674,234184,234380,234367,234204,233958,235120,234625,234643,234908,234273,234883,234033,234011,234596,233342,235046,234335,233996,234252,235346,233524,234690,234319,235267,233711,234783,234243,233423,233896,235373,234820,234185,234932,233775,234050,234767,235152,234386,235051,233657,233878,233527,234446,234146,234429,234944,234170,233274,234649,234348,233609,234647,234627,234219,234188,234927,234090,233689,233898,234854,234302,234227,233939,234203,235111,234581,234580,233818,234697,234470,234272,233838,234579,235048
CumProbs: 0.006845138888888886,0.006844618055555548,0.006848611111111045,0.006844270833333314,0.006846701388888924,0.006854166666666647,0.006845833333333321,0.006843923611111044,0.006848263888888862,0.00684982638888886,0.006847395833333336,0.00684531250000002,0.006847222222222191,0.006844618055555564,0.006847048611111112,0.0068477430555554525,0.006847048611111095,0.006846527777777735,0.006852430555555642,0.006850520833333306,0.006849305555555475,0.0068421874999999915,0.006847395833333256,0.00684861111111103,0.006844097222222218,0.006851388888888847,0.006855555555555542,0.006848784722222219,0.006850868055555529,0.0068494791666666496,0.006843402777777817,0.006839062499999962,0.006847743055555545,0.006843750000000018,0.006839583333333322,0.006845659722222192,0.006845486111111084,0.006847569444444422,0.006847048611111148,0.006847916666666635,0.006847048611111158,0.006848090277777766,0.006850347222222202,0.0068442708333333315,0.00685034722222225,0.006848263888888874,0.006849999999999958,0.006845833333333342,0.00684809027777784,0.0068432291666666294,0.006843402777777799,0.0068435763888888895,0.006843055555555535,0.006851736111111119,0.006847569444444454,0.006840451388888834,0.006841493055555523,0.006843576388888916,0.006846180555555538,0.006845659722222252,0.006849131944444445,0.006844965277777779,0.0068446180555555075,0.0068465277777777596,0.006849131944444474,0.006840798611111129,0.006841840277777823,0.006847048611111107,0.006842013888888921,0.006844618055555578,0.006847743055555614,0.006847222222222239,0.0068475694444444166,0.0068486111111110875,0.006840624999999969,0.006847048611111068,0.006844097222222262,0.006851215277777744,0.006851041666666648,0.0068467013888888805,0.006844097222222182,0.006849826388888873,0.0068479166666665856,0.00684930555555555,0.006850173611111102,0.006842187499999985,0.006848263888888916,0.0068428819444444275,0.006849479166666628,0.006846701388888869,0.0068505208333332675,0.006845312499999978,0.006850347222222229,0.006848784722222204,0.006851562499999973,0.006842187499999993,0.0068468749999999415,0.0068473958333333295,0.006850868055555543,0.006846527777777805,0.0068468750000000595,0.006852083333333301,0.006846006944444442,0.00684861111111112,0.006849305555555534,0.0068420138888888905,0.006847395833333216,0.0068498263888888905,0.006846006944444411,0.00684114583333334,0.006845138888888886,0.006842361111111078,0.006851388888888792,0.006848090277777783,0.006845486111111086,0.006852951388888856,0.006845833333333289,0.006849826388888871,0.006848437499999981,0.006842881944444428,0.006849826388888949,0.006848784722222239,0.006843229166666644,0.006845138888888903,0.006850173611111074,0.006841840277777782,0.006842534722222175,0.006843923611111111
