HitRate: 10097/3000000 0.003366
CumReqs: 46747,46952,46751,47122,46495,46923,47022,46697,46989,46424,46519,46536,46794,46860,46727,46734,46821,46793,46653,46998,46685,46675,47356,46896,46661,47259,46953,46606,46986,46675,46948,46910,47320,47328,46625,46957,46697,46717,46663,47102,46842,46833,46707,46900,46926,47229,46903,46805,46710,47011,47044,47304,47264,46876,46571,46701,47319,46705,46791,46573,47220,46807,47260,47123
CumProbs: 0.00015624999999999995,0.00015624999999999995,0.00015624999999999995,0.00015624999999999995,0.00015624999999999995,0.00015624999999999995,0.00015624999999999995,0.00015624999999999995,0.00015624999999999995,0.00015624999999999995,0.00015624999999999995,0.00015624999999999995,0.00015624999999999995,0.00015624999999999995,0.00015624999999999995,0.00015624999999999995,0.00015624999999999995,0.00015624999999999995,0.00015624999999999995,0.00015624999999999995,0.00015624999999999995,0.00015624999999999995,0.00015624999999999995,0.00015624999999999995,0.00015624999999999995,0.00015624999999999995,0.00015624999999999995,0.00015624999999999995,0.00015624999999999995,0.00015624999999999995,0.00015624999999999995,0.00015624999999999995,0.00015624999999999995,0.00015624999999999995,0.00015624999999999995,0.00015624999999999995,0.00015624999999999995,0.00015624999999999995,0.00015624999999999995,0.00015624999999999995,0.00015624999999999995,0.00015624999999999995,0.00015624999999999995,0.00015624999999999995,0.00015624999999999995,0.00015624999999999995,0.00015624999999999995,0.00015624999999999995,0.00015624999999999995,0.00015624999999999995,0.00015624999999999995,0.00015624999999999995,0.00015624999999999995,0.00015624999999999995,0.00015624999999999995,0.00015624999999999995,0.00015624999999999995,0.00015624999999999995,0.00015624999999999995,0.00015624999999999995,0.00015624999999999995,0.00015624999999999995,0.00015624999999999995,0.00015624999999999995
