HitRate: 101033/3000000 0.033678
CumReqs: 187956,186657,186897,187079,188440,187256,188191,187337,188183,187263,186954,188049,187706,188002,186697,187333
CumProbs: 0.006353314253951285,0.006125041488991587,0.00611071195776054,0.00620635324760497,0.006397969072206173,0.0063253216813138925,0.006251674555684558,0.0062580062090192064,0.006317323803417493,0.006233012840592962,0.00642329568554477,0.0061683633275970776,0.006371642724130532,0.006104380304425892,0.0061317063872385865,0.006277001169023152
