HitRate: 2743256/3000000 0.914419
CumReqs: 3000000
CumProbs: 0.6213353765907783
