HitRate: 1967035/3000000 0.655678
CumReqs: 3000000
CumProbs: 0.6516960289139887
