HitRate: 5985688/30000000 0.199523
CumReqs: 3748628,3751261,3748352,3748990,3752838,3751221,3749896,3748814
CumProbs: 0.05065277777777815,0.05018750000000055,0.050020833333333674,0.05040555555555587,0.04995277777777827,0.049891666666666876,0.050466666666667055,0.049961111111111504
