HitRate: 10170158/30000000 0.339005
CumReqs: 1874126,1876240,1874633,1873980,1874598,1873713,1877266,1876311,1874910,1873931,1875632,1873793,1874384,1873654,1876341,1876488
CumProbs: 0.0489624999999951,0.04878645833332846,0.04881458333332846,0.04874062499999514,0.04901666666666177,0.04873124999999513,0.04885104166666179,0.04903645833332844,0.04876770833332846,0.048872916666661784,0.04875624999999514,0.048895833333328455,0.04887916666666178,0.04898333333332844,0.04879270833332846,0.048987499999995104
