HitRate: 2050051/3000000 0.683350
CumReqs: 3000000
CumProbs: 0.6709184897012973
