HitRate: 110911/3000000 0.036970
CumReqs: 23184,23509,23484,23256,23498,23364,23523,23449,23577,23517,23381,23362,23411,23317,23134,23206,23545,23486,23486,23809,23431,23482,23481,23582,23290,23336,23440,23490,23485,23447,23406,23537,23396,23237,23408,23294,23414,23487,23392,23386,23597,23732,23480,23509,23301,23472,23408,23513,23601,23598,23601,23370,23447,23557,23168,23300,23336,23612,23522,23406,23507,23328,23409,23484,23733,23284,23592,23525,23307,23508,23374,23428,23438,23489,23468,23210,23604,23668,23428,23275,23502,23546,23291,23583,23205,23232,23458,23312,23871,23277,23423,23422,23310,23466,23332,23250,23603,23356,23600,23329,23503,23478,23496,23493,23373,23476,23513,23475,23492,23303,23508,23364,23537,23509,23345,23394,23109,23269,23255,23575,23341,23411,23662,23475,23466,23492,23467,23343
CumProbs: 0.0006944444444444445,0.0006944444444444445,0.0006944444444444445,0.0007118055555555556,0.0006944444444444445,0.0006597222222222222,0.0006944444444444445,0.0006944444444444445,0.0006076388888888889,0.0007638888888888889,0.00078125,0.0007291666666666667,0.0006597222222222222,0.0007118055555555556,0.0006076388888888889,0.0006944444444444445,0.0007291666666666667,0.0006770833333333334,0.0007118055555555556,0.0007291666666666667,0.0007638888888888889,0.0007291666666666667,0.0006423611111111111,0.0006597222222222222,0.0007118055555555556,0.0006770833333333334,0.0007118055555555556,0.0007118055555555556,0.0007465277777777778,0.0006770833333333334,0.0007465277777777778,0.0006944444444444445,0.0006770833333333334,0.0006770833333333334,0.0007291666666666667,0.0007291666666666667,0.0006423611111111111,0.0006770833333333334,0.0006770833333333334,0.0006770833333333334,0.0007986111111111112,0.0007465277777777778,0.0006770833333333334,0.0006944444444444445,0.00078125,0.0006423611111111111,0.0007291666666666667,0.0008159722222222223,0.0006944444444444445,0.0006944444444444445,0.0006423611111111111,0.0007465277777777778,0.0007291666666666667,0.0006770833333333334,0.0006597222222222222,0.0006770833333333334,0.0007118055555555556,0.0006944444444444445,0.0007638888888888889,0.0006597222222222222,0.0006770833333333334,0.0007291666666666667,0.0007986111111111112,0.0006770833333333334,0.0006944444444444445,0.0006597222222222222,0.0006076388888888889,0.0006944444444444445,0.0007118055555555556,0.0006770833333333334,0.0006944444444444445,0.0006770833333333334,0.0006597222222222222,0.0007291666666666667,0.0006944444444444445,0.0007118055555555556,0.0007291666666666667,0.0006770833333333334,0.0007291666666666667,0.0006597222222222222,0.0007291666666666667,0.0006770833333333334,0.0007118055555555556,0.0006770833333333334,0.0007291666666666667,0.0007291666666666667,0.0007465277777777778,0.0006597222222222222,0.0006944444444444445,0.0007291666666666667,0.00078125,0.0007638888888888889,0.0006944444444444445,0.0007291666666666667,0.0007465277777777778,0.0007465277777777778,0.0006770833333333334,0.0007291666666666667,0.0006597222222222222,0.0007638888888888889,0.0006076388888888889,0.0007638888888888889,0.0007291666666666667,0.0006076388888888889,0.0006597222222222222,0.0006770833333333334,0.0007465277777777778,0.0007118055555555556,0.0007118055555555556,0.0006770833333333334,0.0006944444444444445,0.0006944444444444445,0.0006944444444444445,0.0007118055555555556,0.0006597222222222222,0.0007638888888888889,0.0007638888888888889,0.0006944444444444445,0.00078125,0.0007118055555555556,0.0006076388888888889,0.0007638888888888889,0.000625,0.0007118055555555556,0.0007291666666666667,0.0007465277777777778,0.0006944444444444445,0.0007465277777777778
