HitRate: 2809665/3000000 0.936555
CumReqs: 3000000
CumProbs: 0.8647916666666547
