HitRate: 133316/30000000 0.004444
CumReqs: 938010,937265,939111,937820,938149,936791,937289,937192,937280,937205,935683,937888,935856,936611,936986,937359,938659,936315,938565,937926,937395,936833,938901,937842,937748,939071,937708,937158,936660,937777,938092,936855
CumProbs: 0.000420233469755606,0.00041257595028259316,0.0004201425216891246,0.0004391840572363681,0.0004271706811497225,0.00040628101552719475,0.0004104560784349751,0.00041448497860507004,0.00042802279437228314,0.00041454565549878806,0.00041873847442747006,0.000417740261401054,0.000421399694409763,0.00041465837433056935,0.00042090594378259543,0.0004181527145392207,0.00041542495613638807,0.00039570209676342225,0.0004184064615761223,0.0004096883008863653,0.0004377440660766213,0.0004182870435465257,0.0004152434940298464,0.00041500926299098596,0.0004158089002490621,0.0004231456069225322,0.00042873308078110873,0.0004106811884085896,0.0004127954634855032,0.00039937123026264986,0.00041882636043754794,0.0004136478197628602
