HitRate: 1617895/3000000 0.539298
CumReqs: 3000000
CumProbs: 0.4635069444444986
