HitRate: 347039/3000000 0.115680
CumReqs: 3000000
CumProbs: 0.08294270833333237
