HitRate: 2700022/3000000 0.900007
CumReqs: 3000000
CumProbs: 0.9000000000000898
