HitRate: 17449699/30000000 0.581657
CumReqs: 30000000
CumProbs: 0.41839444444489343
