HitRate: 10598452/30000000 0.353282
CumReqs: 234516,234501,234327,234364,234433,235134,233734,234492,234162,234290,234699,234969,234868,235206,233604,234580,234659,234510,234321,234185,234309,234342,234489,232453,234074,234068,234571,234641,234256,234009,235260,234737,235057,234181,235010,234154,234618,234895,234173,233546,234480,234365,234455,233538,233841,234971,234129,234401,234103,234208,234669,234166,234695,233752,233780,234385,234157,234799,234176,235047,234128,234457,234429,234115,235439,234926,234053,234748,234338,234032,235110,235186,234385,234743,234203,234471,234795,234337,234044,234494,234020,235269,234219,234572,233048,234581,234306,234410,234255,233928,234859,234029,234204,234602,234484,233241,234229,234991,234151,233916,234318,234475,234694,234435,234042,234776,234539,233805,234216,233207,234753,233588,234158,234640,234281,234107,234255,233633,234437,234440,235025,234756,234415,234112,234752,234572,234264,235044
CumProbs: 0.005763715277777288,0.005793402777777299,0.005768229166666222,0.005774913194443989,0.005765017361110595,0.005790364583332839,0.005819097222221694,0.0058043402777772524,0.005789149305555045,0.0057953124999995135,0.005772656249999458,0.005790451388888401,0.005765277777777301,0.00576180555555509,0.005798784722221728,0.005781249999999536,0.005803559027777292,0.005791666666666177,0.0058039062499994805,0.005811024305555057,0.005767187499999475,0.005781684027777267,0.005784461805555079,0.005830902777777281,0.005786979166666208,0.005787326388888436,0.005813975694443916,0.005782812499999476,0.0057760416666661485,0.0057560763888883735,0.005789322916666138,0.005802256944443907,0.005781684027777239,0.005797829861110636,0.00580789930555508,0.005797569444443937,0.005773871527777273,0.00577821180555509,0.005800607638888388,0.005788975694444001,0.005792013888888441,0.005783940972221721,0.005794531249999456,0.005777343749999507,0.00578611111111062,0.005787586805555039,0.005780642361110592,0.005761805555555052,0.005793576388888414,0.005788628472221678,0.005764409722221774,0.005781076388888402,0.005806770833332832,0.00576206597222173,0.005749218749999545,0.005799565972221723,0.005779947916666157,0.005787760416666135,0.00577369791666617,0.005796614583332819,0.005790972222221725,0.005807552083332747,0.005788628472221756,0.005766493055555083,0.005798177083332837,0.005802777777777288,0.005763802083332833,0.005815798611110605,0.0057851562499995025,0.005788628472221696,0.0057859374999995,0.005795486111110663,0.0057786458333328366,0.00579687499999952,0.005794184027777232,0.005780121527777315,0.00579001736111062,0.0058048611111106005,0.005777343749999509,0.00579374999999952,0.005785503472221712,0.005801649305555077,0.005809288194443935,0.005818489583332882,0.005789062499999497,0.005792100694443957,0.00574730902777727,0.005777430555555087,0.005813975694443935,0.005799913194443934,0.005810243055555066,0.005771440972221763,0.00576927083333289,0.005795399305555072,0.005783506944443943,0.005774479166666189,0.005797569444443989,0.005793055555555082,0.005801909722221744,0.00578081597222174,0.005788628472221697,0.005782725694443904,0.005798958333332861,0.005781770833332815,0.005817708333332855,0.005778819444443963,0.005773958333332827,0.005796267361110654,0.005779687499999532,0.005818055555554984,0.005774565972221685,0.005771354166666167,0.005791840277777298,0.005781684027777294,0.005785069444443944,0.005813802083332826,0.0057676215277772626,0.0057842013888884675,0.005798437499999509,0.0058005208333328576,0.005772482638888416,0.005788281249999493,0.005754861111110648,0.005816145833332859,0.005792534722221737,0.005786805555555009,0.005795920138888356,0.005784114583332848
