HitRate: 599969/3000000 0.199990
CumReqs: 46832,46957,46585,47131,47172,46774,46591,46677,46775,47317,46875,46817,47026,46796,47091,47035,46796,46887,46908,46885,46504,47052,47064,46763,46868,47230,46775,47151,46739,46693,46945,46891,46500,46972,46917,46630,46619,46851,46942,47030,46595,46840,46529,46648,46921,46603,46901,46949,46908,47153,47090,46970,46898,46709,47040,46682,46872,46722,46989,47389,46951,46813,46938,46827
CumProbs: 0.00627430555555568,0.006135416666666799,0.00636631944444458,0.00631250000000012,0.0063177083333334615,0.006335069444444569,0.006357638888889014,0.0063020833333334615,0.00614756944444457,0.006307291666666799,0.0064010416666667935,0.00634722222222235,0.006338541666666789,0.006173611111111229,0.006288194444444569,0.006336805555555677,0.0062534722222223555,0.006305555555555683,0.006263888888889018,0.006375000000000123,0.0062621527777779,0.006305555555555677,0.006434027777777904,0.006329861111111224,0.006218750000000126,0.006243055555555671,0.006203125000000129,0.006251736111111244,0.006260416666666803,0.006225694444444564,0.0062500000000001235,0.006335069444444582,0.006317708333333462,0.006215277777777898,0.006105902777777905,0.006246527777777908,0.0063246527777779055,0.0061892361111112485,0.006149305555555679,0.006303819444444567,0.006331597222222343,0.006503472222222343,0.006151041666666789,0.006243055555555684,0.0063350694444445806,0.006276041666666795,0.006406250000000123,0.006211805555555677,0.0061701388888890235,0.006388888888889018,0.006303819444444566,0.006234375000000124,0.006243055555555681,0.00625173611111124,0.00620486111111124,0.006303819444444569,0.006310763888889021,0.00622222222222234,0.006336805555555671,0.0062326388888890106,0.00629166666666679,0.006246527777777907,0.00632638888888901,0.006154513888889009
