HitRate: 2809860/3000000 0.936620
CumReqs: 187318,187074,187356,186843,187749,188318,187339,187920,187601,187141,187570,187930,187547,187635,187369,187290
CumProbs: 0.054229166666664164,0.054031249999997484,0.05404166666666416,0.05394791666666418,0.053906249999997484,0.05412499999999756,0.05407291666666416,0.05395833333333081,0.05388541666666417,0.05391666666666415,0.05406249999999753,0.054062499999997495,0.054020833333330825,0.053927083333330884,0.053874999999997564,0.05392708333333084
