HitRate: 348813/3000000 0.116271
CumReqs: 3000000
CumProbs: 0.08413541666666069
