HitRate: 2529730/3000000 0.843243
CumReqs: 19184,17905,23014,23852,25431,24079,19816,21983,18809,18354,17688,18397,17410,16047,20663,27185,31207,32844,25834,25233,20123,19789,19136,23005,27600,31155,25639,24799,17763,24742,20619,24076,18013,19914,14956,18821,19859,24339,31893,36427,33936,21204,13857,28619,35696,40250,25925,20608,16368,17661,33920,34124,30563,11811,13230,20010,20509,20266,17210,19393,22996,25628,23927,17796,15628,18619,19188,14214,25533,28160,29959,17289,17970,26240,25095,22008,16469,19428,36045,34870,37835,37047,35619,36518,26689,28727,31827,42771,43974,37162,22903,21628,19602,28154,24408,28552,18956,21212,13579,13704,26817,27935,32429,19791,18830,14660,17566,21540,22894,17842,27457,29367,36605,24893,21921,16959,15960,17911,21314,22918,19856,14097,16700,18780,18770,15756,14533,15207
CumProbs: 0.013543915963773611,0.011596911301201544,0.014237412704370336,0.015598651324726426,0.017036840443925873,0.015418681382533524,0.016095217605017826,0.01545040383307711,0.015004405023454234,0.009015771711426222,0.010639270195187315,0.010188246046864432,0.01785440023367826,0.01683394239391433,0.012111694434280364,0.019631485631457394,0.01289564727147668,0.02673543005121132,0.019985457926136936,0.018147126212951854,0.012931138726045255,0.013182719744712811,0.01435205324346355,0.014864323707192399,0.01788863535357186,0.021444062483805062,0.01929698652424021,0.020029115556093012,0.013133094525050551,0.01750702369604243,0.012321188241335627,0.01232338682701688,0.008239670965948624,0.009704243113322979,0.01048002977513181,0.015163331359840972,0.016173738522204953,0.01823506964020145,0.02566032165308512,0.027934601498493156,0.017442008376611463,0.016876343689195366,0.01020991782000808,0.016949525184013787,0.028701279733908295,0.018891504507885855,0.017310721403074568,0.01188775277846268,0.01238212047307285,0.010630789936131107,0.020571223968352963,0.021655126709204036,0.024062578030161416,0.007913966201456415,0.007267267927503215,0.011998938397199664,0.011810802279619288,0.012776295477352225,0.011151854742584894,0.011081814084453974,0.016577336036546785,0.01630753816509182,0.016395481592341398,0.01027713172512027,0.00829432152431088,0.011068622570366544,0.011584033870782854,0.010779979678786642,0.021542370672123338,0.017097144508325564,0.02312943545030963,0.009152712191000575,0.014686238267011974,0.01254293131147208,0.01332531373032464,0.010251376864282897,0.01246566672895996,0.01556284578648908,0.014019752721927615,0.010725015036755653,0.015044921816722774,0.026003301019358552,0.01401535555056513,0.011880214770412706,0.01186168383395655,0.012577794598703167,0.012078087481724276,0.013807746245522383,0.013811515249547346,0.0260095826927335,0.012997096296482439,0.008985619679226366,0.010374183578763565,0.01519254114103458,0.010419725710732092,0.018468433806081576,0.013632801642029463,0.013765030866572558,0.008370643855816769,0.007142262627341305,0.010892735715867364,0.019124240506428462,0.02715598808366559,0.013518789270273737,0.015180920045290891,0.010517405731712894,0.00945548884767415,0.012790743326114665,0.013711008475547836,0.013372112196968176,0.012594126949478103,0.012240154654798515,0.02618766813291393,0.015181548212628388,0.015636027281307495,0.013050490520169693,0.011301044485240445,0.012840054462108189,0.016973081459169908,0.01639768017802263,0.01574689881637572,0.009914051004046983,0.012252718001548459,0.014647920059424651,0.014244950712420322,0.010842796412536364,0.010015185945384003,0.010360677981007371
