HitRate: 2959983/3000000 0.986661
CumReqs: 3000000
CumProbs: 0.9879809157674747
