HitRate: 2759699/3000000 0.919900
CumReqs: 375364,376732,381210,374229,379377,374287,362499,376302
CumProbs: 0.08971413693153343,0.08703776512759706,0.08807427755215186,0.08620123555418525,0.087751952250898,0.08570689885939708,0.08547267057884149,0.08813048188286617
