HitRate: 116241/3000000 0.038747
CumReqs: 46874,47075,46911,46644,46882,46804,46912,46569,46717,47219,46881,46757,46715,47145,46626,47070,46794,46813,46985,46826,46745,46896,46634,46823,47357,46788,46955,46906,47060,47079,46830,46829,46654,46726,46806,46889,46932,47192,46785,47124,46731,46817,46581,46593,46755,47033,47139,46865,46987,47112,47036,46515,46927,46767,46644,46909,46694,47013,46725,46875,47281,47073,46866,46833
CumProbs: 0.0014062499999999997,0.0013541666666666663,0.001197916666666666,0.0013541666666666663,0.0013020833333333328,0.0013020833333333328,0.0013802083333333325,0.0010937499999999992,0.001536458333333333,0.0011718749999999993,0.0014843749999999991,0.0014322916666666663,0.0014583333333333325,0.0011979166666666661,0.001406249999999999,0.0012499999999999994,0.0012760416666666656,0.0010937499999999992,0.0013802083333333325,0.001276041666666666,0.0013020833333333328,0.0011458333333333327,0.0011458333333333327,0.0013541666666666658,0.0013281249999999994,0.0014062499999999995,0.0013541666666666663,0.0012760416666666662,0.0012760416666666662,0.0010677083333333328,0.0012760416666666662,0.001145833333333333,0.0012760416666666666,0.0012499999999999998,0.001276041666666666,0.0010937499999999995,0.0012499999999999994,0.0015364583333333328,0.0012499999999999996,0.0013802083333333325,0.0012239583333333328,0.0012239583333333325,0.0012499999999999996,0.0013281249999999992,0.0011718749999999993,0.001119791666666666,0.0014843749999999996,0.0013281249999999997,0.0013541666666666656,0.0013020833333333328,0.0012499999999999996,0.0014843749999999991,0.001380208333333333,0.0015364583333333324,0.0013281249999999994,0.001145833333333333,0.0011458333333333331,0.0013541666666666665,0.001223958333333333,0.0014062499999999995,0.0011718749999999997,0.0012239583333333325,0.0012239583333333328,0.0013541666666666663
