HitRate: 29680695/30000000 0.989356
CumReqs: 30000000
CumProbs: 0.9905947799639447
