HitRate: 300270/30000000 0.010009
CumReqs: 30000000
CumProbs: 0.01000000000000012
