HitRate: 1273391/3000000 0.424464
CumReqs: 3000000
CumProbs: 0.012249731345092779
