HitRate: 1499052/3000000 0.499684
CumReqs: 3000000
CumProbs: 0.49999999999995326
