HitRate: 395938/3000000 0.131979
CumReqs: 3000000
CumProbs: 0.13069923899315203
