HitRate: 18830335/30000000 0.627678
CumReqs: 469117,470049,468717,467366,469022,469685,467059,468841,468040,469759,469760,470059,468595,469345,469825,467972,467848,468671,468162,467949,467534,468971,468569,469889,470049,468467,468024,469372,467971,469386,468854,468959,467605,469458,468732,470365,468829,468391,468311,467614,468377,469481,466860,469489,468701,469185,469146,468707,468397,468069,468939,468327,469606,468752,470356,467847,467569,468875,468626,467102,469110,469058,468630,469600
CumProbs: 0.00976190953976274,0.00977622429115899,0.00980908322039412,0.009787067051994974,0.009799519280802166,0.0098240233516726,0.009798304142184383,0.009863308300055452,0.009766018870364537,0.009784449607082966,0.009812053017728714,0.009806865332149571,0.009822230938023585,0.009791349753094,0.009789493466932002,0.009782161042950514,0.009780410642039678,0.0098183544195581,0.009750336247841697,0.009804147083358621,0.009816272919446681,0.009799432881740164,0.009833388019114955,0.00978470347170365,0.009803292364099455,0.009805822133367146,0.009812585171845134,0.009811705450997504,0.009773892461035098,0.009811500862558423,0.00980745344863508,0.009820263963015392,0.009818569837515768,0.0097909070530479,0.009816745170227917,0.009791671882039487,0.009780117214763774,0.009837351303937949,0.009775024829057453,0.009813400962671137,0.009826124648302495,0.009823750884107908,0.00979695978393337,0.009812105864325796,0.009790353830713515,0.009810696654830638,0.009842669104873697,0.009800567406334691,0.00983022876623882,0.009840629441176944,0.009789554088039536,0.009820010380512325,0.00978784128309862,0.009819342362350337,0.009801002213055457,0.00979342297142579,0.009828709862362076,0.009774001105613632,0.009816596628250789,0.009774673029476995,0.009842322158801134,0.009776009802019325,0.009823005084491921,0.009796225926573093
