HitRate: 2160659/3000000 0.720220
CumReqs: 42864,10843,17540,22107,17809,15688,16910,11153,15004,25046,10033,282364,13604,16081,133714,16699,10959,28722,13131,23631,32957,19588,18034,15916,24638,27083,14241,26643,13301,16174,15112,10165,58066,13544,10058,36843,22090,14075,25886,44255,16395,10984,11941,19545,11941,13485,14547,17454,11084,11199,18743,13798,10663,8846,12384,22754,12182,15712,14175,14168,27285,15983,14791,9357,13286,18059,11139,9625,37600,29121,13570,19576,21297,48772,14482,14672,11851,50702,41759,145380,73763,11810,15545,43677,9434,12501,22966,20259,45140,16521,12323,8450,11545,12217,8866,9819,15004,13157,10459,10271,98369,13461,29636,17399,12996,16398,12783,18659,19847,11659,16582,14366,24332,16378,15105,11493,14247,14975,63751,18332,12964,10472,12016,16530,9423,13394,15768,12060
CumProbs: 0.011693057570181044,0.0013530992534590525,0.003954575897998254,0.005492926800412392,0.0031240917615377147,0.0030578121018042313,0.0030508527375322156,0.0017265851360572285,0.003149940828833773,0.006407917503033125,0.0010316429037516607,0.09204355766678364,0.0026067790173178802,0.003464437814269149,0.042714920910139016,0.0032387555728766405,0.0013700005666910904,0.007568474344966405,0.002248537456458406,0.00560228823897264,0.008854962540393311,0.004364515593449846,0.003179103879116506,0.0028692464698624734,0.0058319472599491565,0.0065812388132361795,0.0028165541403743543,0.006210072718728677,0.0024616265625015533,0.0033295587067115116,0.0028397520212810733,0.0014697514545899827,0.017199240302540147,0.0020632858075033214,0.0013829251003391197,0.01019811984489234,0.004900386642395055,0.002488138426394947,0.006051001535368318,0.012586507383388396,0.003200313370231221,0.0020364425453112613,0.0016443983579877098,0.004258136739577607,0.001938680047204374,0.002415230800688115,0.0022233511857596825,0.003667584971352275,0.0015711593339822112,0.001858481658926859,0.004146124114628021,0.0025060339345229867,0.0015665197578008674,0.001022363751388973,0.00180711492263341,0.0054998861646844074,0.0021325480519248114,0.002404957453429426,0.0025544180861284296,0.0021063675863300857,0.006864915756895487,0.003271232606146047,0.0022743865237544645,0.0009322234141514364,0.0022946018199731764,0.003804121070403249,0.0019638663179030974,0.001239761035314797,0.010238550437329763,0.007554887014721045,0.0024632835539948905,0.004422510295716644,0.0049232531250031075,0.013876640960100644,0.0026442270250672992,0.002760547827899561,0.0017491202203666126,0.014420796966512536,0.011659586342015636,0.046690374900953346,0.02239689121883986,0.0022037986861383045,0.0024516846135415305,0.012201422560336864,0.001046555827191694,0.0018836679296255824,0.0055114851051377665,0.004816542872832201,0.012779712591511498,0.0030876379486843,0.002223351185759683,0.0006979248169935746,0.0016238516634703298,0.0018979180564682816,0.0009922065062102385,0.001320622220189646,0.0026147325764858988,0.002052349663647297,0.0016066189519396245,0.0016344564090276874,0.03028549632031899,0.0022091010589169843,0.007036911473903875,0.003868743738643394,0.0022820086846238154,0.003044556169857535,0.0019009006411562887,0.004073547887219858,0.0043674981781378535,0.0013600586177310685,0.0031144812108763586,0.002770489776859584,0.006068897043496359,0.003068085449062922,0.002534202789909717,0.001720619966681215,0.002742652319771521,0.0029153108333772435,0.01887545289719992,0.0037703184439391722,0.0019237671237643402,0.0015910432319022557,0.0023131601246985517,0.0033676695110582636,0.0011522718844665992,0.002219043007877006,0.003177778285921835,0.0017318875088359075
