HitRate: 15000357/30000000 0.500012
CumReqs: 30000000
CumProbs: 0.4999999999961982
