HitRate: 303964/3000000 0.101321
CumReqs: 3000000
CumProbs: 0.13040998219770272
