HitRate: 2774699/3000000 0.924900
CumReqs: 374268,370545,452124,384893,369256,400939,319186,328789
CumProbs: 0.10419636647051396,0.11414252842290112,0.11602946930178214,0.1015622302353557,0.11114829491215078,0.10978137915440193,0.08879915736719232,0.09467494795206434
