HitRate: 396265/3000000 0.132088
CumReqs: 3000000
CumProbs: 0.13217844073210105
