HitRate: 2640912/3000000 0.880304
CumReqs: 380483,367646,384004,379178,370249,374337,373998,370105
CumProbs: 0.06422855059771586,0.06353539247417872,0.06468821687733595,0.06453687957109344,0.06079801658324271,0.06045476361611678,0.06226681997745575,0.0623007461428112
