HitRate: 27965978/30000000 0.932199
CumReqs: 30000000
CumProbs: 0.9396740129198522
