HitRate: 100235/3000000 0.033412
CumReqs: 23510,23597,23455,23446,23554,23217,23444,23307,23528,23478,23539,23272,23334,23491,23177,23319,23226,23238,23439,23258,23467,23510,23519,23430,23191,23353,23424,23406,23375,23342,23571,23556,23317,23423,23420,23673,23459,23147,23528,23293,23275,23499,23665,23359,23337,23361,23542,23335,23436,23485,23396,23483,23431,23214,23586,23195,23549,23488,23339,23464,23379,23116,23477,23374,23447,23517,23330,23230,23369,23529,23794,23472,23719,23586,23587,23288,23391,23346,23649,23180,23410,23717,23508,23475,23190,23472,23158,23386,23432,23419,23390,23367,23342,23565,23278,23522,23445,23645,23610,23294,23376,23391,23614,23836,23626,23531,23557,23441,23369,23641,23197,23540,23354,23521,23505,23646,23431,23492,23490,23363,23490,23413,23625,23489,23499,23608,23497,23381
CumProbs: 0.0007812499999999995,0.0007812499999999995,0.0007812499999999995,0.0007812499999999995,0.0007812499999999995,0.0007812499999999995,0.0007812499999999995,0.0007812499999999995,0.0007812499999999995,0.0007812499999999995,0.0007812499999999995,0.0007812499999999995,0.0007812499999999995,0.0007812499999999995,0.0007812499999999995,0.0007812499999999995,0.0007812499999999995,0.0007812499999999995,0.0007812499999999995,0.0007812499999999995,0.0007812499999999995,0.0007812499999999995,0.0007812499999999995,0.0007812499999999995,0.0007812499999999995,0.0007812499999999995,0.0007812499999999995,0.0007812499999999995,0.0007812499999999995,0.0007812499999999995,0.0007812499999999995,0.0007812499999999995,0.0007812499999999995,0.0007812499999999995,0.0007812499999999995,0.0007812499999999995,0.0007812499999999995,0.0007812499999999995,0.0007812499999999995,0.0007812499999999995,0.0007812499999999995,0.0007812499999999995,0.0007812499999999995,0.0007812499999999995,0.0007812499999999995,0.0007812499999999995,0.0007812499999999995,0.0007812499999999995,0.0007812499999999995,0.0007812499999999995,0.0007812499999999995,0.0007812499999999995,0.0007812499999999995,0.0007812499999999995,0.0007812499999999995,0.0007812499999999995,0.0007812499999999995,0.0007812499999999995,0.0007812499999999995,0.0007812499999999995,0.0007812499999999995,0.0007812499999999995,0.0007812499999999995,0.0007812499999999995,0.0007812499999999995,0.0007812499999999995,0.0007812499999999995,0.0007812499999999995,0.0007812499999999995,0.0007812499999999995,0.0007812499999999995,0.0007812499999999995,0.0007812499999999995,0.0007812499999999995,0.0007812499999999995,0.0007812499999999995,0.0007812499999999995,0.0007812499999999995,0.0007812499999999995,0.0007812499999999995,0.0007812499999999995,0.0007812499999999995,0.0007812499999999995,0.0007812499999999995,0.0007812499999999995,0.0007812499999999995,0.0007812499999999995,0.0007812499999999995,0.0007812499999999995,0.0007812499999999995,0.0007812499999999995,0.0007812499999999995,0.0007812499999999995,0.0007812499999999995,0.0007812499999999995,0.0007812499999999995,0.0007812499999999995,0.0007812499999999995,0.0007812499999999995,0.0007812499999999995,0.0007812499999999995,0.0007812499999999995,0.0007812499999999995,0.0007812499999999995,0.0007812499999999995,0.0007812499999999995,0.0007812499999999995,0.0007812499999999995,0.0007812499999999995,0.0007812499999999995,0.0007812499999999995,0.0007812499999999995,0.0007812499999999995,0.0007812499999999995,0.0007812499999999995,0.0007812499999999995,0.0007812499999999995,0.0007812499999999995,0.0007812499999999995,0.0007812499999999995,0.0007812499999999995,0.0007812499999999995,0.0007812499999999995,0.0007812499999999995,0.0007812499999999995,0.0007812499999999995,0.0007812499999999995,0.0007812499999999995
