HitRate: 2727026/3000000 0.909009
CumReqs: 3000000
CumProbs: 0.7098011155921383
