HitRate: 2314375/3000000 0.771458
CumReqs: 32223,17782,17415,28097,26996,26961,15595,15048,26222,25420,25436,15417,15172,24962,23641,23703,15305,14855,23567,22497,23078,15371,15106,22572,21637,21738,15153,14921,21870,21180,21527,15470,14908,21218,19905,20758,15056,15550,21517,20550,19925,14984,15245,20682,19841,19436,14961,15387,20304,19783,19120,15181,15338,19805,19086,18706,14775,15253,19516,19111,18509,14995,15213,19235,18458,18121,14884,15308,19262,19981,19950,16803,15262,18707,19711,19551,16523,14987,18722,19757,19119,16474,15127,18281,19216,18706,16375,15180,18082,19532,18494,16502,14752,17886,18712,18588,15989,15006,17777,18726,18226,104774,103172,106283,18364,17914,60162,58523,61323,18604,17979,50547,49089,51983,17996,17708,39881,38864,41563,18021,17568,34701,33065,35394,17393,17004,29989,29609
CumProbs: 0.026768603286900082,0.012573353502193883,0.012078234633028475,0.02270069625481423,0.021834969696319505,0.0214945957921723,0.009630273316668977,0.009661807479708408,0.020986473144433936,0.019739410779287186,0.02044226501115561,0.009892624549378429,0.01005809763171933,0.01974526247964501,0.018265107383577974,0.01890099215579567,0.009552575739695552,0.009757385252219664,0.017759260397089863,0.017195871690416434,0.0172755198341758,0.010122466335655476,0.009574357068805262,0.01750568671491717,0.01618385262297592,0.0167696728476877,0.009612393121131164,0.009540872338979885,0.016659465824281884,0.01619620621262023,0.016055765404032262,0.01028663904013908,0.009603940665058742,0.01602488142992149,0.014946217997294557,0.015069753893737667,0.00954444837808746,0.009891974360449782,0.015859733442044912,0.014965398570689676,0.014821056628529823,0.009698868248641341,0.0101172648242263,0.015356487211271396,0.014525870854923663,0.014049607464689043,0.009243410904123457,0.010397821346937874,0.015350635510913577,0.01450896594277881,0.013836020401628188,0.009819153200441211,0.010383517190507627,0.014681916197799173,0.013905590616993532,0.013413722692471354,0.009722275050072669,0.009837358490443354,0.014150711843093806,0.013682900908931598,0.013090253700469007,0.009370522839674137,0.00987539454276926,0.014011896506827463,0.012991750077778842,0.012772636408824487,0.009599064248093881,0.009957968536707546,0.01402262462415016,0.014941341580329703,0.014241738293104506,0.011292481312757443,0.009771689408649913,0.012990774794385877,0.01455642973457012,0.014199150918278064,0.010718689583225634,0.009694967115069458,0.013307091708173095,0.01434479323829521,0.013886410043598415,0.010928050418250271,0.009617594632560355,0.012908850989376231,0.014050907842546336,0.013294087929600136,0.011193327501138634,0.009480079674151308,0.012977771015812916,0.014016772923792324,0.012970293843133454,0.011109128034878726,0.009402707191642207,0.012475825162896704,0.013532707266413927,0.013158848632441362,0.010966736659504827,0.009435866827003248,0.012478425918611298,0.013498572347659913,0.013226468281020747,0.09920485144970995,0.09805141629028861,0.10090054417562383,0.013354555499964388,0.012760282819180176,0.05449818581034186,0.05321568814858379,0.056372030302705205,0.013375036451216809,0.012925755901521075,0.04519235676906816,0.04415823127805361,0.0465275197340467,0.01282757737329524,0.012372120028777358,0.03485337752017287,0.03406469834972296,0.035863120926363186,0.012729398845069387,0.01224208224304776,0.029306615769877305,0.028053376609908403,0.030301404830708673,0.012195268640185115,0.012003788000698293,0.02494547353097125,0.023899644639241022
