HitRate: 2303311/3000000 0.767770
CumReqs: 371779,376632,377963,376479,377471,376403,372412,370861
CumProbs: 0.13787284976653924,0.1406508401149889,0.1360283529680487,0.13576693972424125,0.1399063235133484,0.13792571657897437,0.13693614331637977,0.13503439847790313
