HitRate: 1327699/3000000 0.442566
CumReqs: 3000000
CumProbs: 0.01436676464052827
