HitRate: 1053740/3000000 0.351247
CumReqs: 94134,93685,93198,93150,93634,93224,94148,93468,94010,94028,93965,93389,94131,93688,93638,93972,93608,94148,93466,94691,93789,93579,92918,93099,93196,93609,94194,94061,93426,94298,94539,93917
CumProbs: 0.006779674982514484,0.007012921408314068,0.006905488611648226,0.0066779465821318,0.0069194326914514635,0.00682752852911195,0.006741328763055601,0.006770167655375913,0.006751469912003398,0.006832599103585864,0.0069051717007436045,0.006825627063684238,0.0067708014771851515,0.006721997197873831,0.006736575099486283,0.006948588494676422,0.0067647801699974005,0.006805661676693245,0.006624071728346563,0.006922601800497668,0.006933059860350096,0.006892178353654235,0.006868410035807825,0.006779358071609886,0.0068284792618258225,0.006699813434550501,0.00671312369254449,0.006871262233949395,0.006834183658108967,0.006814218271117955,0.00670108107816897,0.006567344676419746
