HitRate: 2280706/3000000 0.760235
CumReqs: 20450,22615,22618,21767,22419,23805,23324,21776,21594,25860,24901,24829,23848,23288,24719,25241,21998,22987,26384,24807,24487,24721,24220,22810,23013,25789,24271,24004,21180,20967,21341,23259,22206,23913,21837,21917,24670,24835,25296,23986,25073,23519,23654,26554,23789,23700,25866,21184,22069,25338,21885,20796,21301,25033,19944,25234,21851,22899,22845,24369,21948,24704,24457,19935,21728,23044,25023,23501,29201,24327,23285,21346,21573,24363,22132,22374,21726,24763,22729,24570,24303,23548,21648,24870,26093,24812,23390,22047,22953,24253,25741,24722,27313,21666,23201,23343,22404,24706,22494,23295,21902,23149,24909,21068,25443,19646,22338,22651,20335,22673,24939,22400,24482,24520,24778,23255,23225,22409,22337,22235,23060,22613,24571,23954,22536,23226,25785,27175
CumProbs: 0.0020008790685042844,0.001850670535328638,0.002142848315050042,0.0023697455930115647,0.0016852510114516602,0.0019416195838970148,0.002089926743234993,0.0018459171007344725,0.0022436211284463567,0.002247740771761303,0.0025316792648528174,0.0018386285010234182,0.002367844219173899,0.0016694062294711075,0.0021989388432611984,0.0019061272722605746,0.001921021367322296,0.002060138553111554,0.0022794303357224106,0.0023117536909627386,0.0022946413264237435,0.0018183471800883087,0.0021945023043066433,0.0023773510883622283,0.0020541175359589416,0.0021368272978974302,0.0023897100183070618,0.0020801029784070506,0.0016995113152341588,0.0020927788039914927,0.002271191049092523,0.0022036922778553656,0.001932746505987906,0.0019397182100593467,0.0019023245245852426,0.0017822210771726472,0.0021840447481994807,0.0018696842737053023,0.0021992557389008123,0.0016823989506951607,0.0020816874566051066,0.0021308062807448205,0.002283549979037354,0.0021292218025467653,0.0019222889498807412,0.00246703255437216,0.0021184473507999896,0.0017292995053575996,0.0019761612086146205,0.0025247075607813755,0.0016320125439970024,0.001760672173679095,0.002075032648173275,0.0024600608503007153,0.001564513772759845,0.0024442160683201654,0.002075983335092107,0.001875388395218301,0.0021922840348293673,0.002568122263408092,0.0021162290813227114,0.0022803810226412415,0.002064258196426496,0.0019092962286566858,0.0018059882501434777,0.001925774801916462,0.0020826381435239388,0.0020576033879946658,0.0026685781811647993,0.001955562992039903,0.0021219332028357117,0.0020236955545562805,0.001735954313789432,0.00234122498544657,0.0018513043266078614,0.0022743600054886347,0.0018326074838708073,0.002104503942657103,0.0021789744179657004,0.00224298733716714,0.0022987609697386856,0.002080419874046661,0.002220170851115143,0.002315873334277682,0.002274676901128243,0.002285451352875022,0.002008167668215339,0.002344077046203068,0.0021754885659299793,0.0022797472313620193,0.0025231230825833216,0.0022562969540308006,0.002288937204910743,0.0020930956996311027,0.0024049210090083934,0.002161545157787093,0.002126369741790266,0.002223973598790475,0.0019165848283677412,0.0019920059905951747,0.0020373220670595574,0.0021875306002352027,0.002089609847595382,0.0021165459769623236,0.0028590324605710514,0.0019194368891242404,0.002249325249959358,0.002081687456605106,0.0018734870213806347,0.0022284101377450256,0.002793118167531947,0.0017435598091400974,0.0019999283815854527,0.0028976937286035987,0.002332668803177069,0.0019992945903062284,0.0018484522658513615,0.002115912185683102,0.0019935904687932307,0.0022071781298910885,0.00176764387775054,0.002151087601679928,0.0019536616182022353,0.0019523940356437905,0.0024572087895442184,0.0020224279719978366,0.0020959477603876035,0.0021428483150500405
