HitRate: 2706671/3000000 0.902224
CumReqs: 3000000
CumProbs: 0.938898658984496
