HitRate: 100821/3000000 0.033607
CumReqs: 374903,374733,374920,375569,374612,375889,374877,374497
CumProbs: 0.013577687862914758,0.013505629631931112,0.013621980537005642,0.013708252088779587,0.013701971784244343,0.013560169118684759,0.013616030774814313,0.013608097758559229
