HitRate: 2516055/3000000 0.838685
CumReqs: 24362,23038,24106,23975,23515,23488,23548,22973,23281,23848,23167,23010,23563,23413,22991,23645,24140,23795,22976,23756,22991,23465,23974,23826,22921,23331,23257,22993,23125,23733,23395,23650,23163,23300,23414,23359,23207,23748,23846,24073,23147,23708,23379,23495,23628,23521,23238,22832,23145,23737,23748,23636,23408,23804,23404,23259,23394,23134,22953,23404,23363,23441,23452,23225,23390,23187,24209,23021,23324,23164,23161,23633,23697,23445,23354,23595,23426,23125,23437,23826,23858,23669,23058,22689,23307,23006,23908,23897,23733,23095,24120,23034,23557,23490,23103,23348,23299,23572,23122,23441,24076,23395,23669,23551,23978,23297,23681,23134,23431,23321,23545,23378,24099,23461,23141,23207,23193,23161,23145,23990,22876,24013,23185,22890,23198,22825,22871,24173
CumProbs: 0.006879609885938807,0.006788312202311683,0.00688648074254165,0.006813724959609901,0.006800547974344196,0.006812689625053301,0.006856738404370395,0.006685531717238553,0.006853067672760587,0.006790759356718099,0.006694755606924625,0.006733251228165347,0.006751040158274148,0.0066861905665018696,0.006749251853130921,0.006824454790469205,0.0068498675477675,0.006807512952270356,0.0067848297133485495,0.006850244033060798,0.006785770926581854,0.006767887875149686,0.00673541601860187,0.00680638349639043,0.006756216831057118,0.006821348786799394,0.006796030150824469,0.006867091749936351,0.006800077367727469,0.006775229338369178,0.0067116974451234745,0.00686191507715332,0.006798477305230971,0.006760640533253517,0.006772876305285962,0.0067965007574411285,0.00672600388626918,0.006782570801588689,0.006773817518519289,0.006802053915517396,0.006854950099227144,0.006778711827332255,0.0067799354045355665,0.006768452603089647,0.00686116210656676,0.0067740998824892635,0.006817489812542967,0.006745487000197849,0.006759981683990221,0.006751040158274146,0.006834619893388499,0.006920364418939424,0.006774852853075875,0.0068576796176036065,0.006726850978179081,0.0068456320882177915,0.006775699944985865,0.006734945411985239,0.006773064547932666,0.006783888500115278,0.006763558294276654,0.006811654290496737,0.006877068610208968,0.006798194941260998,0.00686652702199634,0.006854197128640539,0.006875939154329055,0.006786147411875112,0.0067307099524354895,0.006759887562666897,0.006733815956105347,0.006853538279377217,0.006767040783239764,0.006864926959499801,0.006798194941260961,0.006810524834616785,0.006820689937536118,0.006772876305286038,0.006781817831002087,0.006789629900838217,0.006775605823662501,0.006732121772285438,0.006776452915572404,0.006758569864140326,0.0068513734889407455,0.006695414456187928,0.0068717978161026835,0.006831513889718722,0.006802712764780708,0.006882998253578627,0.0068333963161852605,0.0067615817464868055,0.006900316577070792,0.006692214331194856,0.006666707452573211,0.006806477617713739,0.006656636470977215,0.006765534842066516,0.006715462298056564,0.006799042033170899,0.006815136779459844,0.006785017955995175,0.006743604573731336,0.006831325647072024,0.006866338779349707,0.006810524834616794,0.006807418830946981,0.006768358481766342,0.00682144290812276,0.006839608323524887,0.006895798753551035,0.006842526084547997,0.006890810323414702,0.006902199003537312,0.006791700569951403,0.006752451978124024,0.0067270392208257646,0.006764028900893259,0.0068084541655036345,0.006851655852910752,0.006795465422884469,0.006876974488885658,0.00682031345224278,0.006742380996528054,0.006725533279652523,0.006738522022271673,0.006669436970949648,0.006912928834396567
