HitRate: 29401164/30000000 0.980039
CumReqs: 936726,938447,939017,939118,936365,936052,937329,936758,937052,935454,937094,936602,935542,938254,937225,938007,937962,937645,937082,936668,937462,938785,939112,938567,938221,936898,938396,935640,939115,937659,937690,938056
CumProbs: 0.03062943753380929,0.030624855927033005,0.030632058619368397,0.03062181411362225,0.030636112376231577,0.030609095696336002,0.03063026587323454,0.030633728592448232,0.030626858383883043,0.030628978709288417,0.030633273157673616,0.03063187557957571,0.030610766159865924,0.03062349648683701,0.03061362184321605,0.030639230315706877,0.03063093877694776,0.030639090272741695,0.030617652032444414,0.030623059832385533,0.030621607295692195,0.03061365427367022,0.030613959700233256,0.030626143095319604,0.030608898081935954,0.03062073209443392,0.030618066223858317,0.03062649221315246,0.030634509872558998,0.030631763032184643,0.030631896592964922,0.03062758477701252
