HitRate: 364613/3000000 0.121538
CumReqs: 3000000
CumProbs: 0.0787823350693811
