HitRate: 2165414/3000000 0.721805
CumReqs: 20537,18011,13801,52548,14610,13996,17543,13460,47671,14688,14226,17653,13455,43277,14418,14035,17179,13494,39741,14692,14340,17332,13274,36993,14672,13967,17013,13444,35391,14623,14464,17153,13241,33151,14408,13983,16961,15667,31580,14422,14035,16599,15379,30048,14271,13871,16588,15417,29171,14535,14186,16612,15427,27509,14323,14078,16177,15472,27410,14075,14214,16392,15107,26277,14213,13888,16357,15397,25531,19941,13957,16546,15348,24468,19692,13919,15962,15385,24252,19417,13930,16243,14902,23773,19155,13733,16068,15470,23135,19187,13852,16030,14784,22678,18791,13757,15934,15281,22012,18889,13920,281406,14758,21898,18293,13789,147212,14891,22016,18509,13841,119321,14786,20990,18443,13661,88169,14797,21303,18004,13595,71328,14598,20175,17488,13583,59971,15091
CumProbs: 0.004845380856285866,0.0038294192506155788,0.0024636405777187413,0.015464567012681613,0.0025501829990894806,0.0025200092046652003,0.003631465895985957,0.0023820718587256318,0.013712829035280791,0.0028495998822227276,0.0028840842187076196,0.0037193346379907313,0.0023820718587256313,0.011938543607101386,0.0025329408308470353,0.002725588902940519,0.003417265113589415,0.0023727876142873917,0.011201109334578305,0.0025525040601990408,0.0026171621911082136,0.003653681766606032,0.002297187338147435,0.01011518431546271,0.0027434942314999828,0.002352561224618368,0.003556528780163018,0.002444740508683752,0.009895346670371521,0.002810805003677224,0.0024483878904273467,0.003576092009515025,0.0023416190793875847,0.008851532331386521,0.0026914361466141355,0.0026881203450290496,0.003470981099267805,0.003243185530372411,0.008539183822071434,0.0024218614777466612,0.002620809572851808,0.0032683856224190633,0.0031884748042184954,0.007778870518611263,0.0027968786370198635,0.0023804139579330884,0.003210690674838569,0.0030647954050947953,0.00766978064646194,0.0024079351110892996,0.0022292134056531763,0.0035435971539811823,0.002660599191872838,0.007093825911132539,0.0028108050036772243,0.002745483712451034,0.003299885737477378,0.0032919278136731714,0.00676920893595264,0.0026380517410942543,0.0024934827919845144,0.0031732221169271015,0.0025982621220732244,0.006502286908353234,0.0025558198617841254,0.002130070938259111,0.002934484402800924,0.002483203807070748,0.006460507808381152,0.004492247987474227,0.0025617883046372817,0.0030263321067077998,0.002725257322782011,0.006144511917322476,0.004431568818467157,0.002570077808599996,0.0033191173866708758,0.0031218271923582714,0.005763857895354629,0.004492911147791244,0.002764052201327514,0.003171232635976049,0.0027700206441806687,0.005880574111149646,0.004294626213003115,0.002290887315135772,0.0033098331422326357,0.0027885891330571497,0.005451509386039549,0.004306894678867933,0.0021479762668185744,0.0030923165582510074,0.0024553510737560283,0.005585136189918505,0.004246547090019371,0.0020501601200585435,0.003253464515286178,0.0029338212424839067,0.004953475987959661,0.004391447619287621,0.0025435513959193084,0.0915661923523026,0.002609204267304008,0.005126229250542631,0.00386423516725898,0.002467619539620845,0.04689737129881937,0.0027501258346701537,0.005223382236985643,0.004050251636182292,0.002370466553177831,0.03771923251130191,0.002704699352954479,0.00465538542546045,0.0036473817435943687,0.002389698202371329,0.027362326260286448,0.0028499314623812366,0.00485333878009007,0.003963377634653044,0.0023518980643013505,0.021408141353947897,0.0028907158218777922,0.00462720111198722,0.0037863138300094643,0.0021638921144269863,0.017852275734101898,0.0026735308180546725
