HitRate: 1745717/3000000 0.581906
CumReqs: 3000000
CumProbs: 0.42194444444444584
