HitRate: 39579/3000000 0.013193
CumReqs: 92891,93902,94016,93770,93789,93599,93476,93925,93894,93999,94055,93736,94019,93106,94156,93640,93489,93322,93962,93411,93231,93641,93837,93575,94099,93904,93906,93823,93801,94552,93293,94181
CumProbs: 0.0003915825980282773,0.00040885679778911925,0.0004165588140438843,0.00041399140295659355,0.000421462957663332,0.0004112833712637272,0.00038888107654863195,0.00039678794751275403,0.00043765212188732566,0.00041500482614801,0.0004632446380878627,0.0004405194367970013,0.0004263280400034531,0.00045219984435117494,0.0003802936712957986,0.0004518422166382297,0.0004035533610921114,0.00039836059801986204,0.00037944907963391575,0.00039746110355981474,0.00038264624534679344,0.0003959487810285555,0.00045875693110745746,0.0004612477386858466,0.000445582646626151,0.00041720853332334926,0.0003979246307411564,0.0003531473842064946,0.00038998607673935835,0.00042663684111724013,0.000440076091276645,0.0004290551683217679
