HitRate: 101513/3000000 0.033838
CumReqs: 23314,23639,23672,23635,23561,23653,23669,23408,23312,23324,23304,23461,23150,23495,23353,23472,23444,23464,23413,23506,23523,23816,23311,23500,23446,23379,23376,23206,23604,23296,23457,23389,23469,23570,23262,23223,23486,23707,23189,23515,23327,23633,23493,23428,23854,23557,23602,23407,23545,23736,23644,23357,22764,23285,23350,23491,23232,23338,23245,23500,23382,23652,23600,23463,23360,23275,23466,23410,23472,23448,23144,23275,23412,23445,23200,23592,23273,23679,23402,23529,23543,23301,23206,23214,23657,23537,23692,23293,23458,23195,23608,23522,23290,23624,23516,23461,23364,23414,23350,23485,23516,23499,23503,23464,23675,23574,23541,23499,23224,23497,23073,23172,23415,23041,23425,23614,23404,23497,23363,23471,23552,23266,23408,23264,23455,23338,23692,23588
CumProbs: 0.0009171381743829599,0.0008652742403985261,0.0008931757238711638,0.0009036798117667451,0.0008800456140016873,0.0009174664271296961,0.0008744653173071599,0.000868228515119158,0.0008606787019442096,0.0008564114162366298,0.0008508311195421019,0.0008764348337875816,0.0008944887348581123,0.0008669155041322113,0.0008839846469625307,0.0008616634601844204,0.0009007255370461136,0.000865930745892,0.000868228515119158,0.0008688850206126324,0.0009033515590200087,0.0008649459876517891,0.000876106581040845,0.00087873260301474,0.0009000690315526408,0.0008679002623724223,0.0008856259106962157,0.0008941604821113753,0.000894160482111375,0.0009086036029677995,0.0008895649436570583,0.0009089318557145372,0.000848205097568206,0.0008797173612549511,0.0008790608557614768,0.0008925192183776909,0.0008954734930983228,0.0008869389216831632,0.0008833281414690576,0.0008774195920277923,0.000883984646962531,0.0009118861304351697,0.0008803738667484246,0.0008770913392810556,0.0008406552843932575,0.000914512152409065,0.000894160482111376,0.0008974430095787451,0.0008724958008267387,0.0008869389216831632,0.0009092601084612741,0.0008820151304821092,0.0008679002623724215,0.0008751218228006342,0.000864617734905052,0.0008872671744299004,0.0008567396689833662,0.0008826716359755829,0.0008803738667484237,0.0008823433832288457,0.0008823433832288452,0.0009250162403046459,0.0008872671744298996,0.000895473493098323,0.000879717361254951,0.0009131991414221165,0.0008941604821113748,0.0009128708886753801,0.0009095883612080105,0.0008780760975212659,0.0008958017458450596,0.0008889084381635852,0.0008629764711713675,0.0009010537897928506,0.0008580526799703137,0.0009086036029678,0.0008964582513385335,0.0008813586249886358,0.0009053210755004305,0.0008803738667484249,0.0008810303722418984,0.0008938322293646388,0.0008790608557614772,0.0008793891085082132,0.0008895649436570588,0.0008869389216831625,0.0008872671744298998,0.0008797173612549513,0.0008747935700538973,0.0008734805590669496,0.0008971147568320078,0.0008954734930983233,0.0008872671744299002,0.0008885801854168477,0.0008885801854168475,0.0008767630865343189,0.0009003972842993768,0.0008935039766179014,0.0008738088118136863,0.0009056493282471676,0.0008885801854168478,0.0008882519326701114,0.000875121822800634,0.0008751218228006335,0.0008695415261061065,0.000897114756832007,0.0008757783282941082,0.000892519218377691,0.0008537853942627338,0.0008409835371399937,0.0008974430095787441,0.0008642894821583161,0.0008774195920277924,0.0008869389216831628,0.0008603504491974731,0.0008921909656309537,0.0008810303722418989,0.0009112296249416953,0.000898756020565692,0.0008803738667484248,0.0008741370645604234,0.0008852976579494789,0.0008810303722418986,0.0009053210755004303,0.0009040080645134833,0.0008875954271766375,0.0008606787019442094,0.0008889084381635846
