HitRate: 2810242/3000000 0.936747
CumReqs: 3000000
CumProbs: 0.863265625000816
