HitRate: 2782951/3000000 0.927650
CumReqs: 20957,18501,15212,48020,16114,15706,18662,14958,43524,16178,15775,18678,15219,39626,16204,15445,18405,15257,37467,16163,15937,18532,14863,34714,15791,15358,18181,15162,32762,15886,15992,18333,15099,31708,15740,15677,18088,17163,30555,15904,15854,18014,17029,29204,15681,15658,17822,16813,28333,15747,15450,17795,16559,26948,15910,15727,17717,16853,26268,15754,15846,17623,16614,25665,15864,15616,17366,16817,25048,20685,15437,17428,16560,24644,20339,15350,17496,16674,24144,19918,15525,17420,16434,23728,19692,15400,17371,16878,23164,19570,15482,17316,16389,22843,19849,15286,17334,16436,22229,19810,15527,237466,16123,21917,19197,15326,125952,16632,22113,19474,15297,103307,16079,21247,19014,15273,77815,16305,21555,19213,15446,62630,16213,21025,18541,15139,53982,16250
CumProbs: 0.006587871211470287,0.005812866626561735,0.004685244922712227,0.015574513401665326,0.004971414092103996,0.004839625658831454,0.005842546710693683,0.004612816657703608,0.014138130225577429,0.005017484670458079,0.00484693493328189,0.005824605764315388,0.004659330222388055,0.012869860361848924,0.004969420653617517,0.004748370474783951,0.005739330895727294,0.004669740401150749,0.011979679331055171,0.004995999833437182,0.004923128582098264,0.0057342365529285105,0.004596647656646656,0.01119227112889737,0.00487351411310152,0.004720905322303613,0.005679306247967875,0.004643825700826581,0.010598669446258131,0.004925565006915063,0.004916040800813018,0.005694367783199026,0.004646483618808532,0.010151253252627073,0.004848485385438013,0.004811717520020809,0.005603998571812139,0.005324031211044957,0.009777372789830392,0.004919806184620811,0.004891233566314649,0.005622161011355584,0.0052584692341564225,0.009277462716055515,0.004869084249798265,0.004800642861762627,0.0055313488136383504,0.005210626710481016,0.009018537205978932,0.004910060485353586,0.004764317982675732,0.005530241347812558,0.005133547089003998,0.008636461496071161,0.004933095774530653,0.004796434491624498,0.005474646563356398,0.005211291189976521,0.00840743756329173,0.004865318865990457,0.004901200758747038,0.005470881179548629,0.00517961766735808,0.008157150286656513,0.004901422251912194,0.004788460737678601,0.0054296834508281355,0.005230118109015427,0.007975968877552437,0.006528511043206261,0.0047815944495585225,0.0053882642289425145,0.005122472430745789,0.007781497878538557,0.006396722609933804,0.004696541074135577,0.005425918067020324,0.005207304313003583,0.0076532533359086,0.006280217205057574,0.004805072725065884,0.0054381001911043385,0.0050907989081273464,0.007535418972041461,0.006194499350139136,0.004746820022627783,0.005404211736834269,0.0052119556694720055,0.007342719918348875,0.006205574008397276,0.004747927488453611,0.005353046815681422,0.005092127867118337,0.007208273567094319,0.006241234407988731,0.004727993103588848,0.005376082104858466,0.005110290306661743,0.0070778140928128425,0.006220857036793657,0.00474925644744458,0.07872221478989692,0.005045392809268713,0.0069539994134862095,0.006056952094572308,0.004709830664045399,0.0415755960602564,0.005160569255153969,0.006992982210554994,0.006116533756001398,0.004731979980561794,0.03408358974858706,0.004978280380224053,0.006762186332454259,0.005971898719149396,0.004653792893258941,0.025471049514353878,0.00502368647908267,0.006796739266219736,0.005995598487821896,0.004747263008958128,0.020556559165697014,0.00500353060105277,0.006623753104226731,0.005807993776928119,0.004656450811240892,0.01762709056323937,0.005022136026926512
