HitRate: 347119/3000000 0.115706
CumReqs: 3000000
CumProbs: 0.08708333333333348
