HitRate: 19405132/30000000 0.646838
CumReqs: 3160706,3636520,3353731,3406173,4391568,4354006,4356896,3340400
CumProbs: 0.1846898706311918,0.23233226145336772,0.20110268190448893,0.20681995909738488,0.305225100448408,0.3022818607609096,0.3040616108859482,0.2025473212193971
