HitRate: 2939904/3000000 0.979968
CumReqs: 3000000
CumProbs: 0.980005296495914
