HitRate: 1652515/3000000 0.550838
CumReqs: 374588,374861,374866,377047,375938,374814,373739,374147
CumProbs: 0.13912506960452814,0.13968859020456098,0.13944998761940083,0.14040904794952727,0.13965255278609878,0.13946771570429076,0.139029744820202,0.13905066977285857
