HitRate: 2509629/3000000 0.836543
CumReqs: 391430,362908,333240,346283,375763,407920,401297,381159
CumProbs: 0.2200211348352702,0.21001554564435845,0.2034404072318768,0.19933110735481271,0.2375613024980676,0.24553939571439312,0.23873668122313071,0.21473322361838892
