HitRate: 399481/30000000 0.013316
CumReqs: 30000000
CumProbs: 0.013205887530113987
