HitRate: 1165055/30000000 0.038835
CumReqs: 1875711,1874559,1874872,1873649,1877174,1873837,1875079,1876597,1876409,1875708,1874012,1873976,1874043,1874847,1874392,1875135
CumProbs: 0.005201041666666585,0.005272916666666572,0.00516666666666658,0.0051812499999999125,0.0052572916666665795,0.005224999999999909,0.005241666666666584,0.005218749999999922,0.005202083333333246,0.005305208333333241,0.0052958333333332445,0.005320833333333238,0.005209374999999919,0.005176041666666584,0.005186458333333252,0.005207291666666584
