HitRate: 2205034/3000000 0.735011
CumReqs: 3000000
CumProbs: 0.18123695262969786
