HitRate: 1742005/3000000 0.580668
CumReqs: 3000000
CumProbs: 0.10359956269791969
