HitRate: 16184197/30000000 0.539473
CumReqs: 30000000
CumProbs: 0.46087222222236013
