HitRate: 2366167/3000000 0.788722
CumReqs: 177990,199151,209243,105338,118172,147491,130385,102324,68760,85036,86232,87421,79566,93517,101531,95311,76344,63094,63422,66609,74849,68434,78759,74844,88006,75371,71264,55115,57720,67440,67799,63462
CumProbs: 0.1579790150160988,0.1791351046339765,0.18946403964871744,0.08604384395284406,0.09803036560322162,0.1273237272990046,0.11137724061206768,0.08301615344911667,0.04942816406396209,0.06623772811867695,0.06609996285370368,0.06757480606708162,0.06024305189693023,0.07435424104706631,0.08165548555807965,0.07606309649135781,0.05752171611485607,0.043630699762622294,0.043360201753770686,0.046705884684182554,0.055144793495214964,0.04899316552182068,0.05989360621340225,0.055739889114688364,0.06898894449475232,0.05567320821018084,0.05228506338303063,0.03577084541007347,0.038148397094851474,0.047239017387674914,0.047980370651469345,0.04389490712010526
