HitRate: 30408/3000000 0.010136
CumReqs: 3000000
CumProbs: 0.013315151841375618
