HitRate: 13159/3000000 0.004386
CumReqs: 186732,186897,187355,187667,187678,187531,187101,187824,187987,188379,187550,187497,187020,187619,186985,188178
CumProbs: 0.0009372521848137511,0.0007980568915848516,0.0008271930913804059,0.0009478695767730927,0.0008675577560538249,0.0006759186919950153,0.0008222767319904687,0.0007884455131376811,0.0009162005491703641,0.0007857043650173736,0.0008009855279869785,0.0008475103979199994,0.0008575913650730237,0.0008698866035543902,0.0008288518418737269,0.000881786033440804
