HitRate: 937484/3000000 0.312495
CumReqs: 23620,23448,23276,23333,23413,23687,23280,23273,23442,23562,23421,23456,23491,23301,23479,23378,23474,23696,23523,23748,23268,23207,22749,23029,22840,23124,23183,23381,23345,23382,23109,23345,23712,23727,23487,23173,22908,23406,23127,23462,23975,24004,23417,23584,23482,23933,23398,23284,23525,23683,23153,23441,23340,23146,23337,23145,23793,24225,24056,23581,23869,23652,23495,23442,23698,23374,23303,23674,23510,23451,23097,23230,23235,23639,23652,23711,23415,23618,23087,23309,23303,23634,23477,23256,23366,23262,23837,23371,23627,23380,23298,23201,23336,23456,23135,23301,23116,23335,23404,23142,23253,23048,23694,23775,24238,23955,24051,23905,23545,23126,23518,22965,22827,22976,22725,23231,23467,23890,23271,23872,23631,23556,23189,23689,23657,23311,23582,23588
CumProbs: 0.000830880573879242,0.0009126392223489594,0.0008621216834571011,0.0007740483426259016,0.0007973129986945204,0.000836198209552069,0.0007813600916760391,0.0007617513101324889,0.0007820247961351425,0.0007790336260691772,0.0008262276426655181,0.0007733836381667983,0.00077371599039635,0.0008415158452248963,0.0008122688490243468,0.0008807334083119962,0.0008159247235494156,0.0008252305859768628,0.0007700601158712812,0.000859130513391136,0.0009265980159901304,0.0008202453025335874,0.0007361601884570083,0.0008056218044333128,0.000735163131768353,0.0007826895005942458,0.0008262276426655179,0.0008129335534834502,0.0008049570999742093,0.0007717218770190397,0.0009086509955943387,0.0008790716471642377,0.0008524834688001018,0.0008637834446048596,0.0008225717681404492,0.0008016335776786925,0.0008248982337473112,0.000790001249644383,0.0007677336502644195,0.0008165894280085189,0.0008926980885758573,0.0009282597771378889,0.0008016335776786926,0.0007909983063330383,0.0008072835655810713,0.000858133456702481,0.0007677336502644194,0.000821907063681346,0.0008966863153304779,0.0008258952904359664,0.0007743806948554534,0.0008135982579425535,0.0007880071362670728,0.0007674012980348677,0.000829551164961035,0.000811936496794795,0.0007870100795784178,0.0008740863637209625,0.0007993071120718305,0.0007900012496443831,0.0008561393433251708,0.0008903716229689956,0.000826227642665518,0.0008491599465045852,0.0007863453751193146,0.0008634510923753079,0.0007644101279689024,0.0008664422624412734,0.0008119364967947953,0.0008501570031932402,0.0007896688974148313,0.0007806953872169358,0.0007993071120718304,0.0008747510681800658,0.0008458364242090681,0.0008674393191299286,0.0007820247961351425,0.0008162570757789672,0.0007793659782987287,0.0008122688490243467,0.0008318776305678969,0.0008435099586022064,0.0007597571967551788,0.0008072835655810712,0.0008617893312275495,0.0007507836865572827,0.0008710951936549971,0.0008205776547631392,0.0008504893554227918,0.0008119364967947952,0.0008594628656206876,0.0008734216592618588,0.0008295511649610349,0.0008312129261087935,0.0007497866298686279,0.0008142629624016569,0.0007733836381667983,0.0007255249171113542,0.0008212423592222427,0.0006996014432063216,0.0006567280055941527,0.0007826895005942457,0.000814262962401657,0.0007737159903963499,0.0007787012738396255,0.0008528158210296539,0.0007800306827578322,0.0007840189095124528,0.0008335393917156555,0.0008694334325072389,0.0008082806222697264,0.000763745423509799,0.0008019659299082442,0.0008036276910560027,0.0007810277394464872,0.000779365978298729,0.0007929924197103484,0.0008062865088924163,0.0008674393191299287,0.0007900012496443833,0.0007620836623620406,0.0008508217076523436,0.0007933247719398999,0.0007787012738396256,0.0008926980885758575,0.0009159627446444762,0.0008807334083119964,0.0008468334808977232
