HitRate: 2786180/3000000 0.928727
CumReqs: 3000000
CumProbs: 0.8833778142483839
