HitRate: 598732/3000000 0.199577
CumReqs: 375068,375031,374376,374603,375197,374384,375542,375799
CumProbs: 0.047916666666666725,0.05111111111111116,0.049027777777777844,0.048333333333333395,0.04958333333333343,0.05291666666666668,0.048472222222222264,0.04958333333333337
