HitRate: 1904564/3000000 0.634855
CumReqs: 3000000
CumProbs: 0.2230288685405778
