HitRate: 36814/3000000 0.012271
CumReqs: 3000000
CumProbs: 0.008083333333333359
