HitRate: 2723214/3000000 0.907738
CumReqs: 25563,22713,25111,19981,21917,25315,25715,21939,18423,24356,24399,24068,21719,22300,23402,23569,24723,21191,23927,24571,28211,21705,21309,23775,25486,26709,21536,25226,20574,23752,22014,21549,26219,23758,25766,23334,24253,21142,22592,20084,25685,24008,23904,21217,25616,22473,24065,25210,23286,22818,24042,23272,24456,24051,23665,23360,24917,21957,23085,24972,23835,22959,23066,22356,21631,23818,24447,25077,24952,23703,20353,22461,24341,22985,22447,25160,25022,24430,23277,23343,22427,26424,23120,22914,20491,23910,22360,22114,24693,27821,21776,23620,24149,24682,21699,22777,21903,23812,23687,21289,23978,25015,25567,25604,20943,23022,21221,21610,24449,23493,25277,23873,23629,24822,21612,21228,23394,24546,24918,22333,21080,23963,22994,24334,24315,24329,21499,21666
CumProbs: 0.004672451394484898,0.00418844737744236,0.0044390355281844875,0.004169049056128566,0.003955985526944268,0.004518854850311743,0.004946253929750093,0.004077463539106064,0.0028855797967437527,0.004274944810185835,0.0042768528417904735,0.0046225245674969394,0.004077145533838624,0.004227880030604827,0.004693439742135889,0.004259998562616189,0.00478216321175144,0.004129934408233539,0.004320101558162208,0.004454299781021573,0.005270619302538124,0.003936905210897915,0.003988104058955629,0.004511222723893199,0.00485053434425088,0.004857848465401982,0.004217703862046771,0.0052286426072361445,0.0038984265735377637,0.004726512289949576,0.003915916863246923,0.003956939542746585,0.005116704753097528,0.004616164462148151,0.004599628188241309,0.004701389873821871,0.005311323976770354,0.0038774382258867737,0.004866434607622844,0.004185267324767966,0.004439353533451928,0.004164914987651855,0.0047783471485421695,0.004218975883116529,0.005133241027004372,0.004495958471056115,0.004557969498206766,0.004723332237275179,0.004088593723466437,0.004074601491699109,0.004331549747790023,0.004669271341810506,0.004833044054541719,0.004767216964181796,0.0041137161395941365,0.004296251163104265,0.004346495995359665,0.0038227413198872215,0.0036987192655859127,0.0048588024812042975,0.004564329603555553,0.003656424565016494,0.004524896950393088,0.004338227858406247,0.0037992089300967176,0.004678175489298803,0.0037311558028647195,0.004737642474309944,0.0046807195314383186,0.00456242157195092,0.004174455145675032,0.004261906594220827,0.0043474500111619855,0.00480728562787914,0.004377342506301274,0.004481012223486468,0.004306427331662321,0.004676903468229047,0.004410097048847516,0.004516310808172227,0.004155374829628678,0.004616800472683031,0.004467656002254022,0.004360170221859553,0.003910510773700455,0.004345859984824791,0.0040218126173041935,0.004418047180533494,0.0045913600512878915,0.005176171738108668,0.004361760248196751,0.004326779668778431,0.005119566800504487,0.004570371703636899,0.003913690826374848,0.004406916996173124,0.0038478637360149248,0.004124846323954506,0.005028617294016858,0.0035403526424011692,0.004820323843844149,0.004843856233634654,0.0046428769046130474,0.005454744352385452,0.0034277787777276746,0.004446031644068149,0.003922276968595708,0.004187811366907482,0.004690577694728937,0.0040984518867570536,0.004694393757938209,0.004392606759138357,0.004598674172438992,0.004343951953220154,0.004314059458080866,0.0043830666011151825,0.004585953961741422,0.004458115844230844,0.004771987043193387,0.004088593723466436,0.004076827528571184,0.004170321077198323,0.003995736185374172,0.004891875029017979,0.004774213080065457,0.004678175489298805,0.003970295763979034,0.004023084638373949
