HitRate: 2092944/3000000 0.697648
CumReqs: 380857,398890,350103,355127,374506,373730,372291,394496
CumProbs: 0.14019734296830824,0.15740026142815955,0.12245538707815078,0.1345925522939555,0.13234118039541848,0.12135600375827947,0.1297442119232815,0.10927210969062118
