HitRate: 2227415/3000000 0.742472
CumReqs: 3000000
CumProbs: 0.7419146262732212
