HitRate: 2758477/3000000 0.919492
CumReqs: 432170,114945,81175,121073,151633,169224,71318,66414,68220,120860,67675,73650,98425,110117,95317,79791,54750,55126,79757,65275,79249,60070,96877,67836,100606,55843,58597,51070,62718,88491,52243,49485
CumProbs: 0.1417717688022732,0.035996020651858106,0.024823880883247607,0.037976705231584765,0.048186969432733644,0.05412512772568882,0.02161103669810006,0.019869172936836973,0.02052151035439582,0.03804322746709145,0.020222759594034658,0.022298433131669234,0.030482465997249384,0.034448629552054175,0.029531377819329345,0.024299194241931252,0.016033956305079415,0.01604684124258746,0.024325563416366373,0.019404416237418533,0.024226679012234922,0.01775484458667825,0.030038684777495356,0.02035969951127144,0.03131279534224519,0.016371961177383675,0.0171941999802232,0.014660362036779043,0.018573487593003882,0.027162946515523406,0.015052303856791448,0.014251639833035203
