HitRate: 2129411/3000000 0.709804
CumReqs: 317607,276023,250419,551337,370446,428861,349050,456257
CumProbs: 0.06961988907875646,0.053764781657261354,0.04724976299803247,0.14818317334245754,0.08795458074676159,0.10558533251267976,0.0793167692982448,0.11922919744533311
