HitRate: 16178666/30000000 0.539289
CumReqs: 468983,469082,468326,468723,468294,468746,468132,469484,468732,468253,469494,468296,467825,468086,467824,467989,469013,469757,468078,470032,469638,468668,468504,468636,468264,467542,467667,468710,467413,468677,468729,469313,468528,467891,468300,468115,466966,468995,471359,469430,469824,468632,468640,469826,469412,469672,469846,468089,469651,468369,468669,468442,469675,469125,467668,469198,468441,469292,467721,468657,468776,470238,468875,468768
CumProbs: 0.007164930555555396,0.007212152777777697,0.007193402777777698,0.00721145833333323,0.007200694444444377,0.007207291666666557,0.007156944444444295,0.007190277777777677,0.007208333333333235,0.007202777777777652,0.007198263888888757,0.007217013888888761,0.007179513888888754,0.007200347222222142,0.007223958333333243,0.007191666666666541,0.007177083333333202,0.0072041666666665585,0.007199305555555434,0.007214930555555475,0.007199652777777676,0.007182638888888791,0.007192708333333224,0.007196180555555484,0.0071934027777776355,0.007189236111111013,0.007185416666666541,0.007205208333333213,0.007208680555555422,0.007212152777777668,0.007215624999999888,0.007161458333333187,0.007225694444444312,0.007181944444444333,0.007192708333333218,0.007214583333333203,0.007184374999999896,0.007208680555555451,0.007205555555555442,0.007158680555555451,0.007189583333333208,0.007182986111111001,0.007190972222222122,0.007224305555555434,0.007184374999999878,0.0072086805555554925,0.007205555555555477,0.0071822916666665695,0.0072204861111110135,0.007186458333333244,0.007169444444444322,0.0071996527777776625,0.00720555555555546,0.007207986111111034,0.007189930555555442,0.007205208333333247,0.007175347222222081,0.0071749999999998915,0.007188541666666567,0.007222569444444368,0.007201041666666559,0.007193402777777669,0.007214930555555492,0.007220138888888763
