HitRate: 1878985/3000000 0.626328
CumReqs: 3000000
CumProbs: 0.17063148877506482
