HitRate: 18831631/30000000 0.627721
CumReqs: 1876193,1873870,1871384,1873360,1874923,1873698,1875792,1879107,1875096,1875324,1874674,1875126,1874192,1874456,1875111,1877694
CumProbs: 0.03930932907329655,0.03915518343080529,0.03924145451487411,0.03914883726387194,0.03937679325233917,0.03910107672904225,0.039264934663261995,0.03923061216944439,0.039096535411939144,0.0392442983599475,0.03909480531858599,0.03946599092401982,0.039191314593874114,0.03925294517222407,0.03913280418699525,0.039094776968068456
