HitRate: 27708419/30000000 0.923614
CumReqs: 3753722,3749091,3750046,3747623,3749078,3752576,3748603,3749261
CumProbs: 0.10958333333333281,0.10959999999999984,0.10955000000000106,0.10951944444444381,0.10955555555555509,0.1095833333333332,0.10942777777777742,0.109566666666668
