HitRate: 349562/30000000 0.011652
CumReqs: 30000000
CumProbs: 0.00832187500000047
