HitRate: 5482751/30000000 0.182758
CumReqs: 234142,235366,234498,234273,235300,234710,234111,234533,234363,235069,233977,234475,234489,235056,233740,233532,234316,234479,234003,234383,233725,233988,234032,234151,233921,234097,234445,234223,234426,233225,234184,235103,235859,234704,234222,234733,235114,235242,233996,234252,233088,234591,234054,234690,235646,234589,234815,234986,234468,234406,234414,234409,234011,234255,234660,233987,234045,234644,234080,233672,234223,234887,234652,234190,234614,234779,234844,234695,234325,234261,234599,234583,234406,234749,234735,234298,234101,234951,234124,234734,234417,234434,234268,233572,233302,234625,235164,233416,234734,233881,233652,234902,234383,233961,234861,234442,233287,234459,234515,234518,234684,234574,234568,234198,234263,234325,233655,234352,234025,233489,234129,234326,235115,233837,234182,234982,234302,234199,233986,235002,234969,233771,233676,235263,234962,233752,234130,233774
CumProbs: 0.003524305555555465,0.0035135416666665516,0.0035225694444443543,0.0035335069444443618,0.003516840277777685,0.003530034722222127,0.0035163194444443532,0.0035249999999999062,0.003518923611111021,0.003525694444444349,0.0035262152777776868,0.003534201388888816,0.003511284722222104,0.0035262152777777024,0.003534722222222125,0.003530555555555475,0.003524305555555454,0.003510416666666575,0.0035378472222221354,0.003509895833333233,0.0035295138888888065,0.0035309027777777114,0.0035131944444443397,0.0035267361111110387,0.003516145833333212,0.00354027777777769,0.003533854166666591,0.0035369791666665816,0.003542881944444372,0.0035352430555554877,0.0035177083333332486,0.003521354166666575,0.003531249999999918,0.0035376736111110397,0.0035249999999999054,0.003512326388888792,0.003517534722222115,0.0035229166666665584,0.003539756944444363,0.0035317708333332367,0.0035253472222221446,0.0035395833333332605,0.0035234374999999095,0.0035166666666665617,0.0035258680555554645,0.0035118055555554556,0.0035324652777777134,0.003529513888888797,0.0035196180555554547,0.003530034722222128,0.0035230902777777127,0.0035215277777776743,0.0035473958333332393,0.0035315972222221166,0.003503645833333233,0.003519618055555467,0.0035140624999999014,0.003525173611111018,0.0035175347222221177,0.00353124999999991,0.0035303819444443742,0.0035237847222221413,0.003543402777777692,0.003524131944444343,0.0035282986111110234,0.003529513888888809,0.0035159722222221305,0.0035286458333332505,0.003532465277777703,0.003516145833333243,0.0035302083333332472,0.0035333333333332456,0.0035239583333332523,0.0035350694444443546,0.003522395833333252,0.003533506944444347,0.0035380208333332316,0.003536284722222148,0.003526041666666589,0.0035203124999998938,0.0035281249999999263,0.0035239583333332397,0.0035157986111109944,0.0035307291666665692,0.0035376736111110262,0.0035402777777776852,0.003524131944444357,0.0035192708333332307,0.003519791666666576,0.003549479166666594,0.003527777777777687,0.0035286458333332552,0.0035335069444443587,0.0035265624999999204,0.0035421874999999126,0.0035163194444443324,0.003530555555555457,0.00353680555555547,0.0035380208333332668,0.0035267361111110144,0.003523090277777652,0.003527083333333233,0.0035279513888887997,0.0035314236111110213,0.0035361111111110203,0.003535069444444362,0.0035112847222221254,0.003537673611111016,0.003539583333333256,0.003522916666666583,0.003542881944444358,0.003503298611111001,0.003545833333333253,0.0035192708333332485,0.0035274305555554495,0.003511805555555452,0.003532291666666579,0.003529166666666579,0.0035154513888888,0.003541493055555476,0.0035418402777776838,0.0035263888888888016,0.003520138888888813,0.0035256944444443396,0.0035472222222221405,0.003509027777777681,0.0035348958333332385,0.003518229166666583
