HitRate: 3317587/30000000 0.110586
CumReqs: 234531,234485,234773,234696,234788,234222,234569,234765,234122,234819,233963,234595,234211,234643,232816,234710,234601,233690,233775,234539,233710,234041,234658,234242,234487,234165,233470,233883,233851,234825,234973,235035,235412,233879,234278,235128,235034,234738,233856,233858,234228,234882,234016,234818,235607,234572,234918,234204,234627,234442,234783,233370,235189,234488,234146,234325,233736,234210,233964,234299,234274,234475,234738,233845,235202,234848,234345,235080,233685,234841,234310,234529,234570,234776,233907,234129,234116,235493,233934,234964,234561,233304,233400,235069,234336,234168,234516,233698,234348,234435,234296,234363,234821,233972,234832,233600,233885,234857,234376,235348,234484,234112,234749,234087,233898,234204,233775,234172,234266,234654,233841,234189,234143,234383,234399,234288,234422,234386,234683,234817,234468,233582,235138,234699,234146,233720,234227,234162
CumProbs: 0.0006928819444444723,0.0006963541666666947,0.0006987847222222512,0.0006972222222222511,0.0006934027777778056,0.0006975694444444725,0.0006970486111111393,0.0006887152777778054,0.0007020833333333616,0.000698090277777806,0.0006982638888889163,0.0007034722222222506,0.0006940972222222514,0.0006998263888889167,0.00070034722222225,0.0006942708333333607,0.0006921875000000289,0.0006946180555555832,0.0007001736111111404,0.0006946180555555851,0.0006944444444444735,0.0006984375000000286,0.0006958333333333605,0.0007006944444444744,0.0007102430555555841,0.0006975694444444732,0.0007019097222222512,0.0006977430555555826,0.0007005208333333608,0.0007048611111111396,0.0007000000000000305,0.0007024305555555846,0.0007003472222222498,0.0007000000000000283,0.0007029513888889187,0.000692534722222249,0.0007013888888889151,0.0007038194444444712,0.0006977430555555835,0.0006980902777778085,0.0006998263888889181,0.0006994791666666957,0.0007012152777778058,0.0006944444444444716,0.0006965277777778061,0.0006956597222222509,0.0006954861111111386,0.0006996527777778062,0.0006996527777778047,0.0006953125000000279,0.0006958333333333613,0.0006928819444444735,0.0007015625000000286,0.00069531250000003,0.0006937500000000275,0.0006977430555555826,0.0006885416666666936,0.000692534722222249,0.0006932291666666945,0.0007104166666666949,0.0006914930555555842,0.0006980902777778053,0.0007000000000000281,0.000704513888888917,0.0006921875000000271,0.0006963541666666951,0.000692708333333361,0.0006987847222222507,0.0006963541666666964,0.0007019097222222514,0.0007052083333333622,0.0006956597222222516,0.0006963541666666947,0.0007055555555555837,0.0007015625000000287,0.0006960069444444728,0.0006956597222222511,0.0007001736111111414,0.0006993055555555828,0.0006953125000000297,0.0006956597222222491,0.0006982638888889173,0.0007029513888889168,0.0007036458333333604,0.0006972222222222502,0.0006998263888889183,0.0006923611111111379,0.0006956597222222506,0.000697395833333362,0.0006996527777778056,0.0006958333333333623,0.000695833333333362,0.000708333333333361,0.0006963541666666943,0.0006986111111111379,0.0006989583333333607,0.0007072916666666958,0.0006951388888889168,0.0007008680555555832,0.0007020833333333615,0.0006980902777778061,0.0007067708333333606,0.0006975694444444719,0.000701388888888918,0.000702256944444474,0.0007013888888889174,0.0007071180555555846,0.0006961805555555839,0.0006895833333333616,0.0006881944444444722,0.0007010416666666965,0.0006977430555555845,0.0007032986111111393,0.0006904513888889188,0.0007048611111111373,0.0007022569444444716,0.000700520833333362,0.0006954861111111405,0.0007022569444444732,0.0007024305555555832,0.0006961805555555829,0.0007013888888889164,0.0006963541666666956,0.0006970486111111395,0.0007046875000000274,0.0007019097222222491,0.0006963541666666947,0.0007038194444444722
