HitRate: 30364/3000000 0.010121
CumReqs: 375338,374534,375558,374780,375997,374583,374722,374488
CumProbs: 0.0014167933643180546,0.001356511371148903,0.0013868188925764894,0.0013341970421857385,0.001368501159845531,0.0013288682472094593,0.001391814637866749,0.0013671689611014616
