HitRate: 2767502/3000000 0.922501
CumReqs: 3000000
CumProbs: 0.9340829806496407
