HitRate: 2951390/3000000 0.983797
CumReqs: 186336,190576,182559,192214,183668,183229,195620,194570,186032,182414,186147,188686,187839,186914,187446,185750
CumProbs: 0.05579570481889623,0.05689984102785042,0.05531077132452675,0.058058076000289394,0.055521952039816705,0.0554760006804712,0.058385275750522575,0.05866880541456928,0.05690179640484388,0.054476151244499685,0.0565977352823662,0.05724626865185232,0.05672353120227657,0.05640708602550725,0.05598472459492735,0.05576213751384245
