HitRate: 3481701/30000000 0.116057
CumReqs: 235433,234947,234576,233925,234198,234812,234320,234060,234539,234190,233659,233338,234173,233761,233939,234901,233531,234952,234823,234743,234235,234727,234999,234405,234064,234339,234041,233483,233952,234567,234622,234053,234761,235076,234901,234543,234693,234812,235460,234424,234141,234474,234198,234237,235494,234809,233919,234421,234238,235078,234586,234038,234451,234628,234548,234260,234731,234356,234117,234593,234438,236063,233287,233676,235133,234280,233517,234447,234558,234394,233780,234496,234186,234043,234522,233818,234900,234416,233636,234142,234316,234144,234348,234420,233699,234625,235120,234064,233217,234631,233896,234753,233734,234668,234927,234850,234221,234873,235196,234229,234826,235056,234513,234347,234019,234587,233466,234312,234150,234342,233506,233986,234289,233874,233887,234260,234100,235258,234858,234249,234459,234162,234417,233958,234053,234664,234156,234289
CumProbs: 0.0006555989583333221,0.0006516927083333215,0.0006497395833333224,0.0006549479166666564,0.0006621093749999889,0.000651822916666656,0.0006567708333333231,0.0006499999999999898,0.0006608072916666549,0.0006557291666666554,0.0006501302083333221,0.0006552083333333224,0.0006575520833333218,0.0006585937499999896,0.0006572916666666546,0.0006584635416666556,0.0006453124999999917,0.0006579427083333229,0.0006570312499999893,0.0006496093749999903,0.0006565104166666559,0.000653906249999989,0.0006580729166666546,0.0006572916666666558,0.0006576822916666555,0.0006585937499999893,0.0006536458333333233,0.0006553385416666551,0.0006605468749999888,0.0006548177083333225,0.0006437499999999903,0.0006636718749999882,0.0006548177083333223,0.0006626302083333216,0.0006623697916666557,0.0006622395833333221,0.000646354166666656,0.0006591145833333225,0.0006601562499999883,0.000652343749999989,0.000661197916666655,0.0006606770833333218,0.0006492187499999896,0.000665624999999988,0.0006489583333333225,0.0006565104166666568,0.0006596354166666551,0.0006588541666666548,0.0006496093749999894,0.0006597656249999896,0.0006496093749999909,0.0006524739583333234,0.00066328124999999,0.0006511718749999895,0.0006513020833333234,0.0006552083333333221,0.0006518229166666555,0.0006486979166666564,0.0006436197916666568,0.0006460937499999898,0.0006488281249999878,0.0006587239583333217,0.0006638020833333209,0.0006486979166666554,0.0006544270833333218,0.0006592447916666558,0.0006583333333333221,0.000652083333333322,0.0006441406249999899,0.0006604166666666554,0.0006516927083333222,0.0006516927083333229,0.0006621093749999883,0.0006613281249999887,0.0006615885416666557,0.0006519531249999889,0.0006580729166666565,0.0006591145833333217,0.0006595052083333227,0.0006570312499999879,0.0006575520833333228,0.0006600260416666545,0.000665624999999989,0.0006541666666666561,0.0006614583333333223,0.0006529947916666552,0.0006511718749999906,0.0006566406249999879,0.0006579427083333228,0.000657682291666656,0.0006585937499999899,0.0006565104166666554,0.0006509114583333229,0.0006544270833333219,0.0006549479166666549,0.0006584635416666557,0.0006602864583333217,0.000662109374999988,0.0006561197916666557,0.0006569010416666563,0.0006498697916666555,0.0006549479166666551,0.0006550781249999891,0.0006576822916666556,0.0006648437499999888,0.0006520833333333229,0.0006574218749999889,0.0006611979166666551,0.000664973958333322,0.0006562499999999894,0.0006583333333333215,0.0006513020833333224,0.0006596354166666554,0.0006566406249999901,0.0006558593749999892,0.000659895833333322,0.0006591145833333231,0.0006589843749999886,0.0006528645833333217,0.0006490885416666564,0.000652994791666656,0.0006632812499999884,0.0006613281249999883,0.0006601562499999883,0.0006665364583333213,0.0006576822916666564,0.0006566406249999888,0.000658072916666656
