HitRate: 2204473/3000000 0.734824
CumReqs: 91932,95281,91250,90940,93379,90274,96349,93734,90254,95444,95366,90941,96627,97445,103009,99538,90839,93796,92092,95755,94827,92974,92484,96133,90475,90756,92681,89045,90246,99117,94560,92457
CumProbs: 0.005886152710398638,0.006069065070660184,0.005487370807846433,0.005135717675595854,0.0058070554735287876,0.005551307740982905,0.005591515503058422,0.005076724319763751,0.005153844125711861,0.0059748075300569345,0.006034130457709331,0.00510309006538704,0.006333052098713343,0.005521975848977,0.005761904134148906,0.00637325986078885,0.005089248048934816,0.0051442865429234255,0.005462323349504315,0.005906256591436398,0.006178153343176536,0.005842978801940512,0.006202871229698365,0.0055427388736553375,0.00512747838008858,0.0059850242564859655,0.006444776945792016,0.006430605357519505,0.004757369225901701,0.005751687407719879,0.005689068761864573,0.005658418582577504
