HitRate: 3964657/30000000 0.132155
CumReqs: 30000000
CumProbs: 0.13200079713627125
