HitRate: 331793/3000000 0.110598
CumReqs: 46934,46990,46788,46926,46886,46569,46788,46929,46628,46846,46866,46919,46842,46828,46720,47011,47037,46253,47121,47271,47088,46766,46910,46693,46686,46840,46723,46600,47033,46989,46675,46803,46874,46705,46759,46793,46553,47471,46886,47004,46571,46753,47194,46756,46776,47098,46986,46627,47057,46941,47158,47011,46452,47085,46944,46856,46538,47098,47426,47115,47152,46583,47167,46653
CumProbs: 0.0014236111111111112,0.001388888888888889,0.0013194444444444445,0.0015625,0.0014236111111111112,0.0012847222222222223,0.0014930555555555556,0.0014930555555555556,0.0014930555555555556,0.0013194444444444445,0.001388888888888889,0.0014236111111111112,0.0012847222222222223,0.0012847222222222223,0.0015972222222222223,0.0012847222222222223,0.0015972222222222223,0.0013541666666666667,0.001388888888888889,0.0013194444444444445,0.0014236111111111112,0.001388888888888889,0.0014236111111111112,0.0012152777777777778,0.0013541666666666667,0.0013194444444444445,0.0013541666666666667,0.0014236111111111112,0.0013541666666666667,0.0014236111111111112,0.0014236111111111112,0.0013194444444444445,0.0015277777777777779,0.0014583333333333334,0.0013541666666666667,0.0013541666666666667,0.0016319444444444445,0.0013194444444444445,0.0013541666666666667,0.0014583333333333334,0.001388888888888889,0.0014930555555555556,0.0014583333333333334,0.0014583333333333334,0.0014236111111111112,0.0014583333333333334,0.001701388888888889,0.001388888888888889,0.0014583333333333334,0.001388888888888889,0.001388888888888889,0.0015277777777777779,0.001388888888888889,0.0012847222222222223,0.0014583333333333334,0.0013541666666666667,0.0014236111111111112,0.001388888888888889,0.0014236111111111112,0.001388888888888889,0.0014583333333333334,0.0014236111111111112,0.0014583333333333334,0.001388888888888889
