HitRate: 505329/3000000 0.168443
CumReqs: 23322,23510,23321,23446,23381,23420,23331,23653,23498,23378,23379,23438,23500,23419,23389,23214,23575,23240,23790,23507,23174,23360,23311,23214,23445,23565,23549,23386,23281,23291,23617,23208,23339,23131,23572,23412,23517,23516,23456,23726,23559,23445,23555,23294,23358,23455,23537,23637,23531,23382,23034,23135,23592,23483,23227,23471,23506,23425,23517,23522,23685,23451,23411,23446,23336,23444,23430,23764,23473,23332,23272,23452,23414,23473,23410,23622,23326,23583,23214,23758,23360,23509,23473,23615,23404,23553,23405,23216,23293,23711,23347,23501,23309,23310,23350,23522,23716,23524,23424,23772,23560,23294,23444,23547,23400,23483,23473,23528,23435,23505,23572,23447,23250,23564,23345,23260,23413,23374,23543,23264,23753,23297,23341,23327,23440,23158,23374,23553
CumProbs: 0.00647161872889391,0.006424576444489479,0.006388808757173713,0.006441877119332431,0.00643993322328266,0.00641544013305556,0.006425548392514364,0.006458594625360452,0.006495139871096125,0.0064428490673573155,0.006426714730144225,0.006467342157584415,0.006452374158001187,0.006437017379208006,0.006422049379624777,0.00646189924864506,0.006479394313092989,0.0064442097945921544,0.006479199923488012,0.006404165535966895,0.006439738833677684,0.006442654677752338,0.006462676807064968,0.006434684703948283,0.006481143819537782,0.006434295924738327,0.006469091664029209,0.006440905171307546,0.006459566573385336,0.006457039508520636,0.006438766885652799,0.006449263924321557,0.00645548439168082,0.0064589834045704056,0.0064418771193324315,0.006440905171307546,0.006484448442822391,0.006407664548856481,0.006484059663612437,0.00649164085820654,0.006465009482324692,0.006453734885236027,0.006443626625777223,0.006471229949683956,0.006455873170890774,0.0064774504170432195,0.006446542469851878,0.006418550366735192,0.00645801145654552,0.0064449873530120615,0.006428853015798972,0.006442460288147361,0.006463065586274922,0.006472201897708841,0.006446348080246901,0.006413301847400813,0.006487558676502023,0.006480755040327828,0.006466564599164509,0.006425354002909387,0.00649416792307124,0.00646967483284414,0.006446153690641924,0.006473757014548656,0.006440710781702569,0.006402221639917124,0.006473173845733725,0.006477256027438242,0.006489113793341839,0.006441877119332431,0.006455873170890774,0.0064099972241162045,0.00648716989729207,0.006454318054050958,0.006451207820371325,0.006454318054050958,0.00641602330187049,0.006450819041161372,0.0064267147301442255,0.006466953378374461,0.006445376132222016,0.006505831299369861,0.006465398261534646,0.006472590676918795,0.00649552865030608,0.006453734885236027,0.006432352028688558,0.0064436266257772235,0.006473368235338702,0.006450624651556396,0.006485614780452253,0.006434295924738327,0.006415828912265515,0.006437794937627914,0.006435851041578144,0.0064593721837803595,0.006429436184613904,0.006501360338455389,0.006419911093970031,0.006475117741783496,0.0064438210153822005,0.006478616754673081,0.006478811144278059,0.006462288027855014,0.006520216130138158,0.006477839196253173,0.006537516804981109,0.006499805221615573,0.006481726988352712,0.006498444494380735,0.006436434210393075,0.006430019353428834,0.006402416029522102,0.006411357951351043,0.00645937218378036,0.006415828912265515,0.006435267872763213,0.0064272978989591565,0.006465009482324692,0.0064401276128876386,0.0064424602881473616,0.006428658626193996,0.006397167510187722,0.006448486365901647,0.006464620703114738,0.006494945481491148,0.006428464236589018,0.006448291976296672
