HitRate: 2257404/3000000 0.752468
CumReqs: 369215,381155,379744,371482,382369,376325,359727,379983
CumProbs: 0.02992127007645561,0.028851283950858037,0.02991282196249704,0.02883666221516058,0.029787075035498458,0.03007918482198866,0.028616686324778057,0.029131371421330342
