HitRate: 2810411/3000000 0.936804
CumReqs: 3000000
CumProbs: 0.8634973958318026
