HitRate: 333094/30000000 0.011103
CumReqs: 234686,234563,234799,234674,234712,234138,234577,234828,234192,234857,234015,234571,234289,234772,232851,234602,234706,233669,233790,234499,233781,234165,234553,234413,234477,234114,233402,233819,233792,234749,234918,234948,235416,234026,234290,235135,235069,234775,233897,233974,234327,234977,234029,234742,235578,234642,234901,234134,234514,234464,234831,233323,235134,234538,234151,234525,233685,234294,233975,234328,234273,234322,234507,233912,235194,234849,234431,234962,233638,234783,234247,234551,234585,234652,233887,234184,234151,235359,233989,235077,234593,233290,233306,235020,234467,234294,234575,233576,234213,234551,234297,234223,234800,233944,234806,233758,233819,234878,234358,235311,234661,234165,234618,234146,233785,234165,233737,234233,234404,234624,233849,234246,234025,234344,234370,234183,234398,234386,234658,234789,234476,233464,235175,234646,234191,233706,234323,234006
CumProbs: 7.065972222222198e-05,6.77083333333331e-05,7.204861111111086e-05,7.013888888888864e-05,6.874999999999975e-05,6.927083333333309e-05,7.187499999999975e-05,6.996527777777753e-05,7.048611111111086e-05,7.187499999999975e-05,6.805555555555532e-05,6.927083333333308e-05,6.979166666666641e-05,6.892361111111087e-05,6.996527777777753e-05,6.979166666666645e-05,6.80555555555553e-05,7.031249999999976e-05,7.204861111111086e-05,6.805555555555532e-05,6.788194444444421e-05,6.961805555555531e-05,6.892361111111088e-05,6.80555555555553e-05,7.135416666666641e-05,7.11805555555553e-05,6.822916666666642e-05,6.857638888888866e-05,7.065972222222198e-05,6.822916666666643e-05,7.048611111111085e-05,6.996527777777753e-05,7.170138888888864e-05,6.979166666666642e-05,7.031249999999976e-05,7.170138888888864e-05,7.065972222222198e-05,6.892361111111086e-05,6.718749999999977e-05,6.909722222222197e-05,6.961805555555531e-05,7.083333333333308e-05,6.77083333333331e-05,7.152777777777752e-05,7.187499999999975e-05,6.840277777777754e-05,7.031249999999976e-05,7.083333333333307e-05,7.170138888888863e-05,7.083333333333308e-05,6.874999999999977e-05,6.857638888888865e-05,6.996527777777753e-05,6.927083333333309e-05,6.840277777777754e-05,6.822916666666643e-05,6.961805555555532e-05,6.979166666666643e-05,6.805555555555533e-05,7.013888888888863e-05,6.840277777777754e-05,7.187499999999974e-05,6.80555555555553e-05,7.083333333333308e-05,7.118055555555531e-05,6.874999999999975e-05,6.979166666666643e-05,6.78819444444442e-05,7.065972222222198e-05,7.048611111111086e-05,6.9097222222222e-05,6.9097222222222e-05,6.822916666666643e-05,6.805555555555532e-05,7.187499999999975e-05,6.979166666666643e-05,7.065972222222197e-05,6.944444444444421e-05,6.597222222222197e-05,7.187499999999973e-05,6.857638888888866e-05,7.239583333333309e-05,6.718749999999977e-05,7.100694444444419e-05,7.031249999999976e-05,6.78819444444442e-05,6.649305555555532e-05,6.874999999999977e-05,6.927083333333309e-05,6.961805555555531e-05,6.822916666666643e-05,6.961805555555531e-05,6.857638888888864e-05,6.961805555555531e-05,6.840277777777754e-05,6.996527777777753e-05,6.927083333333309e-05,6.979166666666642e-05,6.788194444444422e-05,6.99652777777775e-05,6.961805555555531e-05,7.013888888888864e-05,6.701388888888865e-05,6.909722222222197e-05,6.805555555555532e-05,7.013888888888864e-05,7.170138888888864e-05,6.92708333333331e-05,6.996527777777753e-05,6.909722222222198e-05,6.840277777777755e-05,6.892361111111087e-05,6.979166666666641e-05,6.961805555555531e-05,6.927083333333309e-05,6.857638888888865e-05,7.0659722222222e-05,6.631944444444422e-05,6.857638888888864e-05,7.239583333333309e-05,6.631944444444422e-05,6.857638888888865e-05,6.805555555555529e-05,6.909722222222198e-05,6.979166666666641e-05,6.874999999999975e-05,6.718749999999976e-05,6.77083333333331e-05
