HitRate: 1345064/3000000 0.448355
CumReqs: 23642,23820,23260,23023,23585,23534,23093,23420,23286,23712,23535,23120,23448,23302,23655,23379,23479,23459,23423,23780,23434,23329,22834,22672,23184,22888,23276,23360,23356,23351,23281,23261,23934,23461,23482,23223,22938,23201,23029,23828,24001,23737,23386,23497,23669,23821,23458,23360,23197,23632,23535,23552,23281,22977,23291,23268,23888,23882,23998,23871,23868,23544,23596,23406,23381,23274,23577,23734,23238,23569,23236,23287,23374,23790,23343,23892,23449,23317,23178,23191,23263,23724,23412,23212,23489,23426,23808,23714,23482,23303,23185,23297,23396,23342,23093,23386,23185,23356,23411,23087,23416,23169,23634,23760,24263,23990,24120,23612,23559,23311,23550,23073,22938,22596,23136,23219,23343,23631,23461,23505,23602,23468,23720,23503,23694,23307,23583,23444
CumProbs: 0.004208169558056691,0.004245989150052355,0.004137134498308313,0.004028937578598977,0.0040447231474319495,0.00407563655306319,0.00399078912058596,0.004038803559119586,0.0039315932374623126,0.004228559251132614,0.00405656232405668,0.0042061963619525675,0.00421277368229964,0.004077280883149957,0.0040868179976532104,0.004105892226659721,0.004073992222976418,0.004128255115839765,0.003929620041358188,0.004118389135319156,0.004139765426447139,0.004064455108473163,0.004019729330113075,0.003856282919488334,0.003923700453045826,0.003994735512794202,0.004046367477518718,0.003983554068204179,0.004078925213236725,0.004124966455666228,0.004152262335106578,0.004094710782069696,0.004115429341162973,0.004179229348529574,0.003969412829457976,0.0039269891132193615,0.003999339637037152,0.004121020063457988,0.003914163338542572,0.0041877798649807675,0.004208498424074044,0.00412595305371829,0.004048669539640195,0.004108194288781196,0.00418810873099812,0.004306171631228064,0.004102274700468833,0.004051629333796375,0.004008876751540408,0.004128583981857118,0.003978621077943874,0.004069059232716115,0.0039029818939525468,0.003880619004772503,0.004044394281414596,0.0040618241803343355,0.004111154082937375,0.00398618499634301,0.004185148936841937,0.004119704599388572,0.0042565128626076715,0.0041262819197356426,0.004117402537267096,0.004178242750477511,0.004082871605444966,0.004111154082937379,0.004124637589648875,0.004109838618867962,0.0041177314032844504,0.004082542739427616,0.004089120059774686,0.004132530374065362,0.004089777791809393,0.004115758207180329,0.004093395318000284,0.004122993259562108,0.0041581819234189415,0.003985856130325654,0.0038839076649460377,0.004070374696785532,0.0041920551232063645,0.00422658605502849,0.004086489131635859,0.004011178813661883,0.004198961309570786,0.004047354075570779,0.004162457181644539,0.004022689124269261,0.004228559251132613,0.003993091182707433,0.004162128315627185,0.00419271285524107,0.004079911811288784,0.003911203544386387,0.0039503386004514675,0.003970399427510037,0.003974345819718278,0.003851349929228032,0.00405195819981373,0.004238096365635868,0.00403748809505017,0.004041434487258414,0.004161141717575123,0.0040963551121564684,0.004160812851557772,0.0040562334580393255,0.004186135534893996,0.004158510789436298,0.004223626260872309,0.00399802417296774,0.004208827290091397,0.003949352002399406,0.004018085000026308,0.003942445816034978,0.004073334490941713,0.004031239640720456,0.003962835509110902,0.004033212836824574,0.004099314906312646,0.004147329344846273,0.003925015917115239,0.004201263371692266,0.004067743768646704,0.004037816961067525,0.004151933469089223,0.004216062342473178,0.004171994296147793,0.004122993259562105
