HitRate: 1678863/3000000 0.559621
CumReqs: 3000000
CumProbs: 0.44095052083323744
