HitRate: 1358565/3000000 0.452855
CumReqs: 317596,276041,250482,551370,370387,428815,349059,456250
CumProbs: 0.04132181825998767,0.022327812981486582,0.019585245392976375,0.10758503742576586,0.05046304366011626,0.07783939398888107,0.03949010705978691,0.08510158231718797
