HitRate: 1617494/3000000 0.539165
CumReqs: 187651,186962,187794,187712,187550,187675,187235,188483,186980,188301,186972,187450,187090,188169,186619,187357
CumProbs: 0.029208333333334228,0.028986111111111997,0.02905555555555644,0.029027777777778645,0.02897222222222311,0.02912500000000089,0.028833333333334214,0.028736111111111993,0.028986111111111986,0.028763888888889748,0.02870833333333419,0.02883333333333421,0.02861111111111197,0.02875000000000089,0.028986111111111993,0.029402777777778673
