HitRate: 1993914/3000000 0.664638
CumReqs: 185674,176955,153469,162114,179056,247372,239654,224510,159455,171270,204031,197560,185637,156259,166110,190874
CumProbs: 0.12374174978210653,0.11523012300615779,0.0911731467486117,0.1002235893839204,0.11753288888490758,0.18497030113535382,0.17844627775509658,0.1618028189924281,0.09712251853539415,0.10939305785039384,0.141203991076903,0.13570320589037124,0.1237862244878376,0.09450650994505663,0.1044419672282216,0.12925533344510728
