HitRate: 2954491/3000000 0.984830
CumReqs: 3000000
CumProbs: 0.9857286700439464
