HitRate: 16143253/30000000 0.538108
CumReqs: 180898,174684,157052,497104,493699,514803,169677,168077,791422,867483,870660,234957,170658,174563,204577,194921,203836,167995,183331,180088,193662,177059,171079,154547,182005,175262,183652,169989,206437,194203,186677,150890,147020,145216,156561,212103,208886,202447,150343,160114,181040,187324,181041,155679,156833,170430,170007,179569,253558,250218,253116,175783,191016,166674,155710,146580,150711,163148,237698,244101,242228,177350,227851,221035,211523,278593,276235,281239,409765,410315,407666,153768,167413,180625,179598,165926,222889,229026,246948,185964,200962,287358,309913,334644,244568,208650,173735,163780,186130,185696,188084,219110,223877,258605,197001,226068,223273,225045,201305,186516,383794,384873,465382,362493,393004,285172,199470,156759,157660,158447,159415,155350,168178,175969,197678,178435,169632,304583,314633,304881,254100,307993,312351,201876,143170,147622,158955,178975
CumProbs: 0.006635920095076912,0.006220443850944935,0.004849372245309401,0.03878194862745925,0.03885081796968657,0.04077314345603641,0.006004828299290201,0.005837474468153841,0.06839071359407693,0.07587606656075686,0.07624490975124741,0.012681066209097699,0.006017924110505245,0.006849242217864033,0.00967660791633146,0.008510249765704641,0.009367958924090694,0.005820722465990435,0.007662545275277266,0.006994492712812575,0.008390991464588987,0.006612055139613973,0.006885870603546711,0.004973017975563078,0.0076041791725016085,0.006921568322442535,0.007816770057099062,0.0063086577670990315,0.009927123472493289,0.00901001783024612,0.00798834512687581,0.004411327331596172,0.003774285915993494,0.0036724776171313898,0.004784391760727158,0.010136290832839089,0.009905385755400285,0.009659722961769937,0.004099387767501881,0.005344354023518477,0.007635190319363618,0.008387700892735467,0.007782202433587274,0.005217683626207519,0.004930872065358331,0.005959558007729583,0.005957031912165256,0.0069779733773458865,0.014570386262613704,0.014301124418316666,0.014571881977092579,0.007045546433691515,0.008588193109103788,0.006088854214903452,0.004782896046248284,0.0039375514608875955,0.0040577404287900935,0.005620895011612719,0.012537244952428968,0.01308773435685409,0.013690906149035148,0.007209576454874818,0.012075966607143891,0.010930249316325545,0.010357590099513541,0.017091396397707966,0.016992047718211112,0.01713766383225452,0.02979330289521131,0.030311551343091762,0.029587725249614862,0.004528092775247023,0.005917179430828115,0.007417713434135174,0.007001339761315872,0.004912989967810889,0.011302715459664969,0.011575666733009936,0.01308982835712452,0.007348013139419591,0.009175610042107343,0.0176752900921613,0.02036820767802756,0.022245229634717298,0.013691903292021041,0.010037673391531924,0.006617705616534163,0.0056951156878644535,0.007757373573237946,0.008072005423394223,0.008102252093967026,0.011237369355987905,0.011296632887450878,0.014824591247823423,0.008784331134433622,0.011549275681982657,0.01153634606126526,0.012038341078475288,0.009341434920665298,0.007788351482000435,0.027205251513363938,0.027594303468369098,0.03560777659849002,0.025465702336332618,0.028274920032456335,0.017479384733528194,0.008790413706647706,0.004887961678864381,0.005257436393246064,0.005079280179762268,0.0049930273114804765,0.0046753375561673985,0.005946927529907968,0.007200369501304855,0.009178036423373084,0.006876763364275342,0.006056679734557874,0.018947677780290592,0.020692478577047722,0.019798839033069147,0.01430002756103216,0.020050152303619697,0.020088342879980323,0.00960993228867316,0.0038429558296236258,0.004249657215479539,0.005136748853850606,0.007039563575776013
