HitRate: 2127368/3000000 0.709123
CumReqs: 3000000
CumProbs: 0.38558629402619016
