HitRate: 333583/30000000 0.011119
CumReqs: 30000000
CumProbs: 0.00889587673612266
