HitRate: 2368550/3000000 0.789517
CumReqs: 3000000
CumProbs: 0.8221475519955361
