HitRate: 39588/3000000 0.013196
CumReqs: 3000000
CumProbs: 0.013322764433289688
