HitRate: 1060408/3000000 0.353469
CumReqs: 376243,375436,375130,373827,374593,374045,375532,375194
CumProbs: 0.09347222222222211,0.09694444444444426,0.0893055555555555,0.09333333333333334,0.09319444444444434,0.09347222222222215,0.09624999999999995,0.09111111111111102
