HitRate: 395714/3000000 0.131905
CumReqs: 93749,93430,94266,93502,93244,93942,93937,93781,93947,93265,93765,94252,93480,93881,93388,93715,93617,93521,93507,93681,93686,93886,93947,93937,94078,93914,93798,93590,94203,93611,93705,93775
CumProbs: 0.004051272951784317,0.004462581041024917,0.004241925174382894,0.004088240565269522,0.0037731914555088806,0.004681631506611833,0.003909194958407205,0.0041849334369265375,0.00403105357633349,0.003659815429644047,0.00391893583778212,0.004367276624334482,0.004417825062961552,0.00414217336287763,0.003908131922573416,0.003592106555414399,0.0035188004721007217,0.0036771060328997436,0.004013307386291884,0.004034025737746326,0.0037709135215793347,0.004082469799314672,0.004180204012196624,0.004351070751521427,0.00412084756237531,0.0038476907423094613,0.004357947942527769,0.004086591774996708,0.004332652028605384,0.003996645926692919,0.004226890810447889,0.0041894459155679235
