HitRate: 2738817/3000000 0.912939
CumReqs: 20555,18002,13847,52556,14632,14019,17584,13481,47628,14675,14238,17721,13480,43252,14422,14090,17155,13471,39743,14709,14360,17334,13301,36932,14638,13913,17065,13477,35423,14661,14400,17159,13252,33114,14399,14001,16998,15621,31579,14455,14060,16584,15320,30046,14333,13866,16552,15325,29247,14477,14197,16622,15468,27487,14339,14035,16162,15488,27353,14082,14190,16451,15140,26249,14247,13908,16309,15355,25530,20023,13953,16520,15258,24481,19666,13915,15920,15391,24230,19401,13937,16276,14882,23811,19106,13696,16046,15440,23129,19106,13825,16052,14797,22666,18736,13799,15934,15285,22053,18910,13876,281489,14768,21869,18300,13850,147249,14955,22028,18500,13803,119275,14790,21017,18353,13632,88145,14813,21241,17990,13686,71376,14652,20118,17473,13557,60086,15101
CumProbs: 0.006160861827888649,0.005280920299987291,0.003929070802084657,0.016924176941655017,0.004098767001398245,0.003981187237828905,0.0052078301766874295,0.0038566162450743616,0.01520751239354265,0.004210626668361509,0.0041353120630481756,0.0052402440574551915,0.003861700775390874,0.013723782890555487,0.004137218761916869,0.003959260200838947,0.00510804626922588,0.003835006991229184,0.01262552434218889,0.004216346764967586,0.004152790136011186,0.0051515825600610115,0.0037765348925892957,0.011702046523452383,0.004198550908859797,0.003949726706495487,0.0050460785559933875,0.00379433074869709,0.011152599466124315,0.004249078428880133,0.004133405364179484,0.005106457353501971,0.003783526121774501,0.010400724545570101,0.004150247870852932,0.004022816829795349,0.004901805008262362,0.004578937333163852,0.009897991610524973,0.004155967967459007,0.004011694419727979,0.0049659972035083245,0.004496313715520528,0.00940352103724419,0.004102580399135629,0.004017096733189271,0.004858268717427228,0.004520465234523962,0.00906508198805135,0.0041718571246981044,0.004085737892462184,0.004854455319689845,0.004503622727850512,0.008494025676878092,0.004066353120630483,0.0040415660353374855,0.004741960086437013,0.004469302148214058,0.008434282445659086,0.004008516588280156,0.0040971780856743365,0.0048226770052116445,0.004372060505910763,0.008144146434473115,0.00404537943307487,0.003971018177195882,0.004763887123426975,0.004448328460658447,0.00779680945722639,0.005998792424049831,0.003981187237828904,0.0047924876064573555,0.004417185712469809,0.007525740434727343,0.005870725816702683,0.003973560442354136,0.004686348036100167,0.00445690860556756,0.007361128765730271,0.0058132070674971415,0.003982776153552815,0.004743231219016147,0.0043351976611160515,0.007238782254989192,0.005726452268971653,0.003926528536926403,0.004720033049447059,0.00446961993135884,0.007108808948773356,0.00572677005211644,0.003948455573916358,0.004674590059743231,0.004238273801957544,0.006972162196517097,0.005646053133341807,0.004003432057963647,0.004626287021736367,0.0044260836405237095,0.006702364306597175,0.005669569086055675,0.00395322232108809,0.09320388966569215,0.0042697343332909615,0.006652472352866404,0.005492246091267318,0.003921126223465108,0.04841267319181392,0.004339328841998219,0.006716982331257148,0.00550527520020338,0.00394845557391636,0.03916009914834118,0.004317719588153044,0.006313397737384004,0.005464281174526502,0.003914770560569468,0.02873585865005721,0.004308821660099147,0.006423668488623362,0.005334943434600232,0.003906825981949919,0.02314637091648659,0.004286894623109192,0.006112876573026569,0.005170967331892717,0.0038356425575187493,0.019310092792678278,0.004411147832718951
