HitRate: 2656125/3000000 0.885375
CumReqs: 3000000
CumProbs: 0.8841311290388062
