HitRate: 19264480/30000000 0.642149
CumReqs: 30000000
CumProbs: 0.6440723858737868
