HitRate: 1482899/3000000 0.494300
CumReqs: 77054,89178,82862,95173,98910,104889,92110,88302,85487,86524,88348,94638,100257,87781,94002,86107,89788,81696,90182,106557,128621,141610,120085,98975,82137,81200,76021,77973,99657,102093,93664,78119
CumProbs: 0.01611496440641261,0.01660073789887568,0.011646974131154196,0.02094985108906643,0.02945469524749948,0.03335909555399704,0.026150309643348888,0.01966339572559062,0.020962765312792463,0.022521081642397876,0.030470614180612407,0.03070307020768061,0.03617605199597609,0.02375521784308625,0.026425150814953762,0.024140988885158116,0.02862189338414254,0.020000490078233714,0.0268135709285592,0.02818943245629198,0.03201469175072504,0.029097732858354822,0.02622415251234634,0.024255230095042064,0.01732360329359064,0.017306384328622602,0.01847826734827279,0.02302738543924588,0.03025438371668713,0.031144140618015157,0.021252838645715165,0.01852297043040126
