HitRate: 1500246/3000000 0.500082
CumReqs: 3000000
CumProbs: 0.5000000000000273
