HitRate: 2892763/3000000 0.964254
CumReqs: 3000000
CumProbs: 0.900508874534345
