HitRate: 2478537/3000000 0.826179
CumReqs: 3000000
CumProbs: 0.5484088815625435
