HitRate: 2911832/3000000 0.970611
CumReqs: 23168,23670,23224,23518,23706,23658,23680,23344,23240,23669,23162,24186,24180,23242,23182,23382,23782,23656,23217,23497,23252,23058,22867,23786,23795,22667,23646,23523,23557,23915,22117,23814,23445,23952,23627,23085,23624,22713,23835,23810,23543,23928,23291,23735,23725,22908,23561,23600,24017,23879,23178,23463,23587,23260,24136,23240,22559,23940,23759,22840,23674,23759,22622,23321,23484,23349,23924,23233,24241,23529,22982,23475,24049,23902,23564,22458,23396,23788,23333,23815,22991,23226,23353,23230,23454,23043,22922,23282,23568,23393,23508,23552,22872,23447,23554,23271,23181,23596,23787,23062,23149,22862,23153,23892,23685,23102,22986,23003,23109,23879,24116,23344,23507,23744,23647,23336,23550,23017,23556,23003,23486,23300,24098,23409,23165,23814,23272,23026
CumProbs: 0.007733502526243928,0.007721150116001424,0.007766506123636003,0.007770400165107731,0.007759228734655899,0.007737300812597518,0.007769953307889707,0.0076522383492996495,0.007771581144898404,0.0077900618827030765,0.007717351829647757,0.007734013220207387,0.007726831586345548,0.007686869783700465,0.007712372563503452,0.007787923351730832,0.0077558134687749315,0.007817032907651183,0.0076768793330392075,0.007740779915224,0.007705254766386987,0.007767942450408402,0.007734268567189188,0.0078098193554165364,0.007774070777970537,0.00774658905905895,0.007790700250157515,0.007785593310522368,0.007720192564819725,0.007747099753022452,0.007631746754013646,0.00781380915200648,0.007676560149312085,0.007729385056163062,0.007755973060638501,0.007704775990796196,0.007695902683180138,0.007744195181104955,0.007757728571138053,0.0077482168960676685,0.007768038205526518,0.007750419263785322,0.007743365303414241,0.007760920408410048,0.007757568979274503,0.00771645811521161,0.007691785213099256,0.007782624901859418,0.0077434291401596795,0.007717479503138635,0.007785050698186073,0.007829066134166437,0.007761431102373551,0.007776305064060941,0.007716426196838887,0.00769641337714355,0.007762867429146019,0.007684890844591876,0.007721916156946713,0.007672410760858432,0.0077189796666564114,0.007792870699502436,0.00769140219262667,0.007785912494249527,0.00770803166481356,0.007772155675607377,0.007818022377205455,0.007629735896532298,0.007718820074792862,0.007673879006003507,0.007738769057742633,0.007833821971701781,0.007793732495565911,0.00781875649977807,0.00774454628320488,0.007751727917066825,0.007723863177682526,0.007792104658557161,0.007726608157736419,0.007716011257993535,0.007707106032004728,0.007701264969796983,0.007720001054583505,0.007707520970850089,0.007785912494249532,0.007700530847224532,0.007744386691341233,0.007740013874278695,0.007782752575350334,0.007764559102900106,0.00775865420394694,0.007692455498926437,0.007699732887906466,0.007698296561134065,0.007684763171100977,0.0077268315863454895,0.007680996803120069,0.007714000400512218,0.007721533136474029,0.007719490360619983,0.007753770692920948,0.007738928649606143,0.007665356800487481,0.0077155005640300155,0.0078059891506901515,0.007784284657240818,0.0077376199963247305,0.007724373871646129,0.007765293225472677,0.007730183015481108,0.00780429747693606,0.007713393951430546,0.007836758461991965,0.007770368246735098,0.0077077443994591115,0.007757217877174609,0.007672634189467554,0.00761601099626285,0.007682592721756087,0.007760665061428288,0.007795615679556318,0.00777569861497928,0.007684731252728237,0.007709595665076859,0.00762782079416916,0.007772602532825439,0.0076319382642499175,0.007771836491880237
