HitRate: 1361649/3000000 0.453883
CumReqs: 3000000
CumProbs: 0.12903774124460318
