HitRate: 2705801/3000000 0.901934
CumReqs: 93999,94100,94410,94308,94094,93406,93896,92840,94402,92538,93167,93443,92985,93858,93973,93303,94033,93257,93538,93887,94383,93897,94217,95266,93705,93478,93614,93938,93115,93179,93574,94197
CumProbs: 0.028269822916577265,0.028278077168672658,0.028544524426312987,0.02843721914907243,0.028369534281889954,0.02814964100606785,0.02825397475255404,0.02794625623443661,0.02828170903959465,0.02778612374378538,0.028076673417544325,0.028101436173830582,0.027957812187370198,0.0282150146826636,0.028371185132309046,0.028049599470671302,0.028347743056358073,0.028084597499555924,0.02809582328240569,0.028319348429149804,0.028274775467834492,0.028346092205938984,0.02834939390677716,0.0286577727650622,0.028199826858808046,0.028125868760033028,0.028126198930116832,0.028252984242302572,0.028057193382599134,0.028138415223218076,0.028114312807099456,0.028431276087563743
