HitRate: 2810286/3000000 0.936762
CumReqs: 46660,46933,46800,46742,46570,46901,47229,46854,47287,47325,46746,46596,47079,46950,46609,47001,46967,47302,46781,47124,46924,47001,46904,46857,46509,47028,46810,47034,47125,47077,46873,46683,46863,47133,46537,46858,46863,46707,47037,47011,46960,46710,46745,46912,46915,46957,47195,46677,47016,46671,46149,47116,46587,47031,46635,46843,46908,47018,46836,46619,46707,46706,46741,47056
CumProbs: 0.01351562499999938,0.013476562499999378,0.013473958333332698,0.013473958333332718,0.013463541666666037,0.013492187499999385,0.013492187499999381,0.013486979166666049,0.01348437499999939,0.013458333333332705,0.013513020833332707,0.01350781249999937,0.01342708333333272,0.013476562499999364,0.01351562499999938,0.013489583333332708,0.013463541666666067,0.013484374999999374,0.013489583333332712,0.01352864583333271,0.013468749999999382,0.01349218749999938,0.013499999999999377,0.013481770833332716,0.013484374999999391,0.013489583333332708,0.013479166666666044,0.013499999999999377,0.013473958333332706,0.013494791666666036,0.013502604166666054,0.013447916666666051,0.013476562499999381,0.013502604166666035,0.013510416666666043,0.013523437499999381,0.013494791666666034,0.01349218749999938,0.013515624999999377,0.013492187499999371,0.013492187499999374,0.013502604166666035,0.013471354166666052,0.013505208333332717,0.013526041666666036,0.013450520833332718,0.013492187499999371,0.013447916666666063,0.013484374999999386,0.01345833333333271,0.01352343749999937,0.013473958333332715,0.01348437499999938,0.013468749999999382,0.013507812499999381,0.013484374999999375,0.013489583333332712,0.013499999999999379,0.013536458333332712,0.013476562499999376,0.013515624999999372,0.013528645833332723,0.013510416666666039,0.01348697916666605
