HitRate: 304320/3000000 0.101440
CumReqs: 3000000
CumProbs: 0.15764545121278875
