HitRate: 1616377/3000000 0.538792
CumReqs: 374814,373803,375390,374511,375550,375260,375448,375224
CumProbs: 0.05702777777777948,0.05805555555555736,0.05827777777777957,0.058305555555557324,0.057861111111112876,0.057722222222223965,0.05800000000000179,0.058194444444446214
