HitRate: 2707774/3000000 0.902591
CumReqs: 3000000
CumProbs: 0.5428171817829222
