HitRate: 1512534/3000000 0.504178
CumReqs: 186664,186825,186646,186859,188799,187411,188352,187200,188292,188350,187040,187666,186943,187970,187852,187131
CumProbs: 0.03185900722718773,0.03180628289504029,0.03150278845811639,0.031773989241599965,0.03206001874350002,0.031651734696433044,0.0319624787290272,0.031937105144181244,0.031926889804827656,0.0321433890937082,0.03182045255930492,0.03175322903581692,0.03151135616209037,0.03194007088786447,0.03188471033910967,0.031786181743409136
