HitRate: 2972336/3000000 0.990779
CumReqs: 38229,35700,34367,62547,41997,37623,35358,34388,58744,41527,37350,35498,34209,55759,41062,36906,35126,33843,52843,40221,36689,35250,33645,51009,39731,36822,35278,33938,49086,39270,36451,34912,33965,47907,39193,36530,34516,232864,46704,38707,36399,34993,132086,46046,38657,36113,34730,112167,44601,38401,36080,34476,88947,43696,38418,35855,34329,76973,42945,37946,35315,34373,67986,42704
CumProbs: 0.012618994285357652,0.011873632107265109,0.011387289106169794,0.020869025465387832,0.013964749383975262,0.01244914405450925,0.011811138668530743,0.011376982660123025,0.019527344444266542,0.0137857809796828,0.012438231346929817,0.011792490063801264,0.011338084920220343,0.018501113423556557,0.013623254388142337,0.01227165492835497,0.011704630642560934,0.011359789083071307,0.01763910652667976,0.013467930183605278,0.012328861766529569,0.011714500580304509,0.01125757338874957,0.017005272220040085,0.013310399187089636,0.01216104857443022,0.01164754505669395,0.011262835738848523,0.016403109015842517,0.01317471785619315,0.012237558779786929,0.011628023435357859,0.0112370089975793,0.015938736932673593,0.013062486721360145,0.012170991263556783,0.011573799403921928,0.07745442131864302,0.015530213661844663,0.01295930100858691,0.012093268535134592,0.011558133605931172,0.04415647668346389,0.015218425481088097,0.01298915332643179,0.012039287008311219,0.011532743372965129,0.037399716158050954,0.014855541578401419,0.012772523955761323,0.011980625142459607,0.011516325810673482,0.029677229512841945,0.014609908656033475,0.01275128055167374,0.01197017319364514,0.011468503901017335,0.025502148845502677,0.01435542431529491,0.012593749555160521,0.01190566696662466,0.011437487561032108,0.022740191058231825,0.014175243387938918
