HitRate: 301079/3000000 0.100360
CumReqs: 3000000
CumProbs: 0.10000000000000292
