HitRate: 117292/30000000 0.003910
CumReqs: 3749092,3748973,3753153,3751245,3748429,3747463,3751373,3750272
CumProbs: 0.0010749999999999957,0.0010041666666666628,0.0010562499999999958,0.001045833333333329,0.0010249999999999955,0.001033333333333329,0.0010374999999999959,0.0010145833333333291
