HitRate: 332281/3000000 0.110760
CumReqs: 3000000
CumProbs: 0.09007986111109897
