HitRate: 1746328/3000000 0.582109
CumReqs: 23170,23237,23271,23612,23442,23381,23589,23221,23454,23102,23478,23554,23374,23391,23377,23591,23554,23425,23483,23431,23172,23487,23574,23256,23309,23520,23250,23388,23353,23448,23566,23526,23244,23584,23281,23464,23435,23865,23475,23285,23395,23733,23408,23419,23224,23759,23433,23319,23403,23351,23244,23376,23365,23442,23387,23459,23378,23317,23618,23502,23341,23662,23507,23281,23267,23160,23648,23675,23499,23440,23395,23252,23585,23247,23371,23781,23693,23381,23365,23363,23629,23695,23597,23277,23627,23568,23701,23430,23353,23103,23503,23251,23357,23547,23753,23301,23651,23472,23377,23367,23232,23607,23631,23560,23387,23728,23512,23565,23256,23324,23691,23348,23231,23367,23259,23185,23279,23087,23234,23452,23500,23451,23546,23617,23699,23570,23623,23436
CumProbs: 0.0032465277777777796,0.0032031250000000024,0.0032291666666666692,0.0033593750000000017,0.003550347222222223,0.0032638888888888904,0.0033767361111111138,0.003194444444444446,0.00338541666666667,0.003446180555555557,0.0032812500000000025,0.003263888888888892,0.003203125000000002,0.003168402777777782,0.003350694444444444,0.003229166666666669,0.003298611111111114,0.003203125000000004,0.0032725694444444477,0.0033767361111111138,0.0034461805555555556,0.0032638888888888913,0.0034027777777777806,0.0032899305555555585,0.0031597222222222235,0.0031857638888888916,0.003359375000000003,0.0032291666666666697,0.003333333333333334,0.0032725694444444473,0.0031076388888888916,0.0033246527777777827,0.0033854166666666685,0.0032725694444444473,0.0033767361111111133,0.00316840277777778,0.0032812500000000055,0.003229166666666671,0.0030642361111111135,0.003289930555555561,0.0031944444444444477,0.0033506944444444465,0.0033246527777777805,0.003368055555555558,0.003098958333333337,0.0032465277777777796,0.0033333333333333357,0.003385416666666668,0.0032638888888888887,0.0033072916666666697,0.0032465277777777818,0.0032986111111111124,0.003298611111111115,0.0032465277777777826,0.0033854166666666694,0.0032812500000000025,0.0032118055555555585,0.0032899305555555572,0.0034201388888888897,0.003298611111111115,0.003315972222222223,0.003333333333333337,0.0032118055555555593,0.003194444444444446,0.003203125000000001,0.0032725694444444464,0.0032291666666666692,0.00330729166666667,0.003333333333333337,0.003324652777777778,0.003220486111111113,0.0033072916666666715,0.003333333333333336,0.00327256944444445,0.0032552083333333374,0.003350694444444448,0.0034201388888888897,0.0032291666666666692,0.003255208333333335,0.0031944444444444455,0.003342013888888891,0.0033593750000000017,0.0032118055555555593,0.0032725694444444473,0.0033246527777777797,0.003185763888888891,0.003229166666666672,0.0034722222222222238,0.0033940972222222233,0.0031684027777777804,0.003281250000000001,0.003220486111111112,0.003437500000000001,0.0033159722222222245,0.0032378472222222266,0.003446180555555558,0.0032986111111111146,0.003255208333333335,0.0033420138888888918,0.0031597222222222252,0.003220486111111115,0.0032031250000000033,0.003315972222222224,0.003185763888888892,0.0032552083333333356,0.00330729166666667,0.003281250000000003,0.0032465277777777796,0.003151041666666669,0.0033159722222222275,0.003116319444444447,0.003411458333333334,0.0033333333333333375,0.0033246527777777784,0.0031336805555555584,0.003185763888888891,0.003246527777777781,0.003272569444444447,0.0030729166666666695,0.0032725694444444473,0.0031250000000000028,0.003185763888888891,0.003342013888888891,0.0032465277777777796,0.0032552083333333365,0.0032725694444444477,0.003289930555555558,0.00322916666666667
