HitRate: 1499757/3000000 0.499919
CumReqs: 3000000
CumProbs: 0.500000000006596
