HitRate: 301498/3000000 0.100499
CumReqs: 3000000
CumProbs: 0.10000000000000146
