HitRate: 29723093/30000000 0.990770
CumReqs: 489574,291376,289902,357170,1105292,326274,710314,303754,516601,523246,356537,373145,344869,308545,539529,327325,323775,660497,490064,386661,1345037,328582,328974,324579,402612,335261,325158,527529,425740,465922,2287600,362907,624747,426809,359735,479046,889973,326081,624176,529220,447745,308516,296626,334416,309437,284239,347970,382463,336413,322177,432167,350718,338378,804887,330261,293524,592998,470734,474812,302652,355193,320215,473733,345588
CumProbs: 0.016223136797926932,0.009650802405191195,0.009614805303892868,0.011839846909471482,0.03677884029611285,0.010814075614599959,0.023586618521713433,0.01007552145102966,0.01711624182782547,0.017414620398003077,0.011801570770915301,0.012365398744742398,0.011429824732101175,0.010210072304502828,0.0179354242389878,0.010836632239764159,0.010703995193219068,0.02194303821027841,0.01625890015181378,0.012834675890807796,0.04477611351569044,0.010857567242264367,0.010903016504496406,0.010757844753034582,0.013359029770596822,0.0111093424223686,0.010787209271544763,0.01753955838919755,0.01412116320425495,0.015473976345581224,0.07623370860895776,0.012026070549994756,0.020765082741616103,0.014157788501720359,0.011900650454765096,0.015901836372255236,0.029616352127381042,0.010803498544250894,0.020729319387727162,0.017577571561915552,0.014883092108927916,0.010257493810515227,0.009806229824311606,0.011083674034794991,0.010255857578638096,0.00941714264944207,0.011547370461422204,0.012675420857831542,0.011131533817202862,0.010699217980506057,0.014325400004641104,0.011617830696634059,0.01118887497897067,0.02678323124122865,0.010948246628530094,0.00971483458659983,0.01969839104060153,0.015601310247738729,0.015764027664241332,0.010022592271644993,0.011801526943275745,0.010599860721605698,0.015738183966109077,0.011433710782809558
