HitRate: 2851452/3000000 0.950484
CumReqs: 3000000
CumProbs: 0.8493923611109512
