HitRate: 332114/3000000 0.110705
CumReqs: 187612,187003,187786,187801,187441,187728,187259,188472,187029,188238,186894,187467,187064,188231,186559,187416
CumProbs: 0.005805555555555532,0.0056805555555555325,0.005569444444444421,0.005763888888888865,0.005694444444444421,0.005638888888888866,0.005513888888888866,0.005624999999999977,0.005611111111111089,0.005541666666666644,0.005583333333333311,0.005527777777777755,0.00558333333333331,0.005652777777777755,0.0057222222222222,0.005624999999999976
