HitRate: 3000017/30000000 0.100001
CumReqs: 30000000
CumProbs: 0.0999999999999896
