HitRate: 1746038/3000000 0.582013
CumReqs: 3000000
CumProbs: 0.41863194444450935
