HitRate: 1110355/30000000 0.037012
CumReqs: 938027,936855,936117,938631,936200,937456,937413,938062,937123,938946,936649,938100,939144,938131,938310,936164,936280,937568,936355,937194,937282,939905,937438,938610,937882,937983,937940,937658,937531,936872,935265,936909
CumProbs: 0.0027854166666667784,0.0027833333333334475,0.0027798611111112207,0.0027833333333334535,0.0027951388888889993,0.002794444444444562,0.002790972222222336,0.0027763888888889944,0.00279097222222233,0.002807638888888992,0.002809027777777893,0.00276111111111122,0.0028076388888889988,0.002804166666666781,0.002788194444444565,0.002811805555555665,0.002793750000000115,0.002775694444444555,0.0027756944444445463,0.002762500000000114,0.0027805555555556766,0.0028069444444445606,0.0028020833333334454,0.002777083333333455,0.0027784722222223366,0.002777083333333447,0.0027631944444445606,0.002784027777777889,0.002776388888888999,0.002797916666666774,0.0027944444444445563,0.0027930555555556683
