HitRate: 1636218/3000000 0.545406
CumReqs: 93643,93670,94089,93056,94014,93950,94012,93687,94089,93999,94184,94350,94060,94820,93861,93294,93110,93154,93423,93826,93744,93867,93493,93978,93991,93329,93126,92939,93103,93421,94451,94267
CumProbs: 0.030993315117955472,0.030844440443677852,0.03126777329125377,0.030690529839614906,0.031355587316884766,0.03085734501375268,0.031029196117675743,0.031065391863007472,0.031059411696387394,0.03077708488279968,0.03099646257407138,0.031038638486023083,0.0315110716490057,0.03144717828985482,0.03127564193154328,0.03080950368079245,0.030896373469588696,0.030560539902032093,0.030764180312724772,0.03068927085716868,0.03058603429657022,0.03091651718872988,0.031004645959972384,0.031219617212681967,0.030699657462350836,0.030882839408290706,0.030764180312724845,0.030735853207682514,0.03092784803074676,0.030878432969728583,0.031210174844334495,0.03132253902766885
