HitRate: 1861444/3000000 0.620481
CumReqs: 178303,198941,209376,105585,118020,147360,130771,102153,68507,85042,85602,87439,79938,94101,101034,94818,76649,63689,63210,66941,74401,68514,78574,75118,88386,74876,71550,55442,57378,67460,67352,63470
CumProbs: 0.1432293680329338,0.16343984968617445,0.17252219118221493,0.06989751510308961,0.08196776024865493,0.11251628278614603,0.0933516665444013,0.06840653730319393,0.035768597073162954,0.04931428899987502,0.04891015206519584,0.05033140550432515,0.042837193287163206,0.057755232466305886,0.06534461347920595,0.060822112998405176,0.042353088128287454,0.029011943022970672,0.02680025986368388,0.029529423349796177,0.03905225097333217,0.03223545553138879,0.04276085998224832,0.039050929184502516,0.05335962371315588,0.04010009906807272,0.03804207386023797,0.021818107317356835,0.02296575046873933,0.03131218603384699,0.03372577243686963,0.02964177540032024
