HitRate: 3640751/30000000 0.121358
CumReqs: 30000000
CumProbs: 0.07896249999999543
