HitRate: 2901156/3000000 0.967052
CumReqs: 3000000
CumProbs: 0.904734364927493
