HitRate: 2377426/3000000 0.792475
CumReqs: 3000000
CumProbs: 0.6633610624852699
