HitRate: 332482/30000000 0.011083
CumReqs: 937477,938364,934892,938063,938326,937626,937299,937861,936768,937937,939654,938867,936099,938018,937369,936479,936116,937666,937095,938286,937940,939061,937466,937409,938117,938706,937716,938105,935067,937343,936146,936662
CumProbs: 0.00028055555555555456,0.0002784722222222213,0.00027361111111111016,0.0002868055555555546,0.0002666666666666658,0.00028888888888888785,0.0002756944444444435,0.00028263888888888794,0.0002756944444444434,0.0002784722222222213,0.00027638888888888787,0.000281249999999999,0.0002861111111111101,0.0002777777777777768,0.0002763888888888879,0.00028333333333333227,0.0002805555555555546,0.00027222222222222133,0.00027777777777777675,0.00027916666666666574,0.0002743055555555546,0.0002854166666666657,0.00027847222222222124,0.00028194444444444344,0.0002722222222222213,0.00027708333333333236,0.0002756944444444435,0.0002722222222222213,0.00027430555555555455,0.00027083333333333235,0.0002833333333333323,0.0002868055555555546
