HitRate: 23160015/30000000 0.772000
CumReqs: 1237375,2440714,1588593,1502890,2226636,1647857,1585182,2628798,1520590,1547384,1415388,1351505,2371273,1288762,3800515,1846538
CumProbs: 0.027445726822981055,0.06722529159522353,0.03859108386024473,0.03598344110047323,0.060073519519393014,0.040591854741693065,0.03860663277643884,0.07380029502493651,0.03638370136744906,0.03725394337422853,0.03311574354618848,0.0309405197926429,0.06498190457580355,0.028910640279172145,0.11256308003010548,0.04739491999336648
