HitRate: 395397/3000000 0.131799
CumReqs: 186981,187193,186657,187600,187927,187652,187096,187050,187008,188057,187670,188317,188118,187172,188096,187406
CumProbs: 0.008131809274428373,0.00822992502689942,0.007848392684399274,0.008051998052259176,0.008492955054743992,0.00779625513600396,0.008741931367380511,0.0074199278732105045,0.007702997457925824,0.008606599295006654,0.007875372347545602,0.007991445625004718,0.008499548155705796,0.009172825215765734,0.008555849767866457,0.008359444760267476
