HitRate: 2706731/3000000 0.902244
CumReqs: 3000000
CumProbs: 0.9027668598516861
