HitRate: 3480856/30000000 0.116029
CumReqs: 469029,468019,468022,469818,468729,468658,468498,468327,468473,468118,468494,469378,469154,470202,468013,470090,468299,468526,467759,470182,468150,468777,469053,468480,468891,468794,469152,467867,469025,469074,468207,469873,467912,467907,468899,468291,467700,468323,468254,469115,468390,469644,467651,469097,469743,468632,468644,468824,469547,468674,467972,468011,468868,469649,468115,469199,469284,469878,468853,468419,468938,469064,468286,469086
CumProbs: 0.0013247395833333113,0.0013140624999999793,0.0013101562499999763,0.0013145833333333122,0.0013127604166666463,0.0013049479166666452,0.0012903645833333129,0.0013111979166666452,0.0013101562499999774,0.0013106770833333126,0.0013044270833333118,0.0013039062499999783,0.0013200520833333087,0.0013124999999999788,0.0013169270833333121,0.0012992187499999762,0.0013083333333333113,0.0013210937499999777,0.0013257812499999778,0.0013145833333333124,0.001305729166666645,0.001329947916666645,0.0013164062499999778,0.0013164062499999775,0.001313802083333311,0.001292187499999978,0.0012994791666666476,0.0013106770833333117,0.0013130208333333112,0.0013309895833333082,0.0013067708333333108,0.0013109374999999805,0.0013210937499999772,0.0013119791666666447,0.0013130208333333108,0.001317968749999977,0.0013114583333333112,0.0013174479166666428,0.0013210937499999777,0.0013044270833333102,0.0013114583333333112,0.0012999999999999804,0.0013067708333333139,0.0013039062499999806,0.00130078124999998,0.0012934895833333136,0.0013122395833333122,0.001308854166666644,0.001305729166666647,0.0013234374999999774,0.0013015624999999792,0.0013104166666666464,0.0013281249999999788,0.0013161458333333128,0.0013072916666666465,0.0013177083333333107,0.001314843749999977,0.001332031249999976,0.0013106770833333117,0.0013135416666666417,0.0013135416666666447,0.0013161458333333122,0.0013187499999999773,0.0013270833333333101
