HitRate: 1774939/3000000 0.591646
CumReqs: 3000000
CumProbs: 0.5930308678501861
