HitRate: 28056154/30000000 0.935205
CumReqs: 30000000
CumProbs: 0.9486529139248383
