HitRate: 2939980/3000000 0.979993
CumReqs: 3000000
CumProbs: 0.9804092909245093
