HitRate: 395560/3000000 0.131853
CumReqs: 3000000
CumProbs: 0.1311834766099259
