HitRate: 1605435/3000000 0.535145
CumReqs: 47353,46899,46575,47005,46788,46820,47143,46337,46274,46767,46817,47056,46957,46791,47376,47141,46212,46637,46559,47191,47461,47047,47051,47151,47172,47231,47173,47018,46691,47176,47021,46777,46960,47018,46881,46671,46787,46811,47137,46845,46901,47016,46373,46327,46480,46658,46679,46558,46350,46510,47157,46719,47309,46972,46721,46262,46871,47101,47713,47272,46997,46511,46624,47142
CumProbs: 0.014424469429669816,0.014149310126915572,0.014143056506398433,0.014082824266680699,0.01410059771446627,0.01426088788245826,0.014489638738216865,0.014305650639844122,0.014346463742166516,0.014050897888251103,0.014380364948127862,0.014470548738743497,0.01407722892200748,0.014067354784348828,0.014396492706303648,0.014237848227921441,0.014090723576807625,0.014172349781452424,0.014601216493759553,0.014438293222391919,0.014637421665174573,0.01460450787297909,0.01453999684027595,0.014620964769076839,0.014621952182842693,0.01445869977355312,0.014279648744009691,0.014704236663331397,0.014239493917531197,0.014544604771183314,0.014616027700247511,0.014252330296487438,0.014398796671757332,0.01408183685291484,0.014572252356627525,0.014087432197588068,0.014133840644583694,0.014278661330243815,0.01434613460424457,0.014266812365053456,0.014303346674390436,0.01434646374216651,0.014034111854231403,0.01401140133761651,0.01435074253515193,0.014379048396440051,0.014457712359787248,0.014192098056769714,0.014059455474221922,0.014340210121649379,0.014720364421507186,0.014122649955237246,0.01490040286481648,0.014488651324451002,0.014347451155932382,0.014295776502185475,0.014659144768023593,0.01443368529148455,0.014659473905945545,0.014258913054926535,0.014480422876402122,0.014345147190478693,0.014561061667281055,0.014444546842909061
