HitRate: 2954236/3000000 0.984745
CumReqs: 153325,221560,238711,144650,252105,192020,190149,204398,172801,208946,122955,161353,163129,192076,187079,194743
CumProbs: 0.05042723829329215,0.07179045839917644,0.07816231726269857,0.04757158550411899,0.0709004738099108,0.05733139083671606,0.06191381607246244,0.06415754326395565,0.04901768807655628,0.06135117088291566,0.03473877141005282,0.051080611651455006,0.05194807737872614,0.057658077515797504,0.05900105022750578,0.06397119152194218
