HitRate: 1984244/3000000 0.661415
CumReqs: 44904,45569,45687,46425,46700,46761,47060,45680,45461,46745,47746,47204,46198,46371,47204,46894,44932,43878,44651,47180,47107,46065,45232,44415,46112,44789,45712,46272,47576,48128,46226,46886,47116,47668,48322,47651,47287,46942,47724,47688,48090,49196,49241,48889,48570,47947,48765,48215,48912,48050,48704,48474,47701,46799,45942,45344,45710,46792,47488,46510,46287,46534,47090,46582
CumProbs: 0.012038649641341284,0.012884818518298459,0.01285423410105907,0.01348461292304926,0.014122071471252306,0.01327108838047039,0.013762138190592133,0.013168290755860136,0.01278117132654267,0.012605027738367542,0.013301672797709812,0.013390310969894396,0.013599870865794117,0.01378422693637613,0.013722491723800282,0.013100325384216986,0.01227454611875272,0.012281909034014042,0.012392352762934164,0.013120714995709907,0.013451479804373218,0.013201140685487651,0.013107405110429808,0.012529416262414522,0.013088997822276457,0.012920783527459656,0.012590301907844862,0.01202080873128494,0.01290577450788844,0.013452895749615792,0.0133775674627113,0.012782870460833774,0.012499398223272128,0.012408777727747932,0.012592284231184435,0.0125982312012032,0.012639010424189126,0.012361201967597709,0.013271937947615914,0.013798103199753305,0.013730137828110136,0.013374169194129178,0.013002058784382908,0.01320793722265197,0.013271371569518896,0.013716261564733002,0.013772899374435621,0.014149257619909577,0.012703011149153079,0.013029528122088685,0.012652320309469195,0.013062094862667703,0.01292248266175075,0.012734161944489526,0.01252318610334724,0.011989657935948533,0.012800144992793076,0.01319264501403227,0.0132603271966269,0.013303371932000877,0.013481214654467109,0.012768711008408129,0.013145069253882044,0.012685453428145256
