HitRate: 26999156/30000000 0.899972
CumReqs: 938715,935701,935918,938822,937650,936905,938015,939183,936233,936172,939220,939144,937405,938219,937930,935421,938894,936671,936971,937810,938343,936228,937203,939000,938219,936453,940013,936773,935699,937989,936890,936191
CumProbs: 0.028124999999997208,0.028124999999997208,0.028124999999997208,0.028124999999997208,0.028124999999997208,0.028124999999997208,0.028124999999997208,0.028124999999997208,0.028124999999997208,0.028124999999997208,0.028124999999997208,0.028124999999997208,0.028124999999997208,0.028124999999997208,0.028124999999997208,0.028124999999997208,0.028124999999997208,0.028124999999997208,0.028124999999997208,0.028124999999997208,0.028124999999997208,0.028124999999997208,0.028124999999997208,0.028124999999997208,0.028124999999997208,0.028124999999997208,0.028124999999997208,0.028124999999997208,0.028124999999997208,0.028124999999997208,0.028124999999997208,0.028124999999997208
