HitRate: 2403786/3000000 0.801262
CumReqs: 3000000
CumProbs: 0.6893002341340903
