HitRate: 1198708/3000000 0.399569
CumReqs: 82400,72999,72001,83354,80600,162854,154858,153065,80799,78252,118733,112681,111697,79508,76573,108386,103174,101797,77484,74984,96663,93156,92029,75777,73922,90937,87376,86159,74957,73027,86579,83219
CumProbs: 0.03119300467605253,0.017240466092872796,0.014021161994222974,0.029436778350712938,0.0231334182353723,0.11117692148049348,0.10173853747521146,0.09917548638508195,0.02659190490260972,0.0246251446171763,0.0612773748280667,0.05246492960603832,0.057225928589678975,0.022489823914326003,0.02203810864551711,0.05165910421131215,0.042740059515818524,0.05009075945795502,0.023538163111185586,0.01009963386412098,0.043490919557039216,0.040404531676866334,0.03753400773046056,0.021016752440378407,0.01528569824820421,0.031042099796428323,0.027194191927688245,0.034522572605067935,0.01607686621532894,0.019155925381701067,0.0318922305973135,0.024787708814210784
