HitRate: 1367130/3000000 0.455710
CumReqs: 93760,93383,93734,93843,93990,93781,94029,93323,94446,93797,94137,95127,93926,93830,94108,93892,92553,93809,93430,93974,92900,93806,94075,94185,93925,93182,93474,92697,92964,93529,94067,94324
CumProbs: 0.01742101067109732,0.017150729290377035,0.017219675319231437,0.017588682234226778,0.017319695614611715,0.017276644807862285,0.017181803556902953,0.017350769881137658,0.01725333910796782,0.01725851815238882,0.017385404740703044,0.017564405463503404,0.017564081773227092,0.01744625851264962,0.01766118885612059,0.017220322699784033,0.01726110767459932,0.017016397825707668,0.017149110838995455,0.017362422731084876,0.01703290602979952,0.017546926188582588,0.017100880987824998,0.017139076440429838,0.017354330474177067,0.017102823129482848,0.01735756737694021,0.017426837096070916,0.01737893093517678,0.017633998872910436,0.017615872217436986,0.017840836959473652
