HitRate: 395420/3000000 0.131807
CumReqs: 3000000
CumProbs: 0.1292174917397555
