HitRate: 2851855/3000000 0.950618
CumReqs: 3000000
CumProbs: 0.8493626302124412
