HitRate: 2769948/3000000 0.923316
CumReqs: 374842,373721,375382,374519,375450,375277,375511,375298
CumProbs: 0.10961111111111572,0.1096111111111157,0.1097777777777824,0.10952777777778237,0.10938888888889348,0.10958333333333792,0.10966666666667127,0.10966666666667126
