HitRate: 1680429/3000000 0.560143
CumReqs: 3000000
CumProbs: 0.44132291666681656
