HitRate: 2756057/3000000 0.918686
CumReqs: 3000000
CumProbs: 0.6766381449118074
