HitRate: 823416/3000000 0.274472
CumReqs: 23333,23678,23334,23800,23414,23434,23303,23285,23372,23341,23270,23258,23137,23201,23097,23012,23275,23356,23808,23514,23302,23532,23461,23261,22937,23335,23301,23779,23765,23755,23805,23429,23615,23499,23565,23675,23838,23450,23495,23598,23315,23120,22851,23122,23595,23257,23355,23284,23237,23082,22781,23050,23382,23627,23559,23515,23487,23526,23633,23508,23344,23192,23805,23523,23732,23373,23403,23464,23263,23082,23561,23252,23216,23517,23391,23800,23467,23645,23745,23731,23417,23275,23113,23044,23163,23637,23767,23075,23564,23357,23253,23256,23133,23457,23514,23257,22940,22876,22730,23155,23592,24080,23949,23469,23710,23738,23453,23494,23485,23654,24054,23882,24222,23889,23672,23374,23356,23542,23284,23440,23561,24151,23711,23557,23227,23341,23380,23339
CumProbs: 0.00042116613027070405,0.00038881900312035526,0.00044305762036235427,0.0004754047475127027,0.0004384832791491736,0.0004587410759504022,0.0004740977928803658,0.00042149286892878833,0.0004499191321821252,0.0004120174478443428,0.00041299766381859554,0.0004482854388917032,0.00042149286892878833,0.00045678064400189614,0.0004855336459133174,0.0004718106222737753,0.00046527584911208866,0.0004688699743510163,0.00040025485615330695,0.00042770090343239057,0.0004685432356929321,0.0004920684190750036,0.0004972962376043532,0.000500236885527112,0.0004665828037444262,0.0004492656548659562,0.00043750306317492054,0.0004737710542222816,0.0004829197366486426,0.000468543235692932,0.00047017692898335367,0.0004479587002336193,0.00048259299799055825,0.0004780186567773775,0.0004656025877701732,0.0004045024587084031,0.0004397902337815108,0.0004548202120533905,0.0004358693698844985,0.0004178987436898607,0.0004446913136527761,0.0004273741647743063,0.0004714838836156911,0.00042345330087729434,0.0004701769289833536,0.00041724526637369183,0.00039666073091437895,0.00048357321396481147,0.000536178137916388,0.0005048112267402925,0.0004600480305827394,0.00043194850598748686,0.00044044371109767944,0.0004600480305827394,0.00042770090343239035,0.00044991913218212496,0.00044305762036235405,0.0004613549852150769,0.0004227998235611254,0.00040580941334074046,0.0004244335168515471,0.00046723628106059466,0.0004835732139648109,0.0004682164970348476,0.00044828543889170345,0.00040515593602457185,0.0004397902337815108,0.00041299766381859565,0.00045514695071147436,0.00047736517946120875,0.0004348891539102459,0.00043815654049108915,0.000493048635049257,0.0004881475551779922,0.0004737710542222813,0.0004492656548659566,0.000427047426116222,0.0004267206874581376,0.00041005701589583664,0.0004103837545539209,0.0004584143372923178,0.0004453447909689444,0.0004306415513551497,0.0004508993481563783,0.0004352158925683304,0.0004175720050317764,0.00043946349512342665,0.00040613615199882463,0.0004567806440018961,0.0004381565404910892,0.0004211661302707038,0.0004254137328258004,0.00045383999607913713,0.0004708304062995225,0.0004178987436898607,0.0004136511411347643,0.00045972129192465514,0.00040319550407606563,0.00045416673473722174,0.0004901079871264978,0.0005159203411151593,0.0004564539053438117,0.00046037476924082365,0.0004799790887258835,0.00047573148617078735,0.0004541667347372214,0.00042737416477430624,0.0004097302772377522,0.00043162176732940285,0.00041038375455392125,0.0004871673392037389,0.0004548202120533901,0.0004803058273839681,0.00046200846253124553,0.0004424041430461855,0.0004273741647743065,0.00042018591429645105,0.0004087500612634995,0.00041691852771560777,0.0004430576203623542,0.0004058094133407404,0.00044371109767852294,0.0004561271666857273,0.00041561157308327005,0.0004143046184509328,0.0004241067781934629,0.0004293345967228124,0.0004146313571090174
