HitRate: 2780240/3000000 0.926747
CumReqs: 3000000
CumProbs: 0.8399044985314488
