HitRate: 396150/3000000 0.132050
CumReqs: 46487,46912,46550,47175,46921,47017,46931,46934,46474,46756,46718,46793,46953,46957,47148,46657,46889,46706,46730,47323,46636,47067,46766,46902,46656,47075,46890,46831,47145,46936,46936,47104,47003,46620,46876,46730,46885,46849,46834,46810,46930,47017,46915,46703,46882,46696,46921,47063,47047,47014,46904,47362,47348,46579,47023,47015,46772,46812,46702,46643,46587,46610,47009,46864
CumProbs: 0.0021303094886958333,0.0020165089112784626,0.0020198504030411353,0.0019210594160577153,0.0019925977169767436,0.002081141824187942,0.002024190002732917,0.0019498852070103775,0.0020601056146820284,0.0021515518291871072,0.002125340647048743,0.0021172310201247255,0.0021776219743354884,0.00202194425989242,0.0019977672651095794,0.0021128317509371817,0.002149902781304229,0.002117252718123184,0.002082188752613585,0.00213636323026587,0.00199397011537927,0.0019674660102617105,0.002250793049638549,0.00185593829818291,0.0022592606935371387,0.0019458927752939387,0.002187548808630439,0.0020558094109871636,0.0021033280276121784,0.001850264271585905,0.00227457948044913,0.002017903007679448,0.00196437946998093,0.001972478247905719,0.0021800413011636563,0.0021043695315382063,0.0022716285526587178,0.0019435385424611464,0.002238756084993468,0.002085893685850444,0.0020881882491874735,0.001823917476957173,0.002218278598947871,0.002002931388742799,0.0019298037094366558,0.002022665718341178,0.0021918558613245333,0.002053324990163619,0.001932792608724371,0.0021041634005528457,0.0018904869362291101,0.002167071322584842,0.001978249915495789,0.0018063312492062266,0.0022008334081869067,0.0020098476257515777,0.00193938880025588,0.002012239830081672,0.0019801484903609434,0.001959209921848094,0.0019324508652486432,0.002167385943562497,0.0018595401659270896,0.00187575399527551
