HitRate: 6508161/30000000 0.216939
CumReqs: 3750433,3750573,3747568,3751020,3751030,3751149,3747826,3750401
CumProbs: 0.08167429670734386,0.08097821054733434,0.08139999551806311,0.08131103267176805,0.08139051403935986,0.08128270951886446,0.08105273673380946,0.08093682630769447
