HitRate: 2490165/3000000 0.830055
CumReqs: 3000000
CumProbs: 0.6086251608128997
