HitRate: 2743239/3000000 0.914413
CumReqs: 3000000
CumProbs: 0.762647805039792
