HitRate: 2128049/3000000 0.709350
CumReqs: 29490,19446,19083,26802,25772,25668,17762,17478,25450,24560,24686,17643,17396,24656,23790,23409,17614,17319,23288,23031,22969,17574,17487,22702,21989,22326,17383,17467,22358,21622,21863,17711,17398,21778,21127,21294,17464,17824,21901,21413,21141,17731,18058,21414,20989,20818,17357,17521,21413,20857,20525,17446,17826,20661,20394,19893,17559,17600,20502,20188,19991,17420,17850,20377,20010,19797,17222,17512,20246,21304,20556,18646,17547,20295,21043,20349,18675,17487,20184,20997,20394,18732,17549,19988,20436,20219,18305,17530,19683,20643,20044,18412,17346,19399,20229,19955,18247,17448,19335,20064,19824,81245,80137,81724,19819,19650,49137,48165,50292,19879,19668,42671,41863,43753,19700,19419,35056,34543,36323,19689,19589,31301,30579,31712,19197,18995,28728,27990
CumProbs: 0.023207778472189206,0.013254170472573223,0.01290562953704143,0.02051223498870261,0.01959449064948822,0.019599538483726954,0.011462189317821284,0.011237440507667822,0.019098841401855863,0.018384693043603677,0.01855824239219243,0.01155617518388523,0.011119417335704826,0.01800201913369494,0.017375847315032635,0.017442911398490583,0.011398009711071471,0.011128311138887468,0.017233065717993823,0.016705687226575294,0.016910965818950803,0.011398250084130361,0.011144416133839563,0.016555454064708416,0.015766790058169684,0.015978799096197115,0.01120907648670714,0.011101389356280767,0.01615330993702178,0.015360319215421666,0.0155552617662612,0.011291524445939966,0.011027114081053748,0.015554540647084208,0.014786789096677437,0.015016826114128735,0.011180952838805562,0.011510504302677664,0.015593240709580666,0.01511465794913644,0.014699293303206342,0.011468198644295817,0.011643430604297685,0.015436517475120952,0.014683909427431184,0.014417576078072628,0.011166049709148517,0.0113314263737317,0.014879813470506036,0.01443295995384786,0.01413802221047,0.01120907648670741,0.011501610499495078,0.014667804432478703,0.01413633959905728,0.013698860631699962,0.010997067448680096,0.011232152300370092,0.014422383539252608,0.014008941877794199,0.013628671698476019,0.011188644776693374,0.011391519638478795,0.014333205134368527,0.013781068217873638,0.013414739675976702,0.010986491034084741,0.011290082207585997,0.014038027017931708,0.01491106196817414,0.014534637757799925,0.012434257968366582,0.01123840199990365,0.013977212634007767,0.014788231335031536,0.014442815249266624,0.01234147396759737,0.011241767222729437,0.013854382000864897,0.014576462670063779,0.01427623671938825,0.012364069035142488,0.011309792798422869,0.013586606413153075,0.014273111869621371,0.013975770395653824,0.01213715686745791,0.011306908321715032,0.01355655978077944,0.014297629921638246,0.01390798519301923,0.012218402961395718,0.011061247055429884,0.01323421950867714,0.013989952406133738,0.01368275563674793,0.012058795250228167,0.011134080092303015,0.013173885870871243,0.01389812989760095,0.013597423200807144,0.07473703187346416,0.07377746262198621,0.07566415076198067,0.013603192154223075,0.013271477332820185,0.04287774626219862,0.04204196913609902,0.044005817028026736,0.013677227056391322,0.01342243161386454,0.03642276813614661,0.03565814143550713,0.03744243065237138,0.01338132782077753,0.013059949040911019,0.02898802942166265,0.028166193932983943,0.029901927791933573,0.013403682515263303,0.013117638575068263,0.02510191817701106,0.024228162107591395,0.02560814383923894,0.012991683092158882,0.012753954136820143,0.02238546223739257,0.021669390894668777
