HitRate: 1511230/3000000 0.503743
CumReqs: 375337,373086,372510,377132,377967,373607,373032,377329
CumProbs: 0.06355145666516092,0.06315735821450418,0.06253839378397144,0.0625973586409167,0.062116312011374554,0.062295871660490346,0.06226155877763519,0.0634851628429456
