HitRate: 333075/30000000 0.011102
CumReqs: 30000000
CumProbs: 0.008898177083331751
