HitRate: 16183828/30000000 0.539461
CumReqs: 3753640,3748897,3750121,3747972,3749552,3752112,3748723,3748983
CumProbs: 0.05740555555555468,0.05757499999999882,0.05782499999999905,0.057641666666665904,0.05761944444444366,0.05752222222222157,0.05761111111111024,0.05761666666666578
