HitRate: 350498/30000000 0.011683
CumReqs: 30000000
CumProbs: 0.008334374999999563
