HitRate: 2226704/3000000 0.742235
CumReqs: 432624,114947,81038,120922,151431,169242,71392,66328,68249,120748,67720,73743,98281,110147,95268,79830,54753,55075,80009,65356,79214,60082,96897,67857,100584,55899,58646,51121,62638,88390,52116,49453
CumProbs: 0.1357265420302664,0.030076580437469715,0.01882233068289028,0.03262717463694401,0.04243971255396534,0.04847480068951719,0.016041392123541037,0.014710733289241667,0.015152968097470928,0.03195162966163106,0.014365711050630605,0.016326439149709673,0.025199145715710244,0.028731422101261214,0.024109705867717723,0.018848363879499903,0.010129879288351266,0.010380654764552803,0.018204124646945364,0.013855921744870063,0.01885100015257428,0.012086323443684434,0.023926814423181793,0.014755549931506335,0.025618972202807136,0.010866388078509525,0.011797981076172808,0.009127765985948005,0.01296716818466566,0.02137720882611043,0.009569671260042968,0.008644339410931375
