HitRate: 27751739/30000000 0.925058
CumReqs: 30000000
CumProbs: 0.9271865560371604
