HitRate: 2707079/3000000 0.902360
CumReqs: 3000000
CumProbs: 0.9037988227945113
