HitRate: 1678802/3000000 0.559601
CumReqs: 3000000
CumProbs: 0.44208333333330374
