HitRate: 331898/3000000 0.110633
CumReqs: 3000000
CumProbs: 0.08947916666666643
