HitRate: 24291714/30000000 0.809724
CumReqs: 30000000
CumProbs: 0.8273637905783208
