HitRate: 2724054/3000000 0.908018
CumReqs: 3000000
CumProbs: 0.5603066169668777
