HitRate: 1512353/3000000 0.504118
CumReqs: 3000000
CumProbs: 0.6343023777143789
