HitRate: 2707294/3000000 0.902431
CumReqs: 46754,47164,46660,46724,47014,47131,46649,46876,46986,46662,47171,46646,46919,46617,46603,46700,46795,46574,46785,46739,46727,46842,46842,46900,46842,47175,46959,46537,46941,46736,47114,46849,46851,46840,47161,47072,46655,46501,46891,46869,46816,46817,46811,46896,46708,47350,47153,46904,46614,47110,47033,47023,46825,46898,47009,47090,46704,46698,46808,46899,47350,47282,46657,47072
CumProbs: 0.014994663297922931,0.015026966828248736,0.014952959969838505,0.015001680048362621,0.014994928080958333,0.01508720496881499,0.014895104876591124,0.014971759565355815,0.015025907696106818,0.015012403761298542,0.015065227976872132,0.014999164609525622,0.01493574907253378,0.014932968850661392,0.014949385398859713,0.015035572276900949,0.015017567030489946,0.014930321020306897,0.015022465516645827,0.015031865314404636,0.014988176113554158,0.015065360368389812,0.014976393268476367,0.014984204368022306,0.014944222129668325,0.015061785797411126,0.01503199770592228,0.015043912942517852,0.014996251996135655,0.014989764811766879,0.01500022374166754,0.015055431004560313,0.015019950077809109,0.014994398514887436,0.015089455624616376,0.015073303859453486,0.01498963242024912,0.014902915976137163,0.015049076211709297,0.01505582817911335,0.014956799323852594,0.015039941196986074,0.014938926468959267,0.014980100230972754,0.015005916576929835,0.015102429993353768,0.01501333050192262,0.015003665921128473,0.014962624550632665,0.014967258253753127,0.015051062084475209,0.015033189229581913,0.014997046345241944,0.015027496394319537,0.015007902449695834,0.014975863702405496,0.0149953252555115,0.014963418899738864,0.014976790443029651,0.015038352498773229,0.014998237868901566,0.015077143213467759,0.01496010911179568,0.015047222730461022
