HitRate: 2769891/3000000 0.923297
CumReqs: 46901,46984,46393,47175,46591,46703,46678,47093,46873,46986,47112,47152,46727,46736,46988,46995,47325,46951,46808,46340,46882,46778,46720,46904,46595,46693,46722,46867,46661,46877,46925,46796,46894,47043,46522,46888,46957,47118,46618,47279,46859,47133,47039,46666,47342,47001,47094,47141,46827,46912,46754,47179,46620,46867,46932,47018,46799,46761,46760,46888,46943,46759,46614,46842
CumProbs: 0.013704861111111686,0.013690972222222802,0.013670138888889469,0.013677083333333912,0.013666666666667241,0.013684027777778357,0.013666666666667241,0.01366319444444502,0.01367013888888946,0.013715277777778354,0.013652777777778353,0.013694444444445023,0.01367013888888946,0.013694444444445019,0.013708333333333905,0.01369444444444502,0.013715277777778352,0.013687500000000581,0.013677083333333907,0.01370833333333391,0.013687500000000576,0.013715277777778354,0.013680555555556133,0.013701388888889466,0.013666666666667238,0.013666666666667238,0.01370833333333391,0.013732638888889469,0.013687500000000578,0.013684027777778359,0.013701388888889464,0.0136909722222228,0.013666666666667243,0.013684027777778355,0.013656250000000572,0.013697916666667238,0.013670138888889464,0.013684027777778348,0.013677083333333907,0.013694444444445023,0.013697916666667245,0.01370486111111169,0.013670138888889459,0.0137222222222228,0.01368055555555613,0.013673611111111691,0.013673611111111685,0.01368750000000058,0.013694444444445019,0.013690972222222802,0.013687500000000576,0.013684027777778357,0.01367013888888947,0.013701388888889462,0.013690972222222802,0.0136909722222228,0.013725694444445026,0.013670138888889464,0.013715277777778357,0.013697916666667247,0.01368750000000058,0.013684027777778354,0.013715277777778354,0.013687500000000578
