HitRate: 36723/3000000 0.012241
CumReqs: 187532,187321,186858,187361,187310,187148,188056,187517,186926,187901,187951,187744,188459,187683,187199,187034
CumProbs: 0.0004791666666666667,0.00047222222222222213,0.0003819444444444445,0.0004930555555555555,0.0005138888888888888,0.0005486111111111112,0.0005,0.00047916666666666664,0.0004861111111111112,0.0005138888888888889,0.0003680555555555556,0.0005625,0.00045833333333333327,0.00048611111111111115,0.0005416666666666668,0.0006111111111111112
