HitRate: 29399343/30000000 0.979978
CumReqs: 30000000
CumProbs: 0.9800037975190479
