HitRate: 6506813/30000000 0.216894
CumReqs: 1875888,1875562,1873730,1875343,1871455,1873716,1874625,1875791,1876919,1879214,1873796,1873217,1874343,1875205,1876676,1874520
CumProbs: 0.04061523502595636,0.040646402452687296,0.040819785275293174,0.040538075924868,0.04077969545641081,0.04061618548008554,0.040546740827309566,0.04055398683236916,0.040599601078529814,0.040545331087856774,0.040633502845810306,0.04069979263115112,0.04063377648993326,0.040730029785918456,0.04067804820976224,0.04060875724526189
