HitRate: 16810845/30000000 0.560361
CumReqs: 30000000
CumProbs: 0.4396208333342676
