HitRate: 303633/3000000 0.101211
CumReqs: 375338,373077,372523,377123,377964,373573,373059,377343
CumProbs: 0.012697084786662644,0.012691751977722189,0.012527101501685668,0.012678086654812274,0.012046148795368455,0.012183135325026373,0.012465440898311664,0.012653422413462677
