HitRate: 2939402/3000000 0.979801
CumReqs: 3000000
CumProbs: 0.979943269864472
