HitRate: 1848357/3000000 0.616119
CumReqs: 369336,377105,377220,377034,378077,375981,372537,372710
CumProbs: 0.040052570655312675,0.040167082289367474,0.04092384060242143,0.039002008206883765,0.04278056495459631,0.04113683224176339,0.04059371992024603,0.040729170824528094
