HitRate: 2959662/3000000 0.986554
CumReqs: 25684,21754,26623,19352,23041,25201,24524,21072,18722,24477,24563,26191,22575,20832,23859,23786,24675,22199,25461,23198,26712,23052,22683,22842,26539,26287,20311,25244,21688,23527,22576,22005,29486,24013,25473,24365,23621,20224,22252,22216,23149,23413,22855,20567,25795,23008,21971,24158,24305,24710,24100,25247,24733,23259,22372,22479,26430,22480,22855,23597,23488,23150,22407,21877,22347,23445,23741,24866,26214,23751,19633,22170,24275,22346,23344,25067,26072,24540,23329,22290,21321,25529,22572,23022,21154,23007,22969,21029,25705,27597,21161,23573,25431,25619,20496,22852,21479,22924,22831,23820,24951,24519,25363,26130,19695,22869,21395,22245,24009,23392,24454,24266,24574,25008,22750,23222,23526,24130,25555,22814,20207,23345,21036,22977,22937,23589,21743,22468
CumProbs: 0.007989614550826092,0.00703327252006488,0.008002534454422077,0.006598571596991602,0.0069492931466909715,0.007804429265950294,0.007238106824992912,0.006584305870104368,0.005657302787092367,0.007500542366786372,0.007305397989555335,0.007578600117678788,0.006946870664766722,0.006634101331880568,0.007425983756451201,0.007413602182171718,0.007494620744304878,0.00660718486605559,0.00730862796545433,0.007351425146116031,0.0081667248959544,0.006905688472054522,0.007051844881484107,0.007636739683860727,0.008065249819794264,0.008476533417599815,0.00667205354869377,0.007648852093481961,0.00626507658542021,0.007213882005750433,0.007137439242807516,0.006223356063391506,0.008656335409310616,0.007454784374883917,0.007544147041422824,0.007181043917443962,0.007765938719820583,0.006263461597470707,0.007278481523730361,0.007072032230852834,0.00755652861570231,0.007430290390983195,0.007399336455284478,0.006410694665533304,0.007536072101675334,0.0072372993310181625,0.00753338045509284,0.007982347105053352,0.00711456024685629,0.007097872038044804,0.007421138792602711,0.0075242288567123495,0.007656388703912955,0.007409026382981469,0.0072348768490939136,0.007082798817182827,0.00822163448623734,0.006631678849956316,0.00707176306619459,0.0076300105674044875,0.007500542366786368,0.007203653748736946,0.007314280423277574,0.006920223363600003,0.006511362247718697,0.007500004037469874,0.007011201018088403,0.007793393514962057,0.008144384229319677,0.007318048728493068,0.006441917765890272,0.006736114737357205,0.00783780568357326,0.006986707034187685,0.00717269981303823,0.007467704278479913,0.007666078631609944,0.007574831812463296,0.006887654439951786,0.006963020544261702,0.007033003355406633,0.00786283799679048,0.006766530343739415,0.007189926351166209,0.00630518211949942,0.007326123668240556,0.006815518311540864,0.006672053548693768,0.007538494583599577,0.00851825393962852,0.006798830102729391,0.007119674375363035,0.007592596679907773,0.007755441298148842,0.006383239870391833,0.007359500085863524,0.006467488408423992,0.007137170078149265,0.007124788503869784,0.006809058359742873,0.007282518993604105,0.007743059723869363,0.007563257732158554,0.008152997498383668,0.0066435220949193005,0.006713504906064227,0.0064979040148062115,0.006894652721066282,0.007230839379220166,0.0072434901181579,0.007821386639420027,0.006826015733212605,0.007293554744592349,0.007358961756547028,0.0068141724882496155,0.007207960383268939,0.007404988913107728,0.007455591868858675,0.007654504551305206,0.006984822881579926,0.006450261870296009,0.007140669218706513,0.006850240552455076,0.007474702559594402,0.007167316519873236,0.007570256013273046,0.006743113018471695,0.006663978608946281
