HitRate: 2722498/3000000 0.907499
CumReqs: 3000000
CumProbs: 0.9090531172688632
