HitRate: 29400075/30000000 0.980002
CumReqs: 30000000
CumProbs: 0.9800108642448027
