HitRate: 2851744/3000000 0.950581
CumReqs: 374806,374729,375516,375281,374879,375017,374408,375364
CumProbs: 0.10644444444444331,0.10588888888888812,0.1062638888888878,0.10605555555555492,0.10574999999999898,0.10624999999999918,0.10633333333333227,0.10606944444444359
