HitRate: 28102889/30000000 0.936763
CumReqs: 30000000
CumProbs: 0.8632699869007816
