HitRate: 1774983/3000000 0.591661
CumReqs: 70407,82352,72297,99604,75708,278144,81259,71736,94840,75249,173674,80265,72073,91898,75022,151726,79045,71263,89214,73926,127959,78687,71122,86285,73366,113687,77969,70996,84634,73295,105701,76597
CumProbs: 0.011005421345833977,0.014757464975909745,0.011421837330518856,0.020582658242208587,0.012580459407048786,0.07987513473984278,0.014719759318837402,0.011101008494026133,0.018295512464531066,0.012525223926951587,0.04504073037842267,0.014444904923862687,0.011246869851648099,0.017848336601708207,0.011905065093524935,0.03816672449303263,0.01354724568443872,0.010859559988212027,0.01672113590607192,0.011765818763459517,0.02990720108592297,0.013439751486644757,0.010517893814916166,0.01572954327534491,0.012058533732836895,0.025524414578330053,0.013096762307837607,0.010963415920849876,0.015506947598066968,0.011727120852253688,0.02239484504132577,0.013125206926330757
