HitRate: 1493634/3000000 0.497878
CumReqs: 293488,289527,245077,143268,204480,177405,178423,132770,146844,151054,132530,131712,153046,201954,195195,223227
CumProbs: 0.202209384737032,0.19999786745357626,0.1430712067247186,0.058725996773857106,0.10377204145003827,0.08153291435460315,0.07937404431098259,0.03271925992642049,0.04229972473490616,0.0627051951163354,0.04386714635632785,0.03457990668110134,0.06828680216999926,0.09250786459796333,0.11067016270996001,0.12689151036600826
