HitRate: 29796/3000000 0.009932
CumReqs: 3000000
CumProbs: 0.009999999999999159
