HitRate: 333314/30000000 0.011110
CumReqs: 30000000
CumProbs: 0.008897222222223118
