HitRate: 1033068/3000000 0.344356
CumReqs: 187341,187867,187845,188586,188873,187543,188013,186596,186553,186623,186092,187876,187268,187374,187522,188028
CumProbs: 0.01000115434203315,0.010194303403357969,0.009886695639025818,0.010286325599241674,0.010127969382296898,0.010105207708403403,0.009970588665661893,0.009940998489600296,0.009887671139335537,0.009875314802079104,0.009940998489600297,0.010218690911101017,0.009883769138096677,0.010085372535439101,0.010138699885703838,0.010254134089020865
