HitRate: 2379008/3000000 0.793003
CumReqs: 380200,399422,349708,356008,374112,374573,372145,393832
CumProbs: 0.20430278773193147,0.19768738541825295,0.15851231415065037,0.1901759430364554,0.18251122626823746,0.1840652490060438,0.1800475316839104,0.18773485725533115
