HitRate: 3316999/30000000 0.110567
CumReqs: 30000000
CumProbs: 0.08946249999998507
