HitRate: 1439895/3000000 0.479965
CumReqs: 190509,185979,185202,179617,193651,196198,191279,186025,182193,187860,190891,184965,186368,181087,188701,189475
CumProbs: 0.0009063023331287488,0.001380111861698264,0.0010725688273314127,0.0011698630483878815,0.0009252946981979912,0.0018289314362293025,0.0012544956927315217,0.0012584940853776782,0.0013311315517828503,0.0012534960945699827,0.0009119667227108035,0.001159867066772491,0.0010689036340724362,0.0014084338096085375,0.0014454189415854825,0.0011392087047673502
