HitRate: 2464552/3000000 0.821517
CumReqs: 96028,104609,84098,98949,107403,113429,99368,91849,98027,107877,95861,89213,76514,89528,108754,107556,129294,99108,94699,59403,80672,85457,87309,78605,92882,95142,88347,88306,86740,92265,77151,95557
CumProbs: 0.06647066822648849,0.07348986648113875,0.05696587434258816,0.046773911551780206,0.06641074261984878,0.04562215456262703,0.047101856080424165,0.06481777512027107,0.06324028291471571,0.061312785654995115,0.053433556166591886,0.04658491540776248,0.03964638623897345,0.050732952728903505,0.06270819620960665,0.08025783815410695,0.06200225939292731,0.04663628021345376,0.04708374669380227,0.03657305869844875,0.05531824942156976,0.05833757806380363,0.055169093928120264,0.04781306108230255,0.05397716702682397,0.05242107682363998,0.052207056799926495,0.045096653089016885,0.04331765279959594,0.050261450153584075,0.04549637664099854,0.047128526267994575
