HitRate: 1713640/3000000 0.571213
CumReqs: 166264,218440,215572,239775,201632,157787,157553,178326,140103,175967,194418,167848,215982,182013,209199,179121
CumProbs: 0.018595357721214144,0.02058713615413365,0.022718432089025454,0.02059211892206123,0.029374081302163374,0.016249138396379204,0.02299015903334305,0.01083087655192461,0.015780426026657822,0.01571565004359923,0.02639737574222484,0.02064759373832166,0.02668205788315411,0.01241639330648176,0.02453016650749493,0.022697504463729642
