HitRate: 1458768/3000000 0.486256
CumReqs: 3000000
CumProbs: 0.1823263151475444
