HitRate: 2939540/3000000 0.979847
CumReqs: 46493,46954,46618,47136,46882,46941,46800,46883,46503,46882,46751,46785,47013,46877,47124,46634,46903,46625,46730,47347,46681,47091,46782,46903,46763,47064,46809,46899,47174,46977,46844,46996,46923,46546,46995,46850,46897,46824,46902,46866,46945,47072,46795,46787,46838,46750,46951,47068,47012,47041,46938,47380,47337,46571,47090,46967,46712,46792,46718,46657,46587,46496,46973,46856
CumProbs: 0.015232108832647077,0.015408220637138835,0.015409028887581425,0.015313020668900366,0.015307927063762133,0.015303359635086531,0.015289868904544703,0.015343918618705845,0.015268545196559218,0.0151665917263004,0.015167649503725284,0.015324987115050445,0.015414469660694994,0.015349158685333689,0.015259356094211859,0.015383837511370634,0.015347189591973528,0.015287162079236945,0.015359405565105901,0.015253307777141449,0.015268946609530688,0.015352869043070153,0.01528628331029938,0.015265469505277659,0.015256557052410667,0.01511272644512616,0.015242095336437798,0.015376492738892297,0.015350368348747756,0.01521902493957636,0.015333389664953664,0.015357214067261551,0.015301509880717913,0.015285068222385675,0.015309603234143083,0.015199464193965648,0.015369413766895074,0.01531352514736454,0.015295949768612815,0.015318022057545141,0.015322459298229979,0.01528395619996465,0.015338331384102682,0.015326869416416759,0.015214207983918485,0.01532147746379972,0.015221688368887189,0.015369728387872728,0.01527926943229753,0.015313015244400733,0.015245539893693151,0.015347666947939636,0.01528196540860604,0.015209532065250593,0.015261026840093195,0.015275119690092256,0.015360539285525372,0.015295336800156357,0.015261222122079324,0.015370091829346911,0.015387612963102483,0.015330042748691371,0.015381895540508552,0.015263907249388612
