HitRate: 1618415/3000000 0.539472
CumReqs: 93172,93904,93650,93960,92962,93849,94076,93343,94054,93797,93434,94007,93992,94243,93026,94093,93898,93577,94202,93368,93598,93515,93737,93699,93672,94192,94110,93989,93633,93598,93487,94163
CumProbs: 0.014652777777777766,0.014513888888888882,0.014305555555555542,0.0148611111111111,0.014999999999999987,0.014305555555555544,0.01451388888888888,0.014444444444444426,0.014930555555555527,0.014791666666666656,0.01430555555555554,0.014236111111111093,0.014444444444444423,0.014374999999999985,0.014513888888888871,0.014652777777777768,0.014305555555555542,0.014583333333333318,0.014097222222222214,0.014652777777777763,0.014652777777777766,0.014305555555555535,0.0147222222222222,0.014166666666666657,0.01451388888888888,0.01444444444444443,0.014374999999999987,0.014583333333333318,0.014444444444444425,0.014305555555555544,0.014583333333333314,0.014374999999999987
