HitRate: 2707898/3000000 0.902633
CumReqs: 3000000
CumProbs: 0.901580010161417
