HitRate: 6508925/30000000 0.216964
CumReqs: 470238,468466,469078,469292,467960,469469,468465,468557,467662,468714,469738,470521,468664,470282,468446,468231,469017,468583,468293,467691,468200,468378,468455,469012,469005,469764,468895,468185,469385,468962,468395,468744,469044,468620,468115,469817,468747,469231,468461,467958,468839,468365,467912,469064,468442,469326,469116,468180,468569,468775,468258,468609,468709,468595,469091,470106,468423,467806,468710,468962,467504,468687,468562,468650
CumProbs: 0.01015642813393925,0.010092303669246641,0.010178570112688785,0.010133953227107436,0.010153778365944121,0.010157918437057635,0.010155402668961689,0.010171060165655723,0.010159877166636034,0.01019381702625697,0.010133950329434096,0.010135642225119514,0.010214026850364816,0.010174206423760443,0.01017872826402577,0.010121123585152958,0.010143877973427392,0.010171153992549009,0.010109589476655917,0.010167841776587163,0.010182818734522503,0.010164316152755776,0.010157476071754948,0.010165442159025768,0.010208328233509381,0.010150821565551062,0.010144612264272159,0.010189561388917683,0.010158858312433733,0.010132313662612042,0.010175206206269478,0.01016544378445727,0.010179614194716245,0.010148796842694692,0.01018743876853634,0.010183141781435246,0.01016709156183062,0.010136067923239081,0.010130591321010686,0.010166031491872368,0.010183220091317223,0.010148852257647261,0.010219462737596052,0.010205430233480216,0.010136061023293251,0.010181273775999018,0.010200642264615927,0.010164868966562025,0.010210168309301765,0.010129691868205995,0.010173514106048831,0.010192103908816495,0.010183370811567826,0.010155117397055002,0.010144932191072611,0.010168490903177086,0.010188446455763885,0.010136683005828344,0.01016247652780891,0.010151253109473193,0.01017819180598824,0.010148193362734917,0.010172834344198613,0.010187284956385148
