HitRate: 17449275/30000000 0.581642
CumReqs: 30000000
CumProbs: 0.4182077474087267
