HitRate: 1017336/3000000 0.339112
CumReqs: 23343,23567,23411,23470,23252,23188,23330,23328,23675,23374,23496,23562,23184,23412,23398,23368,23489,23190,23415,23253,23573,23515,23558,23436,23595,23428,23404,23497,23388,23681,23559,23470,23264,23492,23332,23750,23289,23571,23359,23444,23525,23482,23301,23542,23223,23454,23130,23238,23466,23373,23337,23473,23409,23362,23300,22982,23343,23351,23554,23296,23472,23589,23338,23844,23687,23296,23404,23396,23582,23408,23484,23439,23447,23559,23575,23431,23533,23277,23756,23299,23604,23502,23429,23548,23448,23317,23222,23601,23433,23310,23263,23491,23474,23449,23474,23441,23483,23424,23460,23434,23604,23555,23382,23472,23179,23163,23503,23575,23604,23571,23258,23364,23326,23447,23298,23540,23365,23543,23561,23312,23577,23490,23614,23307,23693,23557,23843,23223
CumProbs: 0.006015625000000002,0.0060807291666666735,0.006132812500000004,0.00625,0.006145833333333339,0.00605468750000001,0.006236979166666674,0.006197916666666671,0.005885416666666672,0.005924479166666678,0.006132812500000007,0.005833333333333343,0.006119791666666672,0.005872395833333345,0.006393229166666671,0.005950520833333338,0.006250000000000006,0.005833333333333335,0.006106770833333344,0.006041666666666673,0.006380208333333344,0.0062500000000000056,0.006145833333333334,0.006002604166666676,0.006067708333333338,0.0060937500000000045,0.006184895833333336,0.0060156250000000045,0.00601562500000001,0.006002604166666674,0.006054687500000009,0.00628906250000001,0.006028645833333334,0.005950520833333341,0.006041666666666669,0.006223958333333336,0.006432291666666668,0.0061458333333333365,0.0059635416666666665,0.005859375000000008,0.006276041666666674,0.0059765625000000105,0.006080729166666675,0.006380208333333338,0.006236979166666671,0.0059765625000000044,0.005924479166666672,0.0062109375000000055,0.0060026041666666734,0.006041666666666674,0.006536458333333337,0.005963541666666673,0.006458333333333337,0.006132812500000005,0.006106770833333341,0.006184895833333337,0.00611979166666667,0.006119791666666679,0.00614583333333334,0.006210937500000006,0.006171875000000006,0.00614583333333334,0.006263020833333343,0.0061979166666666745,0.006158854166666672,0.005781250000000006,0.00608072916666667,0.00611979166666667,0.006276041666666676,0.006171875000000008,0.006041666666666672,0.006171875000000002,0.005846354166666673,0.0059505208333333415,0.00630208333333334,0.0061328125000000054,0.006158854166666668,0.0059765625000000105,0.0061718750000000055,0.006002604166666671,0.0061979166666666745,0.006432291666666677,0.006067708333333337,0.006236979166666675,0.006367187500000006,0.00602864583333334,0.006380208333333339,0.005911458333333344,0.006184895833333337,0.006054687500000008,0.006119791666666669,0.0061458333333333426,0.006184895833333339,0.006145833333333337,0.0062500000000000056,0.006197916666666671,0.0059505208333333354,0.0061328125000000054,0.005989583333333339,0.006263020833333334,0.006145833333333339,0.006093750000000007,0.006028645833333338,0.006171875000000007,0.006158854166666676,0.006302083333333342,0.006197916666666676,0.0062239583333333365,0.006171875000000007,0.006080729166666671,0.0060807291666666674,0.006315104166666674,0.006210937500000007,0.006158854166666674,0.006119791666666677,0.00587239583333334,0.00614583333333334,0.006171875000000009,0.006041666666666671,0.005872395833333342,0.006158854166666671,0.006171875000000008,0.006093750000000012,0.006223958333333338,0.006093750000000002,0.005846354166666673,0.0063802083333333376,0.006002604166666671
