HitRate: 2700046/3000000 0.900015
CumReqs: 3000000
CumProbs: 0.8999999999996889
