HitRate: 28516938/30000000 0.950565
CumReqs: 234083,233651,234845,234355,234016,235313,233523,233374,233932,234664,235151,234251,234717,234450,234834,234906,234434,234325,234385,234666,234696,233631,233398,233468,234477,234656,235375,234130,234646,235043,234938,234892,234326,234995,234302,234416,234802,234091,234549,235231,233969,233946,233402,234708,234620,234725,233944,234374,233807,234004,234962,234605,233959,234230,233768,234435,234515,234162,233637,234626,234182,234739,234253,233726,236158,234915,234547,234509,234295,234547,235201,235375,234659,234335,235159,234073,234385,233773,234002,234516,234344,233462,234092,234955,234281,234884,234356,233673,235379,233703,234741,234284,234519,233801,233984,233870,234481,234152,233706,233747,234702,234793,234081,234800,234296,234832,234297,233607,233999,233909,234615,233719,233894,234039,234502,234210,233617,234283,234628,234560,235131,233873,234344,235145,234064,234765,234946,234251
CumProbs: 0.006632031249999489,0.006634027777777255,0.006633420138888376,0.006636631944443888,0.006642274305555029,0.006633680555555011,0.006641319444443895,0.006632465277777224,0.006637499999999479,0.006642100694443908,0.006635937499999471,0.006631684027777267,0.006637152777777268,0.0066442708333328,0.006636631944443928,0.006632986111110607,0.006639062499999501,0.006631597222221662,0.006636545138888351,0.006635416666666147,0.006636371527777221,0.006643055555555041,0.006633333333332805,0.006632291666666137,0.006635590277777297,0.006640798611110528,0.006638628472221676,0.006638975694443897,0.006636805555555049,0.006633333333332802,0.0066430555555550014,0.0066402777777772645,0.006638194444443922,0.006630902777777224,0.006634114583332742,0.006632725694443872,0.006635069444443879,0.0066364583333328635,0.006636631944443928,0.006644704861110535,0.0066318576388883325,0.006635329861110577,0.0066341145833327475,0.006637065972221671,0.0066355902777772155,0.006636892361110586,0.006638715277777275,0.006637760416666143,0.006636024305554989,0.006632204861110594,0.006629774305555002,0.006637499999999479,0.006639670138888369,0.006631944444443931,0.006634027777777222,0.006633593749999464,0.006634461805554973,0.006640017361110581,0.006632031249999464,0.0066390624999994804,0.006639496527777281,0.006634461805554999,0.006636805555555033,0.0066339409722216275,0.006639756944443885,0.006639756944443935,0.006634635416666146,0.006637586805554995,0.006632204861110593,0.006628559027777299,0.0066324652777772644,0.006630642361110584,0.006635243055555002,0.006635850694443945,0.006639062499999505,0.006637239583332793,0.006637413194443911,0.0066317708333327825,0.0066369791666661205,0.006633159722221695,0.006631163194443906,0.00664218749999949,0.006636979166666147,0.006638715277777266,0.006630902777777271,0.006642187499999474,0.006633854166666173,0.006631076388888391,0.006632291666666137,0.006633767361110571,0.006630468749999456,0.006629166666666137,0.00663515624999951,0.006629947916666164,0.006633072916666115,0.006630902777777209,0.00664097222222173,0.006636024305555062,0.006635243055555007,0.006642621527777228,0.006638020833332824,0.0066373263888883935,0.006631857638888313,0.0066341145833327874,0.006631163194443906,0.006628993055555005,0.00663220486111058,0.006629427083332821,0.006641579861110576,0.006636371527777213,0.006629600694443894,0.0066294270833327906,0.006637586805555082,0.006632638888888359,0.0066317708333328085,0.006639236111110579,0.006639149305555056,0.006636371527777254,0.006630381944443959,0.006639062499999435,0.006638107638888359,0.006632638888888356,0.006631510416666121,0.006637239583332819,0.0066365451388883615,0.006632291666666116,0.0066423611111106045,0.006634548611110613
