HitRate: 1794282/3000000 0.598094
CumReqs: 3000000
CumProbs: 0.10999117406671809
