HitRate: 28519498/30000000 0.950650
CumReqs: 1876351,1876630,1875395,1874475,1872369,1876732,1874942,1874259,1874033,1875642,1875693,1873922,1875564,1875230,1873613,1875150
CumProbs: 0.053031249999995686,0.0531006944444402,0.05306805555555134,0.05310972222221815,0.05309652777777343,0.053006944444440283,0.05306319444444034,0.05306666666666247,0.05305763888888435,0.05308124999999564,0.05311041666666266,0.053133333333328786,0.05307013888888467,0.05308333333332953,0.05302916666666292,0.05311249999999525
