HitRate: 299782/3000000 0.099927
CumReqs: 47090,47177,46745,46686,47243,46825,47022,46509,46841,47126,46903,46883,46964,47108,46528,46751,46905,46866,46854,47112,46572,46633,46821,46535,46671,46707,47318,47178,46530,46653,46864,46801,46768,46968,46979,46700,46926,46858,46879,47009,46852,47012,46816,46668,46892,46900,46646,47268,47475,46977,46781,46762,46773,46673,46731,47414,46560,46687,46827,47068,46658,46756,47475,46821
CumProbs: 0.001562499999999999,0.001562499999999999,0.001562499999999999,0.001562499999999999,0.001562499999999999,0.001562499999999999,0.001562499999999999,0.001562499999999999,0.001562499999999999,0.001562499999999999,0.001562499999999999,0.001562499999999999,0.001562499999999999,0.001562499999999999,0.001562499999999999,0.001562499999999999,0.001562499999999999,0.001562499999999999,0.001562499999999999,0.001562499999999999,0.001562499999999999,0.001562499999999999,0.001562499999999999,0.001562499999999999,0.001562499999999999,0.001562499999999999,0.001562499999999999,0.001562499999999999,0.001562499999999999,0.001562499999999999,0.001562499999999999,0.001562499999999999,0.001562499999999999,0.001562499999999999,0.001562499999999999,0.001562499999999999,0.001562499999999999,0.001562499999999999,0.001562499999999999,0.001562499999999999,0.001562499999999999,0.001562499999999999,0.001562499999999999,0.001562499999999999,0.001562499999999999,0.001562499999999999,0.001562499999999999,0.001562499999999999,0.001562499999999999,0.001562499999999999,0.001562499999999999,0.001562499999999999,0.001562499999999999,0.001562499999999999,0.001562499999999999,0.001562499999999999,0.001562499999999999,0.001562499999999999,0.001562499999999999,0.001562499999999999,0.001562499999999999,0.001562499999999999,0.001562499999999999,0.001562499999999999
