HitRate: 30241/3000000 0.010080
CumReqs: 23382,23430,23236,23047,23580,23487,23347,23420,23407,23213,23352,23368,23451,23470,23825,23603,23236,23340,23305,23340,23636,23418,23347,23596,23473,23241,23385,23605,23322,23432,23382,23464,23487,23350,23680,23247,23261,23228,23742,23542,23469,23389,23581,23323,23004,23350,23586,23571,23416,22996,23251,23481,23318,23456,23428,23240,23464,23412,23519,23423,23481,23407,23344,23560,23354,23463,23216,23496,23767,23328,23596,23563,23591,23484,23323,23484,23344,23539,23497,23564,23484,23475,23466,23549,23558,23327,23371,23661,23699,23486,23422,23519,23225,23386,23491,23413,23408,23656,23390,23442,23408,23724,23602,23775,23575,23529,23618,23569,23342,23354,23196,23468,23642,23493,23234,23454,23429,23182,23708,23353,23330,23216,23446,23656,23457,23282,23446,23329
CumProbs: 0.00017212371096093,0.0001813211611649493,0.00018263508262266636,0.00016522562330791582,0.00016851042695220845,0.00017212371096093036,0.00018164964152937875,0.00017245219132535936,0.00018197812189380783,0.00018000723970723224,0.00016358322148576963,0.00017540851460522272,0.00017310915205421794,0.00018493444517367086,0.0001783648378850861,0.0001754085146052226,0.00017310915205421797,0.00018099268080052014,0.0001717952305965009,0.0001793502789783738,0.00018362052371595402,0.000178364837885086,0.00017770787715622736,0.00017705091642736888,0.00018164964152937848,0.00017902179861394444,0.0001878907684535344,0.00018263508262266636,0.00017179523059650096,0.00016818194658777918,0.00017935027897837384,0.00017212371096093012,0.00018296356298709565,0.00018559140590252958,0.00017179523059650096,0.0001790217986139444,0.0001832920433515248,0.00016522562330791574,0.00018624836663138803,0.00017080978950321328,0.00018164964152937865,0.00017737939679179828,0.0001832920433515249,0.00017639395569851049,0.00017869331824951526,0.0001740945931475057,0.0001869053273602467,0.00017639395569851057,0.00017540851460522272,0.00016916738768106703,0.00017508003424079345,0.0001701528287743547,0.00017212371096093034,0.00018230660225823696,0.00017705091642736896,0.0001767224360629398,0.00017967875934280314,0.00018394900408038337,0.00017836483788508594,0.00018197812189380775,0.00017048130913878371,0.0001691673876810668,0.0001790217986139445,0.00017672243606293991,0.0001829635629870957,0.00017967875934280297,0.00017606547533408128,0.00017902179861394458,0.0001786933182495153,0.00018000723970723224,0.00017606547533408128,0.00018197812189380786,0.00017048130913878377,0.00017672243606293967,0.00017705091642736893,0.00017409459314750593,0.00017179523059650096,0.00018296356298709563,0.00017803635752065676,0.0001750800342407937,0.00018526292553810037,0.00016621106440120348,0.00017278067168978865,0.00017967875934280297,0.00017902179861394436,0.0001737661127830765,0.00017409459314750555,0.0001790217986139446,0.00017836483788508602,0.00017935027897837374,0.00017737939679179823,0.00017113826986764227,0.00016719650549449144,0.00017705091642736896,0.00017540851460522266,0.00018460596480924192,0.00017672243606293972,0.00018099268080052017,0.00017146675023207164,0.00017015282877435477,0.0001685104269522084,0.00017376611278307634,0.00018197812189380783,0.00017902179861394453,0.00018493444517367108,0.00017737939679179806,0.00017639395569851032,0.00017343763241864724,0.00017245219132535936,0.00018559140590252948,0.00017803635752065684,0.00016883890731663755,0.00017508003424079332,0.00017902179861394458,0.00017836483788508613,0.00017540851460522272,0.00016949586804549616,0.0001806642004360907,0.00017278067168978881,0.00018460596480924173,0.00017508003424079343,0.00017836483788508616,0.0001763939556985104,0.00018000723970723224,0.0001701528287743548,0.00016588258403677425,0.00017540851460522266,0.00017310915205421794
