HitRate: 2963435/3000000 0.987812
CumReqs: 3000000
CumProbs: 0.9901300614289504
