HitRate: 1618083/3000000 0.539361
CumReqs: 23697,23497,23514,23472,23186,23624,23242,23225,23387,23479,23752,23293,23431,23287,23397,23511,23558,23824,23304,23800,23526,22904,22937,22864,22958,23102,23130,23078,23251,23449,23390,23328,23866,23462,23346,23314,23179,23123,23077,23647,23856,23835,23580,23551,23407,23797,23116,23286,23698,23462,23361,23365,23433,23107,23163,23172,24016,23670,24242,23905,23689,23495,23460,23428,23469,23559,23273,23786,23232,23388,23153,23356,23218,23630,23669,23894,23465,23423,22974,23290,23318,23501,23493,23374,23211,23338,23591,23625,24027,23332,23150,23607,23111,23328,23067,23528,23344,23352,23062,23297,23352,23480,23444,23941,24325,24023,24113,23600,23611,23251,23565,23183,22739,22672,23031,23206,23305,23756,23771,23800,23453,23619,23368,23204,23650,23609,23434,23555
CumProbs: 0.007406134218231095,0.007351223422281241,0.007369093799661358,0.0072878648115698615,0.007287864811569862,0.007308334516568922,0.007301836197521601,0.007296637542283747,0.0071179337684824364,0.007445449048467386,0.007328479305615618,0.00729988670180741,0.007288514643474598,0.007367469219899534,0.007446098880372112,0.007259922039666386,0.007396061823707754,0.007366494472042443,0.007466243669418812,0.007518555137749738,0.00736227056466168,0.007390538252517527,0.007173819312289387,0.007017859655153702,0.007101687970864129,0.007008112176582719,0.007261546619428213,0.0073200314908540955,0.007275842921332318,0.007111760365387482,0.007358696489185655,0.007254073552523798,0.0074110079575165815,0.007392487748231723,0.007104612214435421,0.007141652633005149,0.007166996077289704,0.0072404270825244255,0.007184216622765098,0.00720858531919255,0.007607257192745663,0.0074590955184667546,0.007388913672755686,0.0073762419506134165,0.007289164475379326,0.007527327868463615,0.007335952372520035,0.007184866454669839,0.0074405753091818915,0.0072888395594269614,0.007403534890612168,0.0073414759437102585,0.006999339445868839,0.007254723384428527,0.007319381658949369,0.007188115614193491,0.007494836273227018,0.00755104673298634,0.0074249793434683214,0.007492561861560451,0.007467543333228274,0.007489962533941529,0.007532526523701472,0.007396386739660111,0.007309634180378385,0.007322305902520663,0.007378841278232351,0.007416531528706804,0.007283315988236737,0.0072144338063351385,0.007275193089427586,0.007155624018956893,0.00717154490062283,0.007392162832279353,0.007516930557987908,0.007420105604182832,0.0072066358234783605,0.007441550057038992,0.007153674523242696,0.007330103885377443,0.007501984424179077,0.0074396005613247985,0.007436351401801134,0.007506858163464561,0.00715237485943323,0.007320031490854104,0.0074701426608471955,0.0075513716489387,0.007356097161566725,0.007350248674424137,0.007437326149658226,0.0074171813606115355,0.0073005365337121325,0.007137428725624393,0.007118258684434798,0.007168620657051526,0.007262521367285311,0.007228080276334515,0.0072859153158556685,0.007125406835386852,0.00737689178251815,0.007212159394668581,0.007508482743226391,0.007511082070845325,0.0074951611891793815,0.007239452334667326,0.007468193165133001,0.00733465270871057,0.007382090437756014,0.007494186441322288,0.007390863168469888,0.007041578519676422,0.006973996001584288,0.006977245161107945,0.007195913597050278,0.007290464139188792,0.007445124132515016,0.007377541614422883,0.007482164551084745,0.007365194808232978,0.007308009600616561,0.007481189803227651,0.00745779585465729,0.007417506276563903,0.007276167837284685,0.00765859391321949,0.0074337520741822065,0.0073713682113279305
