HitRate: 33433/3000000 0.011144
CumReqs: 3000000
CumProbs: 0.008805555555555525
