HitRate: 17745417/30000000 0.591514
CumReqs: 30000000
CumProbs: 0.5914503671955749
