HitRate: 1832278/3000000 0.610759
CumReqs: 3000000
CumProbs: 0.12376699922408921
