HitRate: 116421/3000000 0.038807
CumReqs: 187887,186748,187712,186851,187525,187989,187652,187919,187716,186990,188203,187037,187803,188084,186848,187036
CumProbs: 0.005177083333333333,0.005500000000000001,0.005312500000000002,0.005250000000000003,0.0051666666666666675,0.005260416666666668,0.005302083333333334,0.0049791666666666665,0.005156250000000005,0.005291666666666667,0.004958333333333335,0.005187500000000005,0.00526041666666667,0.005239583333333335,0.005104166666666662,0.005416666666666674
