HitRate: 1746478/3000000 0.582159
CumReqs: 46944,46828,46708,47136,46799,46873,46914,47047,46952,46551,47157,47029,46804,46942,47237,46636,46846,47120,46524,46874,46884,46732,46752,47033,47238,46760,47059,46631,46989,46821,46832,46827,46829,46813,46744,46852,46668,47209,46682,46856,46586,46535,46906,46977,46887,46624,46757,47064,46831,47547,47023,46593,47014,46827,46575,46768,46900,46884,47193,47064,46949,46762,46844,46758
CumProbs: 0.00647569444444457,0.006581597222222353,0.006508680555555684,0.006609375000000128,0.006498263888889015,0.006612847222222345,0.006513888888889021,0.006545138888889011,0.0064600694444445815,0.006640625000000137,0.006597222222222352,0.006467013888889014,0.006546875000000125,0.006512152777777912,0.006539930555555685,0.006569444444444568,0.006487847222222342,0.006618055555555674,0.006633680555555689,0.006534722222222352,0.006666666666666794,0.006553819444444571,0.006656250000000126,0.006534722222222353,0.006513888888889013,0.006500000000000125,0.006463541666666791,0.006571180555555684,0.006432291666666794,0.006498263888889021,0.006519097222222357,0.006562500000000124,0.006484375000000124,0.0063784722222223434,0.00646006944444457,0.006491319444444569,0.006539930555555683,0.006520833333333461,0.006510416666666803,0.006526041666666796,0.006689236111111237,0.0065486111111112385,0.006541666666666796,0.006418402777777907,0.006491319444444575,0.006517361111111236,0.006593750000000132,0.006501736111111247,0.00649305555555568,0.006595486111111232,0.006473958333333467,0.006543402777777903,0.006526041666666793,0.006605902777777899,0.006598958333333459,0.006513888888889015,0.0065885416666667945,0.006430555555555687,0.006491319444444569,0.006569444444444569,0.0065954861111112454,0.006579861111111244,0.00654340277777791,0.00650520833333346
