HitRate: 2225268/3000000 0.741756
CumReqs: 3000000
CumProbs: 0.5121154258253963
