HitRate: 505351/3000000 0.168450
CumReqs: 23385,23336,23787,23017,23448,23545,23438,23584,23429,22925,23553,23389,23466,23518,23436,23651,23443,23513,23193,23112,23550,23571,23532,23750,23659,23338,23453,23770,23473,23383,23428,23477,23500,23234,23490,23271,23623,23539,23571,23520,23767,23607,23689,23075,23450,23425,23315,23440,23465,23553,23376,23336,23392,23188,23294,23581,23593,23552,23741,23605,23593,23641,23559,23154,23315,23471,23331,23060,23291,23469,23469,23144,23367,23351,23534,23162,23305,23510,23727,23522,23566,23322,23369,23345,23583,23625,23602,23495,23455,23536,23188,23357,23243,23407,23363,23274,23384,23556,23525,23249,23481,23427,23357,23420,23749,23407,23660,23274,23581,23370,23446,23090,23276,23306,23469,23077,23429,23099,23344,23823,23748,23562,23452,23527,23251,23555,23397,23260
CumProbs: 0.003995432657818929,0.003935597037178085,0.0039746058948334426,0.0039937797401216665,0.003971961226517823,0.003985845735174817,0.0039022080996934166,0.003948159211677269,0.0040681610364984066,0.003943531042124938,0.003946836877519462,0.0039524567976901475,0.003984523401017008,0.003981548149161937,0.00396369663803152,0.004063202283406623,0.003939564039651512,0.003956423800163573,0.0038833648379446428,0.004016920587883319,0.003993118573042763,0.0038810507531684773,0.003959068468479189,0.004012953585409895,0.003963366054492067,0.004026176926987979,0.003991796238884957,0.004001052577989616,0.004019565256198937,0.004087996048865532,0.003923696029757811,0.004027829844685242,0.004035102682553187,0.003925018363915617,0.004039400268566066,0.004066838702340599,0.003953448548308502,0.004101880557522527,0.0039970855755161894,0.004057251779696483,0.004040392019184426,0.003935597037178087,0.004058574113854292,0.003911133855258623,0.003956423800163571,0.003975597645451799,0.004011631251252086,0.0039676636405049474,0.00400303607922633,0.0039874986528720775,0.003922043112060549,0.0038932823441282095,0.003970308308820564,0.003954440298926858,0.004009647750015373,0.0040651857846433345,0.003978572897306868,0.0038995634313778007,0.004062210532788266,0.004074111540208546,0.004021879340975104,0.00401097008417318,0.003993118573042762,0.003906836269245748,0.003993118573042762,0.003969316558202209,0.003960060219097544,0.0039432004585854856,0.003963366054492068,0.003993779740121667,0.004035433266092641,0.003914439690653147,0.0040027054956868775,0.004012292418330989,0.004011300667712636,0.004053284777223059,0.003954440298926862,0.004050640108907442,0.003998077326134547,0.0040906407171811526,0.003969977725281111,0.003990143321187692,0.003948489795216719,0.004069813954195668,0.003986176318714268,0.003999069076752903,0.004009978333554823,0.003965349555728781,0.00413427774438884,0.003962374303873712,0.0039468368775194594,0.004042044936881685,0.003924357196836713,0.003980556398543582,0.003913447940034792,0.0039917962388849575,0.003933282952401922,0.004049978941828536,0.004061879949248814,0.003918406693126574,0.003971961226517826,0.00400468899692359,0.004103202891680339,0.00408237612869485,0.003972952977136183,0.004021218173896197,0.003957746134321384,0.0039256795309945205,0.00399411032366112,0.003966010722807686,0.003955432049545216,0.004025846343448528,0.004029813345921955,0.004007333665239206,0.004002705495686877,0.003929315949928498,0.003980225815004128,0.003912125605876982,0.004020226423277843,0.004018904089120034,0.0039584073014002855,0.003994110323661121,0.003970308308820565,0.0040225405080540075,0.003946506293980007,0.004017581754962224,0.003961713136794808,0.004044028438118397
