HitRate: 3639440/30000000 0.121315
CumReqs: 30000000
CumProbs: 0.078744618055759
