HitRate: 16809329/30000000 0.560311
CumReqs: 30000000
CumProbs: 0.43959843749981703
