HitRate: 11882/3000000 0.003961
CumReqs: 23447,23599,23425,23584,23606,23742,23574,23657,23550,23303,23414,23565,23499,23416,23535,23358,23274,23376,23766,23503,23473,23541,23508,23403,23120,23500,23428,23456,23169,23329,23309,23564,23466,23642,23647,23554,23210,23400,23535,23420,23316,23472,23349,23223,23386,23449,23447,23412,23389,23559,23576,23422,23385,23389,23481,23777,23861,23241,23364,23365,23488,23296,23356,23444,23671,23687,23647,23491,23721,23173,23342,23492,23663,23331,23438,23254,23584,23456,23580,23206,23328,23210,23207,23320,23177,23339,23506,23623,23502,23554,23418,23527,23447,23477,23158,23216,23488,23216,23398,23452,23482,23314,23599,23093,23410,23528,23656,23245,23421,23322,23357,23519,23315,23393,23597,23536,23543,23315,23280,23207,23307,23149,23587,23565,23522,23296,23310,23519
CumProbs: 6.25e-05,5.859374999999998e-05,7.291666666666667e-05,5.598958333333331e-05,6.770833333333332e-05,5.468749999999998e-05,6.380208333333333e-05,6.510416666666665e-05,6.249999999999997e-05,6.119791666666665e-05,6.249999999999999e-05,6.510416666666667e-05,6.510416666666667e-05,5.729166666666665e-05,7.682291666666669e-05,6.119791666666665e-05,7.8125e-05,6.380208333333331e-05,5.7291666666666645e-05,7.03125e-05,6.770833333333336e-05,6.901041666666667e-05,6.901041666666666e-05,7.421874999999998e-05,6.640624999999999e-05,7.03125e-05,6.640624999999999e-05,7.161458333333335e-05,6.119791666666666e-05,7.291666666666667e-05,6.510416666666665e-05,6.640625e-05,6.249999999999999e-05,6.510416666666667e-05,6.770833333333332e-05,8.072916666666667e-05,6.510416666666667e-05,6.640625e-05,6.249999999999999e-05,7.291666666666665e-05,7.03125e-05,7.031249999999998e-05,6.770833333333332e-05,5.989583333333331e-05,6.770833333333334e-05,6.380208333333333e-05,6.901041666666666e-05,7.031250000000002e-05,6.510416666666668e-05,6.249999999999999e-05,5.859375e-05,6.510416666666665e-05,6.770833333333332e-05,5.468749999999998e-05,7.291666666666665e-05,6.901041666666667e-05,6.901041666666668e-05,6.249999999999999e-05,6.770833333333333e-05,6.249999999999999e-05,6.510416666666667e-05,6.510416666666665e-05,7.552083333333332e-05,6.249999999999997e-05,6.119791666666664e-05,6.380208333333334e-05,6.510416666666665e-05,6.25e-05,5.859374999999999e-05,6.119791666666665e-05,6.119791666666665e-05,6.770833333333333e-05,6.770833333333333e-05,6.249999999999999e-05,5.5989583333333306e-05,6.510416666666667e-05,6.640624999999999e-05,6.90104166666667e-05,6.119791666666666e-05,6.770833333333334e-05,6.901041666666666e-05,8.072916666666665e-05,6.380208333333331e-05,7.031249999999998e-05,6.249999999999997e-05,5.8593749999999984e-05,7.291666666666666e-05,7.942708333333335e-05,6.901041666666666e-05,7.161458333333332e-05,5.7291666666666645e-05,6.119791666666668e-05,6.510416666666665e-05,6.901041666666667e-05,5.989583333333332e-05,6.770833333333336e-05,6.380208333333333e-05,5.9895833333333317e-05,5.208333333333332e-05,7.812499999999999e-05,5.8593749999999984e-05,6.901041666666668e-05,7.03125e-05,6.249999999999999e-05,7.161458333333335e-05,6.640625e-05,7.161458333333332e-05,6.510416666666665e-05,5.8593749999999984e-05,7.421875e-05,6.770833333333333e-05,5.3385416666666655e-05,6.510416666666665e-05,5.729166666666665e-05,6.249999999999999e-05,6.640624999999999e-05,6.25e-05,7.161458333333333e-05,5.598958333333331e-05,6.640624999999999e-05,5.859374999999999e-05,5.859374999999998e-05,6.510416666666669e-05,6.770833333333333e-05,7.161458333333333e-05,6.640625e-05,5.5989583333333327e-05,6.510416666666667e-05
