HitRate: 1680448/3000000 0.560149
CumReqs: 94835,93381,94359,93516,93836,94042,93607,93559,93161,93876,93567,93797,93867,93803,93444,92766,93723,93964,93842,93439,93855,93824,94337,94109,93480,93771,93183,94114,93360,93751,93971,93861
CumProbs: 0.01360416666666665,0.01396354166666664,0.0137083333333333,0.013588541666666672,0.013833333333333286,0.013713541666666655,0.013776041666666641,0.01368749999999997,0.01389583333333332,0.013760416666666674,0.013755208333333331,0.013963541666666645,0.013661458333333314,0.01386458333333332,0.013687499999999997,0.013895833333333316,0.013739583333333315,0.01389062499999999,0.013739583333333331,0.01382291666666664,0.013859374999999953,0.013874999999999985,0.013739583333333317,0.013802083333333324,0.013718749999999977,0.013875000000000005,0.013656249999999988,0.013885416666666664,0.013796875000000009,0.013791666666666655,0.013843749999999962,0.013833333333333317
