HitRate: 28517866/30000000 0.950596
CumReqs: 30000000
CumProbs: 0.8493665581306895
