HitRate: 12290/3000000 0.004097
CumReqs: 93604,93176,93786,93582,94535,93963,93562,93818,93954,93938,93916,93255,94068,94258,93568,94076,93429,93621,93536,93603,93422,94515,93713,93270,93808,94596,93947,93256,93442,93555,93501,93727
CumProbs: 0.00020138888888888897,0.00026736111111111107,0.0002395833333333334,0.00021180555555555568,0.00025000000000000006,0.00018750000000000003,0.0002256944444444445,0.00023263888888888886,0.00021180555555555552,0.00024999999999999995,0.00023263888888888886,0.00024652777777777775,0.00021180555555555555,0.0002465277777777778,0.0002569444444444444,0.0002743055555555555,0.00028125000000000003,0.00021527777777777788,0.0002291666666666667,0.00020138888888888894,0.00019097222222222226,0.00026388888888888886,0.0002569444444444444,0.00023611111111111115,0.00023958333333333332,0.00019444444444444443,0.0002638888888888889,0.00025000000000000006,0.0002604166666666666,0.00025000000000000006,0.00023263888888888892,0.0002708333333333334
