HitRate: 101008/3000000 0.033669
CumReqs: 46637,46847,47126,47240,46701,46772,46925,47054,46567,46721,47117,46946,46583,46710,47138,47090,47034,47023,47145,47404,46610,46937,46787,46634,46689,46923,46904,46569,46809,46569,47251,46872,46677,47065,46696,47093,46907,47115,46954,46901,46795,46999,46819,47294,46967,46923,46689,46452,46810,46603,46907,46911,46648,46926,46753,47097,47231,46754,46419,46907,46685,46900,47013,46756
CumProbs: 0.0016771360816568018,0.0016513238057354882,0.001682761834101192,0.0016648917969248969,0.0016605897509380122,0.001644043420219218,0.0017165163487675302,0.0016629062372386415,0.0016966607519049788,0.0016447052734479706,0.0016916968526893416,0.0016807762744149367,0.0016705175493692847,0.0017003009446631132,0.0017294224867281862,0.0017466306706757314,0.0016989772382056095,0.001736041019015704,0.0017122143027806435,0.0016959988986762257,0.001659927897709259,0.0017022865043493666,0.0017079122567937575,0.0016791216413430603,0.0016423887871473398,0.0017092359632512593,0.0016423887871473393,0.0016754814485849241,0.001682099980872442,0.001655956778336749,0.001694344265604348,0.0016423887871473387,0.0016308063556441856,0.001667870136454279,0.0016999700180487369,0.001699308164819985,0.0016599278977092599,0.0016655536501536468,0.0016784597881143069,0.001632460988716063,0.0017188328350681598,0.0017314080464144422,0.001690042219617461,0.0016913659260749646,0.0016188929975266538,0.0016860711002449507,0.0016751505219705473,0.0016774670082711793,0.0016245187499710424,0.0016877257333168312,0.0016923587059180913,0.0016370939613173257,0.0016490073194348571,0.001663568090467395,0.00167349588889867,0.0016731649622842928,0.0017105596697087637,0.00166555365015365,0.0016334537685591896,0.0016847473937874472,0.0016539712186504935,0.0016923587059180937,0.0017085741100225083,0.0016539712186504937
