HitRate: 3316968/30000000 0.110566
CumReqs: 30000000
CumProbs: 0.08947951388909828
