HitRate: 33465/3000000 0.011155
CumReqs: 3000000
CumProbs: 0.008791666666666803
