HitRate: 2967807/3000000 0.989269
CumReqs: 312256,340042,417312,319254,358481,536326,327548,388781
CumProbs: 0.10351035663344593,0.1127499749088431,0.1382369197408625,0.10584036945467085,0.11891094553312205,0.17823870085847912,0.10889781332473038,0.12898995082134707
