HitRate: 2220456/3000000 0.740152
CumReqs: 80274,68622,66599,80476,77152,178012,169137,168164,77934,75197,124268,117830,116136,75453,73187,111281,105173,104439,73182,71038,97998,92790,91559,71123,69128,90561,86151,84185,69607,67756,84739,80849
CumProbs: 0.054652342825628863,0.04359858334763994,0.04099522280855372,0.054227784601495285,0.054062402436122384,0.1539668188359349,0.1458120529461557,0.14166357887005868,0.053532781794307004,0.05013499029249776,0.10023882642959456,0.09246122467647733,0.09385686455300082,0.05142357918822876,0.04740502456869725,0.08873134313518188,0.0817816464904844,0.0786456824649168,0.04894450384356105,0.04734967622878288,0.07373558871742317,0.06889509467880395,0.06717366187931142,0.04715545989830487,0.04545523843865979,0.06738212957874942,0.06121592679966618,0.0605968208178695,0.0445709907087703,0.043918742008462026,0.06129745788720471,0.05592071466306782
