HitRate: 2769933/3000000 0.923311
CumReqs: 3000000
CumProbs: 0.8769722222221227
