HitRate: 599423/3000000 0.199808
CumReqs: 187982,187318,186435,187360,187603,186863,187310,187613,187578,187644,187777,187630,188464,188186,187483,186754
CumProbs: 0.025208333333333825,0.02481944444444497,0.0251527777777783,0.024868055555556084,0.025402777777778253,0.02519444444444499,0.024958333333333842,0.025250000000000477,0.025347222222222722,0.0243472222222227,0.025069444444444953,0.025548611111111626,0.024791666666667184,0.025743055555556074,0.025604166666667188,0.02515277777777827
