HitRate: 2851720/3000000 0.950573
CumReqs: 375609,374378,374205,374303,375400,374330,375561,376214
CumProbs: 0.1061111111111109,0.10597222222222202,0.10527777777777762,0.10624999999999978,0.10611111111111092,0.10597222222222216,0.10541666666666652,0.10541666666666653
