HitRate: 1618278/3000000 0.539426
CumReqs: 3000000
CumProbs: 0.4616189236109281
