HitRate: 968432/3000000 0.322811
CumReqs: 335450,340548,352676,356006,362899,411295,414796,426330
CumProbs: 0.09988704760298618,0.09280227597913465,0.06338932514858955,0.11189686369621972,0.11216549642561824,0.16920562368954056,0.17014517165998028,0.1737303853946451
