HitRate: 30071/3000000 0.010024
CumReqs: 3000000
CumProbs: 0.00999999999999999
