HitRate: 2656120/3000000 0.885373
CumReqs: 3000000
CumProbs: 0.885086885144447
