HitRate: 1060544/3000000 0.353515
CumReqs: 46907,46959,46784,46779,46783,46859,46825,47098,46988,46670,47038,47094,46866,47191,46585,46758,47245,46874,46843,47014,46712,46725,46548,47220,46951,46989,47189,46329,47228,46946,46604,46712,47331,46418,46952,46665,46830,46934,46753,47306,46595,46491,46475,46951,46881,46735,46759,46826,47074,46986,47305,47027,47004,46644,47073,46781,46538,46820,47060,46787,47021,46817,47112,46736
CumProbs: 0.0114322916666666,0.011618055555555513,0.011529513888888804,0.011664930555555527,0.011489583333333282,0.011826388888888848,0.011677083333333286,0.01155729166666661,0.01136284722222218,0.011645833333333275,0.011708333333333267,0.01156597222222217,0.011715277777777706,0.011592013888888824,0.011559027777777715,0.011515624999999955,0.011560763888888806,0.01153298611111109,0.011663194444444403,0.01176388888888881,0.011710069444444407,0.011562499999999953,0.011810763888888813,0.01164062499999994,0.0115243055555555,0.01146354166666663,0.011550347222222148,0.01148958333333328,0.011473958333333282,0.011685763888888822,0.01150520833333329,0.011381944444444396,0.01158159722222221,0.011664930555555494,0.011562499999999969,0.01139583333333329,0.011593749999999932,0.011597222222222136,0.011548611111111043,0.011649305555555479,0.011744791666666594,0.011666666666666603,0.011769097222222165,0.011526041666666598,0.011447916666666625,0.011477430555555515,0.011562499999999922,0.011364583333333313,0.0116180555555555,0.011515624999999925,0.011574652777777741,0.01165972222222216,0.011630208333333275,0.011555555555555487,0.011493055555555527,0.01151909722222219,0.01177256944444437,0.011609374999999946,0.01153993055555552,0.01150868055555552,0.011607638888888815,0.01172569444444438,0.011494791666666605,0.011611111111111067
