HitRate: 367554/30000000 0.012252
CumReqs: 467886,469260,468767,469166,468782,468453,469139,469451,468709,468003,468706,469387,468064,468932,469284,469257,468648,469218,468066,470050,467575,469351,468705,469293,468420,469707,467477,469010,469615,468343,469815,469570,468819,467691,469190,468984,468003,468130,469032,469080,468205,468957,468400,469567,468889,468457,468310,467716,468173,468200,468924,469861,467664,469745,467794,468375,469399,468608,468111,469202,468952,468781,468379,468293
CumProbs: 0.00012204861111111068,0.00012013888888888846,0.00011996527777777736,0.0001236111111111107,0.000125694444444444,0.00011649305555555514,0.00012361111111111066,0.00012430555555555516,0.0001190972222222218,0.0001262152777777773,0.00011822916666666622,0.00011857638888888847,0.00012204861111111067,0.00011510416666666625,0.000124131944444444,0.00012204861111111067,0.00011840277777777736,0.00012638888888888842,0.00012326388888888844,0.00012187499999999955,0.00012083333333333291,0.00012482638888888843,0.0001222222222222218,0.00012152777777777733,0.00012638888888888842,0.00011753472222222175,0.00012204861111111068,0.00012673611111111062,0.00011944444444444399,0.00012274305555555517,0.00012187499999999956,0.00012569444444444398,0.00012482638888888843,0.00012013888888888846,0.00011701388888888848,0.00012725694444444397,0.00012100694444444402,0.0001204861111111107,0.00012309027777777733,0.00011944444444444399,0.00011805555555555513,0.00012430555555555507,0.00012465277777777735,0.0001291666666666662,0.00012170138888888842,0.00012395833333333285,0.00012916666666666618,0.00011822916666666622,0.00012395833333333288,0.00012829861111111066,0.00012378472222222174,0.00012100694444444402,0.00012934027777777735,0.00012499999999999957,0.00011927083333333292,0.0001236111111111107,0.00011979166666666621,0.00012413194444444402,0.00012065972222222178,0.00012118055555555512,0.00011770833333333292,0.00011961805555555512,0.00012118055555555515,0.00012083333333333289
