HitRate: 2789405/3000000 0.929802
CumReqs: 3000000
CumProbs: 0.9058108528184504
