HitRate: 2972467/3000000 0.990822
CumReqs: 3000000
CumProbs: 0.9993198469065874
