HitRate: 121682/3000000 0.040561
CumReqs: 375537,375937,375011,373989,374655,374970,374774,375127
CumProbs: 0.009861111111111109,0.010416666666666668,0.010277777777777778,0.01027777777777778,0.010694444444444446,0.010277777777777776,0.011388888888888893,0.009861111111111112
