HitRate: 2951000/3000000 0.983667
CumReqs: 3000000
CumProbs: 0.9840364563892818
