HitRate: 333926/30000000 0.011131
CumReqs: 3753580,3749208,3750162,3747700,3749570,3751959,3748946,3748875
CumProbs: 0.0010805555555555518,0.0011083333333333294,0.0011083333333333294,0.0011444444444444403,0.0011277777777777738,0.001102777777777774,0.001124999999999996,0.0010972222222222184
