HitRate: 17455425/30000000 0.581847
CumReqs: 234758,234261,234367,234207,234290,234734,234058,233832,233772,234632,235471,234500,234666,234058,234175,234943,234843,234306,233648,234666,234547,233306,233953,233542,234405,234006,234793,234271,234372,235010,234510,234959,234562,235145,234603,234580,234722,234239,233676,234635,234435,233830,233232,234766,234729,234665,233874,234348,234670,234127,235318,233955,233636,234177,234174,234621,234255,234766,233806,235191,234014,234225,234541,234208,235614,234936,235041,234425,233656,234595,234803,235309,234127,234602,234586,234060,234379,234145,234535,234907,234814,233379,234494,234300,234440,234592,233789,233478,234616,234037,234689,234291,234139,233669,234509,233603,234734,234599,234199,233478,234803,235264,233944,234453,234516,234528,233878,233686,234920,233590,234267,233916,233601,234754,234038,234385,233601,234604,234730,234500,234986,233819,234632,235305,234239,234475,234775,234636
CumProbs: 0.003251649305555559,0.0032696180555555764,0.003257552083333343,0.0032579861111111355,0.0032776041666666583,0.0032671875000000183,0.0032803819444444595,0.0032618055555555694,0.003264670138888887,0.003284114583333337,0.0032592881944444557,0.003263802083333355,0.003275607638888908,0.0032600694444444495,0.003280729166666671,0.0032763888888889033,0.0032623263888888966,0.0032763020833333637,0.00325789930555556,0.003269357638888904,0.003269965277777779,0.0032713541666666785,0.003279427083333346,0.0032691840277777836,0.003256336805555565,0.003267274305555563,0.003273784722222227,0.003265104166666682,0.0032566840277777997,0.003266145833333364,0.0032694444444444424,0.003293142361111109,0.003276649305555576,0.0032625868055555676,0.003268055555555573,0.0032794270833333373,0.0032608506944444555,0.0032643229166666662,0.0032649305555555713,0.0032756076388888765,0.0032600694444444556,0.003258767361111115,0.0032704861111111103,0.003248524305555588,0.0032783854166666612,0.0032687500000000294,0.0032480034722222402,0.0032700520833333383,0.003261111111111096,0.0032598090277777833,0.0032737847222222257,0.0032566840277777898,0.0032692708333333454,0.0032472222222222364,0.0032600694444444634,0.0032736979166666774,0.0032622395833333383,0.0032645833333333598,0.003270312500000017,0.003262586805555567,0.003278472222222227,0.0032754340277777786,0.0032624999999999907,0.003279340277777777,0.0032598958333333304,0.003278472222222229,0.0032556423611111297,0.003273350694444485,0.003266666666666683,0.00327517361111113,0.003280729166666669,0.003257812500000023,0.0032638020833333573,0.0032753472222222264,0.003274392361111111,0.0032722222222222363,0.0032729166666666974,0.00325564236111112,0.0032552083333333443,0.003284201388888887,0.003267274305555563,0.0032796875000000144,0.0032702256944444506,0.0032729166666666766,0.0032464409722222343,0.0032594618055555922,0.0032625868055555663,0.0032584201388888966,0.0032778645833333392,0.003275781249999999,0.00324730902777779,0.003269965277777801,0.0032751736111111362,0.003278298611111131,0.0032702256944444332,0.0032566840277777963,0.0032702256944444666,0.0032723090277777906,0.0032621527777777918,0.0032698784722222213,0.003270659722222241,0.0032844618055555617,0.0032736979166666873,0.0032776909722222435,0.003261892361111109,0.0032638020833333386,0.0032774305555555473,0.003270746527777777,0.0032709201388889065,0.003273437500000004,0.003271354166666678,0.003252256944444453,0.003273871527777784,0.0032756944444444517,0.0032562500000000126,0.0032743055555555537,0.0032751736111111146,0.0032490451388889102,0.0032749131944444696,0.003254079861111109,0.0032633680555555584,0.0032655381944444624,0.003263628472222224,0.0032710069444444405,0.0032578993055555785,0.0032599826388888856,0.003269704861111117,0.0032776041666666656
