HitRate: 2998830/30000000 0.099961
CumReqs: 30000000
CumProbs: 0.0999999999995519
