HitRate: 1060655/3000000 0.353552
CumReqs: 23332,23511,23445,23502,23714,23580,23436,23389,23342,23465,23534,23711,23389,23292,23310,23517,23475,23342,23358,22867,23661,23607,23490,23280,23305,23491,23268,23505,23546,23638,23330,23360,23483,23543,23422,23424,23435,23269,23401,23471,23491,23605,23403,23477,23851,23466,23444,23421,23314,23677,23546,23428,23502,23180,23478,23230,23519,23377,23307,23576,23321,23496,23595,23514,23518,23624,23653,23371,23424,23416,23501,23561,23243,23410,23308,23329,23194,23428,23465,23550,23228,23247,23477,23315,23495,23641,23638,23060,23410,23600,23474,23485,23443,23424,23455,23499,23407,23345,23425,23323,23434,23444,23395,23296,23529,23227,23253,23693,23369,23514,23151,23515,23370,23485,23555,23330,23651,23580,23267,23707,23177,23368,23153,23313,23528,23788,23446,23418
CumProbs: 0.0058038194444444075,0.005787326388888865,0.005901909722222175,0.005730034722222179,0.005813368055555525,0.0057725694444444205,0.005797743055555522,0.0057343749999999635,0.005801215277777763,0.005792534722222195,0.005839409722222186,0.0057387152777777445,0.005804687499999971,0.005782986111111087,0.005814236111111095,0.005759548611111094,0.005775173611111104,0.005749999999999977,0.005860243055555539,0.0058211805555555265,0.005753472222222195,0.00575868055555553,0.005767361111111086,0.005781249999999972,0.005778645833333318,0.005672743055555533,0.005886284722222203,0.005793402777777762,0.005756944444444417,0.005749999999999967,0.005781249999999973,0.005740451388888859,0.005754340277777747,0.0058142361111111025,0.005887152777777754,0.005783854166666641,0.0058151041666666395,0.005732638888888866,0.005707465277777743,0.005803819444444419,0.00578211805555553,0.005907118055555536,0.005901909722222202,0.005804687499999978,0.005862847222222196,0.005751736111111073,0.005786458333333302,0.0058706597222221895,0.005832465277777737,0.005733506944444419,0.00570399305555553,0.005781249999999961,0.005734374999999968,0.005784722222222183,0.0057543402777777515,0.005809895833333315,0.005743055555555542,0.00585503472222219,0.005696180555555521,0.005860243055555534,0.005902777777777739,0.005775173611111073,0.005802951388888854,0.005861111111111073,0.005802951388888873,0.005819444444444415,0.005822048611111096,0.005752604166666632,0.005809895833333307,0.005780381944444418,0.005720486111111095,0.005754340277777752,0.00579947916666664,0.005781249999999982,0.00580295138888885,0.0057916666666666325,0.005869791666666635,0.005772569444444415,0.0058689236111110765,0.005824652777777742,0.005785590277777748,0.005832465277777747,0.005827256944444414,0.005777777777777751,0.005840277777777744,0.005819444444444402,0.005784722222222178,0.005801215277777755,0.00583072916666663,0.005786458333333306,0.0057343749999999765,0.0057491319444444265,0.0057621527777777445,0.005807291666666633,0.005807291666666639,0.0056675347222222006,0.005865451388888861,0.005811631944444416,0.005796006944444419,0.005792534722222183,0.0057682291666666385,0.005815972222222181,0.005724826388888869,0.005808159722222181,0.00576475694444444,0.005800347222222196,0.005828993055555523,0.005731770833333302,0.005719618055555532,0.005776041666666645,0.0058133680555555334,0.005776909722222188,0.005789930555555523,0.00581857638888886,0.0058628472222221825,0.005737847222222209,0.005825520833333302,0.00581249999999998,0.005757812499999965,0.005809895833333319,0.00574218749999997,0.005806423611111086,0.005709201388888851,0.005809895833333305,0.005804687499999987,0.005809895833333303,0.005788194444444413,0.00584635416666664
