HitRate: 1500358/3000000 0.500119
CumReqs: 23225,23291,23599,23394,23246,23619,23404,23364,23452,23446,23401,23410,23349,23601,23435,23355,23726,23304,23708,23336,23442,23594,23484,23280,23340,23480,23202,23487,23281,23362,23326,23847,23543,23619,23157,23315,23550,23294,23455,23789,23355,23498,23401,23310,23636,23429,23426,23436,23495,23675,23626,23518,23142,23641,23609,23534,23521,23426,23342,23665,23232,23696,23515,23631,23565,23489,23519,23400,23408,23471,23433,23395,23376,23214,23591,23450,23494,23358,23475,22984,23562,23367,23218,23259,23372,23567,23332,23508,23237,23315,23352,23486,23558,23333,23537,23712,23506,23377,23448,23163,23304,23619,23628,23462,23241,23408,23337,23563,23614,23345,23351,23392,23638,23205,23274,23529,23268,23284,23342,23384,23545,23309,23444,23600,23572,23404,23582,23254
CumProbs: 0.003906250000000089,0.003906250000000089,0.003906250000000089,0.003906250000000089,0.003906250000000089,0.003906250000000089,0.003906250000000089,0.003906250000000089,0.003906250000000089,0.003906250000000089,0.003906250000000089,0.003906250000000089,0.003906250000000089,0.003906250000000089,0.003906250000000089,0.003906250000000089,0.003906250000000089,0.003906250000000089,0.003906250000000089,0.003906250000000089,0.003906250000000089,0.003906250000000089,0.003906250000000089,0.003906250000000089,0.003906250000000089,0.003906250000000089,0.003906250000000089,0.003906250000000089,0.003906250000000089,0.003906250000000089,0.003906250000000089,0.003906250000000089,0.003906250000000089,0.003906250000000089,0.003906250000000089,0.003906250000000089,0.003906250000000089,0.003906250000000089,0.003906250000000089,0.003906250000000089,0.003906250000000089,0.003906250000000089,0.003906250000000089,0.003906250000000089,0.003906250000000089,0.003906250000000089,0.003906250000000089,0.003906250000000089,0.003906250000000089,0.003906250000000089,0.003906250000000089,0.003906250000000089,0.003906250000000089,0.003906250000000089,0.003906250000000089,0.003906250000000089,0.003906250000000089,0.003906250000000089,0.003906250000000089,0.003906250000000089,0.003906250000000089,0.003906250000000089,0.003906250000000089,0.003906250000000089,0.003906250000000089,0.003906250000000089,0.003906250000000089,0.003906250000000089,0.003906250000000089,0.003906250000000089,0.003906250000000089,0.003906250000000089,0.003906250000000089,0.003906250000000089,0.003906250000000089,0.003906250000000089,0.003906250000000089,0.003906250000000089,0.003906250000000089,0.003906250000000089,0.003906250000000089,0.003906250000000089,0.003906250000000089,0.003906250000000089,0.003906250000000089,0.003906250000000089,0.003906250000000089,0.003906250000000089,0.003906250000000089,0.003906250000000089,0.003906250000000089,0.003906250000000089,0.003906250000000089,0.003906250000000089,0.003906250000000089,0.003906250000000089,0.003906250000000089,0.003906250000000089,0.003906250000000089,0.003906250000000089,0.003906250000000089,0.003906250000000089,0.003906250000000089,0.003906250000000089,0.003906250000000089,0.003906250000000089,0.003906250000000089,0.003906250000000089,0.003906250000000089,0.003906250000000089,0.003906250000000089,0.003906250000000089,0.003906250000000089,0.003906250000000089,0.003906250000000089,0.003906250000000089,0.003906250000000089,0.003906250000000089,0.003906250000000089,0.003906250000000089,0.003906250000000089,0.003906250000000089,0.003906250000000089,0.003906250000000089,0.003906250000000089,0.003906250000000089,0.003906250000000089,0.003906250000000089
