HitRate: 4999694/30000000 0.166656
CumReqs: 937088,936261,937724,936989,937582,937413,936961,939396,935981,937340,936466,939702,937597,939037,938754,937648,937625,936011,937450,936447,937789,938432,936239,938440,937118,938560,938353,937671,937443,938182,934579,937722
CumProbs: 0.015624999999998584,0.015624999999998584,0.015624999999998584,0.015624999999998584,0.015624999999998584,0.015624999999998584,0.015624999999998584,0.015624999999998584,0.015624999999998584,0.015624999999998584,0.015624999999998584,0.015624999999998584,0.015624999999998584,0.015624999999998584,0.015624999999998584,0.015624999999998584,0.015624999999998584,0.015624999999998584,0.015624999999998584,0.015624999999998584,0.015624999999998584,0.015624999999998584,0.015624999999998584,0.015624999999998584,0.015624999999998584,0.015624999999998584,0.015624999999998584,0.015624999999998584,0.015624999999998584,0.015624999999998584,0.015624999999998584,0.015624999999998584
