HitRate: 572248/3000000 0.190749
CumReqs: 374815,375085,375123,374842,374984,374861,375453,374837
CumProbs: 0.054166666666666675,0.05354166666666666,0.051666666666666666,0.05312500000000002,0.05375000000000003,0.05375000000000003,0.05187500000000003,0.05541666666666668
