HitRate: 39755/3000000 0.013252
CumReqs: 23556,23220,23310,23430,23250,23433,23365,23244,23336,23554,23325,23513,23571,23498,23146,23399,23585,23641,23455,23406,23247,23793,23314,23680,23296,23505,23614,23327,23161,23304,23619,23560,23372,23450,23467,23549,23355,23220,23505,23266,23695,23532,23283,23474,23614,23378,23310,23633,23182,23178,23517,23381,23301,23455,23588,23541,23340,23359,23214,23641,23387,23283,23592,23548,23394,23250,23443,23656,23327,23447,23342,23452,23535,23169,23382,23252,23250,23215,23774,23124,23225,23595,23421,23632,23221,23453,23418,23494,23262,23544,23318,23430,23284,23694,23475,23392,23546,23442,23737,23425,23432,23330,23856,23636,23454,23610,23607,23639,23289,23658,23402,23525,23387,23387,23558,23171,23744,23499,23326,23681,23370,23386,23404,23455,23374,23390,23562,23581
CumProbs: 9.914627945480534e-05,9.814518864302838e-05,0.00010807965421564525,0.00010542220427388395,0.0001042625182384607,0.00010519770515973077,0.0001098062981697923,9.587383051998896e-05,0.0001009436965105505,0.0001050141264073103,0.00010462133433711478,0.0001140834999971506,0.00010490197179306836,0.00010326488605851734,0.00011257373260386076,9.777573894689386e-05,0.00010719760815525316,9.189248412865193e-05,0.00010693899743693762,0.00011099468406780304,9.653396804928749e-05,0.00010096394646085441,0.00011239952606554615,0.00010582860029595814,0.00010894990023801692,0.00012045074625989725,9.421728150433534e-05,0.00010024027861191513,0.00010104856765304882,0.00010430643608111589,0.00011127585049097823,0.00010188334574504892,9.109118016749584e-05,0.00010173954804034546,0.0001048169437030112,9.484766123660317e-05,9.735614587080379e-05,0.00010215941238167737,0.00010551269835856437,0.00010473751724019818,0.00010347511662094933,0.00010717786004564665,9.668313680577958e-05,0.00010487445193428292,0.00010196060208592718,0.00010011781591848298,9.919097040339976e-05,0.00010742487417487318,0.00010951849931145396,9.849168929970255e-05,0.00011172688320859841,0.00010643226040190397,9.392950977252115e-05,0.00011330878002969555,0.00011660250972273485,9.383896143479241e-05,0.0001134469489806307,0.00010264413624233507,0.00011146397293619957,9.939846118688905e-05,0.00010428354129470393,9.246511149093041e-05,0.00010040024372503272,9.935497736862088e-05,0.00010555129940247928,0.00011406441648738661,0.00011607515652932081,9.175583426307113e-05,0.00010868730192064622,9.876310373743333e-05,0.00010446215589319853,0.00010309846483264374,0.00011117692005727637,0.0001033081799911162,0.00010508591675356531,0.0001009643397954551,0.00010701615883498124,0.00010990075272700371,0.000102843055044182,9.547102876236926e-05,9.873353582607191e-05,9.907613026326349e-05,9.83786801999488e-05,0.00010754777089269228,0.00010791553874432737,0.00010558408180695656,9.68259986453987e-05,9.479419485743501e-05,0.00010045733149517958,0.00010501492663977374,9.42752373232561e-05,0.00010443578891169094,0.00010411554673042763,0.00010606164426522953,0.00010556913509213077,0.00011442240522705303,0.00010454493248174837,0.00011492016338258153,0.00010332665315408607,0.00010187551974282161,0.00010675669363115385,0.00011144330252477082,0.00010944266711309542,9.868040852845604e-05,0.000101823016355262,9.557980612435023e-05,0.00010295763748233847,0.00010852306437996954,0.00010348078606450391,8.865573369966274e-05,0.00010470865461846558,9.964675026275225e-05,0.00011313683855615038,0.00010706152794668021,0.00010281493840186448,9.942607598850914e-05,9.729542314641616e-05,9.203149400183679e-05,0.00010771879006441522,0.00010429059419099195,0.00011462645094197091,0.000101424134380387,0.00011692376914865514,0.0001113554532761984,9.66495406055767e-05,9.830192569976801e-05,0.00010765195030882393,0.0001057449285321102
