HitRate: 1016892/3000000 0.338964
CumReqs: 46630,47047,46598,47039,46885,46679,46911,46661,46825,47069,47042,46750,46857,46515,46835,46916,46945,47097,46878,46984,46814,46688,46688,47134,46974,47059,46765,46682,47177,47276,46830,47023,46273,46920,46781,47180,46702,46897,46769,47113,47226,46462,46622,46533,46663,46995,47008,47293,46980,46872,46715,47223,46845,46592,46791,46938,46850,46652,46709,47374,46957,46857,46932,47003
CumProbs: 0.01210937500000001,0.012708333333333344,0.012109375000000006,0.012161458333333342,0.012682291666666673,0.012526041666666682,0.012812500000000017,0.012161458333333338,0.01208333333333334,0.012187500000000013,0.012421875000000016,0.012265625000000006,0.01247395833333334,0.012630208333333347,0.012552083333333356,0.012265625000000016,0.01239583333333335,0.012057291666666683,0.012760416666666677,0.012421875000000016,0.011927083333333349,0.012187500000000021,0.01218750000000001,0.01221354166666669,0.012630208333333346,0.011875000000000016,0.011927083333333331,0.012083333333333356,0.011875000000000012,0.012317708333333342,0.012135416666666668,0.01239583333333335,0.011796875000000012,0.012500000000000011,0.012187500000000009,0.012265625000000014,0.012552083333333346,0.012161458333333342,0.012239583333333344,0.012343750000000007,0.012656250000000023,0.012552083333333344,0.012708333333333339,0.012057291666666683,0.012265625000000014,0.012578125000000016,0.01192708333333335,0.012421875000000016,0.01263020833333336,0.012500000000000015,0.012187500000000009,0.011927083333333345,0.012473958333333335,0.011953125000000024,0.012187500000000014,0.01265625000000001,0.011822916666666685,0.012630208333333342,0.012161458333333345,0.012395833333333349,0.012447916666666689,0.012213541666666678,0.012395833333333328,0.012604166666666666
