HitRate: 29711130/30000000 0.990371
CumReqs: 30000000
CumProbs: 0.9939454834430771
