HitRate: 333839/30000000 0.011128
CumReqs: 30000000
CumProbs: 0.0088916666666668
