HitRate: 999282/30000000 0.033309
CumReqs: 469376,468321,468259,469773,469103,469204,468585,470349,469802,469722,467297,467835,468299,469610,468788,468325,469040,466627,467460,468563,468273,469205,467706,469206,469285,468561,467997,469217,467978,469213,467949,469746,469355,469294,469240,467903,467224,468721,468074,468470,468399,468822,468200,469825,469592,468861,469500,468979,468903,469304,469209,467734,468200,469737,468789,468528,468987,468371,469379,469080,467832,468904,469575,468335
CumProbs: 0.0015624999999999806,0.0015624999999999806,0.0015624999999999806,0.0015624999999999806,0.0015624999999999806,0.0015624999999999806,0.0015624999999999806,0.0015624999999999806,0.0015624999999999806,0.0015624999999999806,0.0015624999999999806,0.0015624999999999806,0.0015624999999999806,0.0015624999999999806,0.0015624999999999806,0.0015624999999999806,0.0015624999999999806,0.0015624999999999806,0.0015624999999999806,0.0015624999999999806,0.0015624999999999806,0.0015624999999999806,0.0015624999999999806,0.0015624999999999806,0.0015624999999999806,0.0015624999999999806,0.0015624999999999806,0.0015624999999999806,0.0015624999999999806,0.0015624999999999806,0.0015624999999999806,0.0015624999999999806,0.0015624999999999806,0.0015624999999999806,0.0015624999999999806,0.0015624999999999806,0.0015624999999999806,0.0015624999999999806,0.0015624999999999806,0.0015624999999999806,0.0015624999999999806,0.0015624999999999806,0.0015624999999999806,0.0015624999999999806,0.0015624999999999806,0.0015624999999999806,0.0015624999999999806,0.0015624999999999806,0.0015624999999999806,0.0015624999999999806,0.0015624999999999806,0.0015624999999999806,0.0015624999999999806,0.0015624999999999806,0.0015624999999999806,0.0015624999999999806,0.0015624999999999806,0.0015624999999999806,0.0015624999999999806,0.0015624999999999806,0.0015624999999999806,0.0015624999999999806,0.0015624999999999806,0.0015624999999999806
