HitRate: 5733227/30000000 0.191108
CumReqs: 467967,468832,469406,468447,468690,468562,468488,469169,469108,468384,467458,468473,469766,469635,468619,468556,468773,469100,468386,468788,469215,468235,468516,468826,469080,469038,469419,467776,468454,468626,470010,468670,468413,468266,468986,467798,469385,467467,469145,467899,468770,469093,468689,469103,469440,468623,469254,468653,468810,468218,469382,467678,468918,468216,469665,468095,469108,468835,469792,468637,468509,468977,469436,468268
CumProbs: 0.0066997395833327195,0.006696354166666055,0.006663541666666058,0.006665104166666056,0.006694531249999387,0.0066388020833327245,0.006611979166666063,0.006608593749999396,0.0066315104166660595,0.006694010416666053,0.0066976562499993855,0.006592968749999398,0.00663151041666606,0.006641927083332726,0.0066674479166660555,0.006644010416666057,0.00665703124999939,0.006666666666666059,0.006657291666666058,0.006676562499999389,0.0066880208333327225,0.006688802083332722,0.006693229166666054,0.006643229166666057,0.006630208333332724,0.006694531249999384,0.00665546874999939,0.006633333333332725,0.006647656249999391,0.006630729166666057,0.006679166666666055,0.006671614583332722,0.006679427083332721,0.0066463541666660604,0.006651822916666059,0.006670312499999387,0.006633854166666058,0.006645572916666059,0.006643489583332726,0.00668880208333272,0.0066874999999993875,0.006653645833332723,0.006666927083332724,0.006635156249999393,0.006667708333332723,0.006642708333332724,0.006659114583332724,0.006676302083332722,0.006664062499999389,0.006656249999999391,0.006668749999999389,0.006656510416666059,0.0066703124999993885,0.006658072916666054,0.006691145833332721,0.006652864583332723,0.006658072916666057,0.006691666666666055,0.00664921874999939,0.006667447916666056,0.006685156249999389,0.006635677083332726,0.0066932291666660535,0.006658333333332722
