HitRate: 133597/30000000 0.004453
CumReqs: 1877177,1875525,1873401,1871555,1874203,1876201,1875955,1875544,1876584,1875028,1874301,1876461,1874166,1874802,1873988,1875109
CumProbs: 0.0008314534579225589,0.0008423042234385139,0.0008027038546217192,0.0008595537510454834,0.000830977783812193,0.0008257548737470937,0.0008292551556897452,0.0007940195078572945,0.000813604177119608,0.0007916668663113247,0.0008310637381360902,0.0008258619130086532,0.0008348273430857483,0.0008204129540091375,0.0008285080596646579,0.0008454377802426459
