HitRate: 18831909/30000000 0.627730
CumReqs: 936556,938964,938845,938271,936833,936289,936905,937582,937293,935482,937303,936939,936191,938376,936614,937550,937128,937903,937312,936678,936959,938840,939172,937715,938142,936551,938237,936514,938621,937779,937426,939030
CumProbs: 0.019575698437445062,0.01963127589831391,0.019649926239337163,0.019579493612217145,0.019643010703222476,0.019577815414336314,0.019654066404350502,0.019619838442736622,0.01956223358585954,0.019599798668121324,0.019542546600940354,0.019662776626697034,0.019560962424467306,0.0195836578765475,0.019668686178542165,0.019621521694854774,0.0195959744569818,0.019631567362246763,0.01955728209525656,0.01957111047869214,0.019564586336753648,0.019557326962737952,0.01959192804818577,0.019598610757337032,0.01958425488206044,0.019603134955438473,0.019600917952817987,0.019635199644732797,0.019630825448332556,0.019652535630054247,0.019612355486520204,0.019669710491747573
