HitRate: 2699905/3000000 0.899968
CumReqs: 376314,374289,375658,374701,375284,374276,374767,374711
CumProbs: 0.11249999999999964,0.11249999999999964,0.11249999999999964,0.11249999999999964,0.11249999999999964,0.11249999999999964,0.11249999999999964,0.11249999999999964
