HitRate: 29401474/30000000 0.980049
CumReqs: 30000000
CumProbs: 0.9799583102440431
