HitRate: 2969193/3000000 0.989731
CumReqs: 21056,18915,15220,47908,16082,15830,18586,15247,43260,16176,15780,18642,15108,39561,16071,15766,18337,15124,37363,16219,15965,18370,14785,35009,15942,15509,18060,15182,32847,15860,16046,18149,14951,31598,15574,15581,17983,17177,30065,15984,15563,17990,16685,28920,15816,15409,17381,17090,28063,15949,15634,17756,16673,27317,15731,15546,17348,16767,26662,15832,15493,17735,16543,25782,15585,15570,17550,16841,24938,20629,15584,17599,16510,24662,20402,15420,17600,16667,24150,20286,15647,17469,16448,23564,20060,15227,17247,16691,23281,20026,15387,17149,16426,22754,19607,15187,17084,16638,22475,19825,15505,237682,16299,21999,19390,15037,125650,16652,22288,19274,15613,103627,16285,21498,19050,15061,77145,16328,21685,19086,15469,63317,16092,20860,19016,15237,53834,16263
CumProbs: 0.0069624076170844585,0.006224483981180314,0.005072010980652579,0.015917982057335817,0.005342860469898635,0.005198367767622461,0.006170472648710824,0.005008287518674836,0.014455612842804583,0.005373978925670051,0.005214422512319825,0.0061676977545656285,0.005014531030501578,0.013212063852295999,0.0053303734462451366,0.005155356908371553,0.0060852437571076255,0.005027810881053702,0.01237910009191818,0.005371402238249501,0.005293804305545626,0.006106650083370739,0.004941789162551847,0.011616896132243466,0.005246928415163844,0.00511313887601925,0.006006753894142795,0.004997485252180946,0.01097530096452346,0.005276956733949632,0.00528538051974762,0.0060387642801751394,0.004991935463890486,0.01050931695485095,0.005209170034116381,0.005186871777592286,0.005952445251586328,0.005707659946632859,0.010090704352371763,0.005304804778764174,0.005237711802467218,0.005950958701151397,0.005592501839606204,0.009643549981541799,0.005237414492380222,0.005168240345474367,0.005847197480792571,0.005606871827143958,0.009369529184701334,0.005270316808673569,0.005160212973125684,0.005920533968916259,0.005535616509629181,0.009037929334347376,0.005265857157368751,0.0051375183031522826,0.005804583034990974,0.005580312126039692,0.008789278998263173,0.005268235638064651,0.0051861780540559625,0.005847792100966546,0.005503209710147478,0.008531114739395274,0.0052204678174219065,0.005150897257066723,0.00579853772988888,0.005608853894390544,0.00831041155148788,0.006863700668204493,0.0051620959370099456,0.005802799174469024,0.005498452748755664,0.008188217105735869,0.00675260579903331,0.0050892549656978954,0.005825097430993143,0.005556527319080675,0.008012209534238975,0.006659349535081398,0.0051728982035038305,0.005774752922929832,0.005460595264345872,0.00786087869996218,0.006608113096757144,0.0050753804949717814,0.005725597655214489,0.005546022362673758,0.007715097653975714,0.006602166895017365,0.005119283284483667,0.005708056360082218,0.0054354230103142226,0.0075585143414954115,0.006566291477854157,0.005074785874797804,0.005683478726224514,0.005471694840926753,0.00747883523818258,0.006566093271129503,0.0051165083903384504,0.07915226983863505,0.0053822045047433875,0.007348217006632571,0.0064357723496664175,0.00503068487856125,0.041913884133301986,0.005533832649107258,0.007364767268141553,0.006437258900101383,0.005113931702917896,0.03442484124879989,0.005368032723930272,0.007105413768925685,0.006310604803044523,0.005023252126386543,0.025816227680063617,0.005398655662890062,0.00718648031931108,0.006351633595048862,0.00511958059457067,0.020993758965756552,0.005353662736392547,0.0069495241799817035,0.006214375438222711,0.005029594741575636,0.01792670810838859,0.005376456509728281
