HitRate: 2655374/3000000 0.885125
CumReqs: 3000000
CumProbs: 0.6891661207679819
