HitRate: 2851448/3000000 0.950483
CumReqs: 3000000
CumProbs: 0.8493619791661631
