HitRate: 1897425/3000000 0.632475
CumReqs: 3000000
CumProbs: 0.6254140530927793
