HitRate: 9003768/30000000 0.300126
CumReqs: 3747769,3745775,3750798,3750786,3751374,3751757,3749815,3751926
CumProbs: 0.11249999999998883,0.11249999999998883,0.11249999999998883,0.11249999999998883,0.11249999999998883,0.11249999999998883,0.11249999999998883,0.11249999999998883
