HitRate: 2965502/3000000 0.988501
CumReqs: 88441,63802,88466,98608,87472,103496,103646,95784,105454,208111,77231,91635,108115,85754,105292,115348,57168,117461,91000,71942,94336,66763,62935,96760,67807,84223,119442,76499,88429,115163,98559,64858
CumProbs: 0.03247906173106298,0.028973546329959767,0.027927316443308297,0.03432718974952812,0.033556571332076075,0.03343735843468426,0.03316787166480037,0.031595355115534664,0.030483284711241117,0.05216450154900193,0.02924718914580783,0.028240988543968528,0.0368612840913341,0.02745112107152486,0.040175183899565384,0.03281876380381438,0.02073254466163549,0.033011691832254046,0.029698666981067816,0.02513860960138484,0.030891014694247213,0.022332403618559836,0.03099382214704383,0.028733151881824636,0.025816263832797406,0.025719581079316302,0.03555103591633035,0.021894925096021048,0.026932052804532557,0.03974426755486469,0.0284210109559933,0.021593283654730476
