HitRate: 30305/3000000 0.010102
CumReqs: 187286,187819,187599,187273,186952,187218,187114,187677,187175,188118,187584,187627,187234,187893,188047,187384
CumProbs: 0.0007263669540635279,0.0007496586108589689,0.0007440020656372185,0.0007253687402008651,0.0007506568247216307,0.0007566461078976013,0.0007064026768102923,0.000734352664964822,0.0007017443454512049,0.0007223740986128805,0.0007220413606586596,0.0007450002794998807,0.0007093973183982776,0.0007513223006300718,0.0007699556260664238,0.0007190467190706747
