HitRate: 1753881/3000000 0.584627
CumReqs: 3000000
CumProbs: 0.10365829549777636
