HitRate: 598998/3000000 0.199666
CumReqs: 93595,93415,93892,93534,94386,93821,93812,93758,93829,94138,93968,93563,93501,94320,93388,93712,94282,93539,93561,93844,93320,93662,94409,93165,93874,94017,93871,94018,93599,93322,93372,93513
CumProbs: 0.01263194444444469,0.012482638888889133,0.012333333333333567,0.012524305555555807,0.012454861111111376,0.012326388888889138,0.012451388888889123,0.01244097222222248,0.012559027777778033,0.012600694444444699,0.012680555555555816,0.01302083333333359,0.012472222222222478,0.012684027777778032,0.01267361111111134,0.012784722222222487,0.012302083333333578,0.012690972222222464,0.01253472222222246,0.012138888888889164,0.01238541666666692,0.01272916666666694,0.012559027777778023,0.01259375000000025,0.012670138888889158,0.012392361111111362,0.012690972222222482,0.012472222222222492,0.012555555555555795,0.012493055555555818,0.012750000000000254,0.01246180555555581
