HitRate: 2268343/3000000 0.756114
CumReqs: 29519,83432,29473,36667,275951,36363,31389,129112,33684,85217,35897,30562,26933,96636,31112,32838,26747,52863,90843,67980,43878,27854,32015,33432,33180,25438,27675,26052,52798,33375,21542,31372,144392,42766,27188,43592,104026,26966,28055,27725,39119,38993,28435,58808,34901,50819,39014,39618,49483,50666,43131,31152,29148,31073,28929,56375,25320,35609,37341,27283,39162,28213,29379,31490
CumProbs: 0.00614738875269296,0.023984493214315037,0.006032371620679359,0.008517132665256482,0.08807379864116868,0.00826885205734043,0.006760922065955318,0.03944794383254027,0.007772616669077784,0.02471532445257708,0.008327501019840288,0.006387849498942361,0.005437410478875293,0.02851317060201201,0.006550763283664174,0.007411273894564799,0.005123964357070521,0.013891332595659712,0.026498904567711527,0.018659819074467236,0.010889157370806101,0.005659299053666401,0.006924161678246575,0.007572558541439397,0.0073679388278288,0.004777283823182504,0.005403198584083711,0.005072809428667866,0.013593526197188224,0.0073210196578289135,0.003565856919991085,0.00665991551942779,0.0444555877473194,0.010550296698584732,0.005187500733112028,0.010713210483306538,0.03098652768165863,0.005545911059500021,0.005531574646444503,0.0054638025120002254,0.0092192910774075,0.008884014508450003,0.005675916259708028,0.015749201396627277,0.008160677304285149,0.013169950356911509,0.009378620758865445,0.009400125378448705,0.013030170329620202,0.013050371638925713,0.010654561520806686,0.006577155316789102,0.006098514617276417,0.006968148400121468,0.005997508070748893,0.014790942514893568,0.004448197978044432,0.008009493312063302,0.008678417312131075,0.0053178317608894785,0.009340498933240526,0.00576714797915225,0.00621450923199835,0.006434442841372796
