HitRate: 29680672/30000000 0.989356
CumReqs: 2608472,4188041,3264227,2768882,7151923,3146532,2770201,4101722
CumProbs: 0.08580279473312347,0.138445669539876,0.1076324640137223,0.09109379318994046,0.23718486684495413,0.10368397172341672,0.09116542170052977,0.13558507928806887
