HitRate: 2386142/3000000 0.795381
CumReqs: 3000000
CumProbs: 0.500136176276694
