HitRate: 2269288/3000000 0.756429
CumReqs: 43695,46741,53935,34917,35417,27420,30795,28064,30814,34132,37963,38493,30315,77931,78639,148937,200237,199679,129856,33072,38816,52160,51871,45956,43185,46411,42746,40264,33022,35028,26946,30095,29792,29643,29295,30510,63991,63085,65353,42512,44138,36929,26531,23404,36414,45202,47901,36455,32163,28623,28766,23557,24521,22769,43780,43145,42023,24328,36638,42791,43693,32714,26233,25549
CumProbs: 0.03261179648510201,0.035611154118557815,0.04198903035593695,0.02361734719088169,0.023536639599426812,0.01591191342875496,0.019231795496845814,0.017413733467296962,0.019728558957719123,0.022711775072883893,0.026613410636931137,0.028196926523149916,0.019322715069260293,0.06718264622074348,0.06827532818342034,0.13801722860013504,0.18920099484459663,0.1873499909409846,0.11766540938513989,0.02111870604318679,0.026256979559567146,0.04079851102729235,0.04031360664108183,0.033947260059624784,0.03135901701447797,0.03423056017656844,0.031151812626620326,0.029223065900219065,0.02123367318366742,0.022930838535404282,0.01544908009816679,0.01761566715530447,0.018427025513481465,0.017792565019023928,0.018412201670153016,0.0186210531517138,0.05239372127880355,0.050394478941906976,0.054204536096058506,0.03108889364715956,0.03284173076606327,0.026022762834977682,0.01614250654719747,0.012217482252565344,0.02577767529194736,0.03398217844613183,0.0368547098644442,0.0256818144384234,0.020336665952926058,0.016685718050499895,0.01725264770312782,0.01288224927116104,0.013406683906247427,0.013212326849274451,0.03230543705631415,0.03295801558150644,0.030810534811325417,0.012811753660665759,0.023680925007823695,0.03080954655510352,0.031453889611780014,0.02044043285622521,0.014329056380017458,0.014786948429496152
