HitRate: 30193/3000000 0.010064
CumReqs: 3000000
CumProbs: 0.022649664910165946
