HitRate: 2780182/3000000 0.926727
CumReqs: 89883,87260,86324,93130,94705,96962,100268,97359,99475,96148,97263,92386,93145,90783,94753,90253,91535,97427,92717,97447,92657,94447,93079,95260,93869,90395,91167,92386,102247,91330,92398,91542
CumProbs: 0.02546831977458433,0.02489999245569427,0.024945379706855567,0.025869063396878472,0.027124726746733673,0.02642418439185208,0.02737503971384117,0.026170531894558924,0.027261799281177734,0.026844965195261212,0.02680731958225755,0.02580561232334858,0.026669639860507167,0.025981393048582165,0.02694059719603585,0.025502625857402126,0.025986250547034292,0.02679730099170034,0.02648338515423648,0.027559321061365834,0.02571969531947775,0.026175389393011086,0.025705578214601586,0.025900788933643525,0.026201498447190833,0.02544873798394952,0.02581320216467984,0.025912780882947004,0.026956232269178527,0.026199676885271195,0.025515224994012098,0.02629196935586009
