HitRate: 2954274/3000000 0.984758
CumReqs: 3000000
CumProbs: 0.9563574304877168
