HitRate: 1881800/3000000 0.627267
CumReqs: 24701,23474,21807,22435,22469,22720,23019,23089,22135,22988,23759,24910,24623,23922,24137,24519,24124,23392,23869,24645,25141,24585,24302,23847,23227,23997,24562,24633,22930,22071,21360,21746,22307,23226,22952,22820,23072,24046,25053,24851,24880,24149,23710,24570,24672,24387,24171,23538,22843,22729,23063,22479,21384,22331,22040,23456,22558,23111,22435,23481,23013,23631,23885,23085,22131,21591,23378,23975,25770,25838,25727,22964,22035,22609,22719,22869,22342,22957,23211,23931,24080,24145,23188,23166,24309,25230,24745,23267,22915,22869,24686,25087,26104,24882,24503,22521,23282,23459,23099,23721,22580,22903,23215,22842,23729,21982,22306,21361,21733,21830,22380,23197,23778,24081,24524,24035,23658,22731,22517,22130,22178,22511,23415,23459,23869,23317,23960,25408
CumProbs: 0.003163915624206088,0.003047970690662447,0.002508071983496633,0.0029914435208461586,0.0029146821936524457,0.0028067666876395283,0.002506787275091718,0.0030447589196501558,0.0034899103819534434,0.0033376724359709315,0.0036713754441477808,0.003329321831338981,0.0034141125860634148,0.002929456340308977,0.00356763524045084,0.0028061243334370676,0.0028003431456149496,0.002882564483529556,0.003063387191521435,0.0036546742348838755,0.0036129212117241164,0.003187040375494568,0.0028597609093423,0.0035695623030582158,0.003467749161968644,0.0034555444321219455,0.0035159257271529837,0.0030688472022423305,0.003132440268285654,0.0027197276932064926,0.0033171171014922847,0.003274079369927608,0.0032891746936853697,0.0028379208664587336,0.0029843776246191223,0.0026670546486049483,0.002862972680354591,0.0026721934822246107,0.003259305223271076,0.0025597814967944885,0.003078803692380421,0.0032766487867374404,0.00349697627818048,0.0030723801503558437,0.0032593052232710766,0.003097431964251699,0.0031915368549117738,0.0026959605877155514,0.0028652209200631927,0.002995618823162134,0.0031276226117672177,0.0029211057356770243,0.0028751774102012896,0.0031690544578257527,0.0026779746700467326,0.003315190038884908,0.002935237528131099,0.0031478567691446443,0.0030225976996653635,0.0031986027511388113,0.0031427179355249793,0.003385849001155271,0.0033961266683945955,0.002658704043972997,0.0029037621722106622,0.0028504467734066607,0.0029349163510298685,0.003178047416660161,0.0035245975088861654,0.0034484785358949105,0.003903586488336288,0.0033251465290230074,0.0030993590268590756,0.0025459708814416435,0.003015531803438326,0.0035284516341009117,0.002837599689357503,0.0032429251911084023,0.0033749289797134884,0.0030714166190521567,0.003289174693685368,0.003144323821031127,0.003214661606200256,0.0031292284972733644,0.0034966551010792517,0.00367747780907113,0.003569241125956985,0.0033559795307409822,0.0032904594020902803,0.0036450389218470056,0.0039948007850853055,0.0035817670329049097,0.003355979530740982,0.002930098694511434,0.003379746636231923,0.003099680203960304,0.003170660343331893,0.0033787831049282347,0.002940055184649531,0.003088439005417292,0.002755057174341672,0.003161667384497486,0.0031555650195741335,0.003396769022597054,0.003972639565100507,0.0035050057057112007,0.00344526676488262,0.0031118849338070036,0.0028973386301860875,0.002987589395631411,0.0033309277168451275,0.003560569344223804,0.003224296919237123,0.003133403799589339,0.0033990172623056584,0.003772225053933662,0.0026731570135283002,0.003025488293576426,0.0033042700174431253,0.0030659566083312655,0.002912433953943843,0.002781072519541218,0.002810620812854277,0.00298758939563141,0.0031966756885314393,0.0028600820864435276,0.003052788347180883,0.002981165853606831
