HitRate: 2444331/3000000 0.814777
CumReqs: 3000000
CumProbs: 0.5075998240715979
