HitRate: 2432967/3000000 0.810989
CumReqs: 30334,18604,18137,27643,26327,26371,16857,16454,25481,25005,25222,16784,16367,24751,23718,23919,16749,16351,23666,23098,23183,16806,16441,22997,21886,21697,16400,16220,22259,21197,21691,16658,16573,21570,20844,21037,16363,17304,22066,21354,20569,16635,16772,21532,20601,20237,16405,16553,21004,20488,19694,16418,16547,20504,19854,19566,16550,16571,20036,19972,19300,16191,16621,19954,19494,19035,16283,16499,19883,20963,20476,17771,16316,19496,20615,19919,17597,16402,19682,20171,19945,17535,16646,19222,19903,19766,17658,16605,19092,19801,19606,17397,16339,18648,19598,19443,17366,16309,18729,19352,19131,90651,89774,91701,19150,18821,53604,52223,55134,19459,18898,46101,44629,47365,18895,18432,37236,36138,38605,18965,18496,32542,31535,33291,18593,18231,29160,28720
CumProbs: 0.02631379096873105,0.014436014459582905,0.01400811387497742,0.023138841955416295,0.02221678690131854,0.022393289345641665,0.012611544831096954,0.012228162667166545,0.0216356905749788,0.02075108336886046,0.02107423472834826,0.012633804041434453,0.012324793827337572,0.020372414920060294,0.019540444199563786,0.019740253346475767,0.012457301597111314,0.012081775625064694,0.019418411352301823,0.018701141033309034,0.018941278631891066,0.01260290302002479,0.012188881707747472,0.018513639920348515,0.017686644788045037,0.017824651892137392,0.012321389477521235,0.012103511089276571,0.017980990110625494,0.017124665195289053,0.0174635289385445,0.012470133377188225,0.012239161335803885,0.01744886404702797,0.01669466962618127,0.016756733542063435,0.012184167992617177,0.01271498469090058,0.017866813455247252,0.016937687828454128,0.016589658528000893,0.012382929647277817,0.012665228808969798,0.017124403322226273,0.016361567090307335,0.015887314973587342,0.012201451614761565,0.01256231269529174,0.016779254625463657,0.016185326519046965,0.01569876636837561,0.01219228605756374,0.01236093231000315,0.016238748623856915,0.015671793442907905,0.015420657175688456,0.012135721476000259,0.01249920128715836,0.01606512678322446,0.01552776325837115,0.015152499159387298,0.012198047264945229,0.012521984243621408,0.01587553068576161,0.01515956973208277,0.014771997599147628,0.01206580136823422,0.012406498222929316,0.015684887096047623,0.01670043083356267,0.01633956975303259,0.013664012670466161,0.012298606521058133,0.015243369112176887,0.01626257907257119,0.015797754386111727,0.013500342006219827,0.012296773409618565,0.015257510257567676,0.016177208454100277,0.015746427265804153,0.013589640720632656,0.012389476473847657,0.015025752596995064,0.015840701568410036,0.0155196451934245,0.013414709514686233,0.0124308524177691,0.014928073944572838,0.015816347373570162,0.01519597008781115,0.013365739251943764,0.012143839540946907,0.01466148716664851,0.015559449898969305,0.015166902177841047,0.01341628075306299,0.012131007760869965,0.014609898173278154,0.01528212632547041,0.01503177567743935,0.08659251818184702,0.08547013023471214,0.0876609602780467,0.015023657612492686,0.014697101903188505,0.04936621481342611,0.048357217902480855,0.050743405250659984,0.015209325614013638,0.01485553510617889,0.04192561548025972,0.04082024928220596,0.04274658753211901,0.014732716639728485,0.014359285652184237,0.03308242402276806,0.03219441246683354,0.03423021365699454,0.014806041097310822,0.014484984722325296,0.028274958335995585,0.027326192229492775,0.02918234849857672,0.01447031983080892,0.013995805841026198,0.025187213052591185,0.02430993829223131
