HitRate: 1680065/3000000 0.560022
CumReqs: 46671,46845,47043,46838,46595,46812,47054,46901,47072,47348,46728,46689,47171,46846,46692,46909,47156,47234,46715,47242,46878,47026,47097,46936,46536,47108,46925,47102,47015,47110,46946,46751,46853,47062,46377,46860,46724,46736,47019,46897,46756,46648,46900,46861,47021,46784,47035,46756,47016,46899,46246,47265,46637,47014,46642,46721,46886,46870,46825,46616,46700,46677,46822,46884
CumProbs: 0.006914062499999996,0.006835937499999992,0.006908854166666663,0.006773437499999983,0.006927083333333322,0.0068593749999999835,0.006895833333333319,0.00686197916666667,0.006927083333333327,0.006908854166666667,0.006874999999999997,0.0068880208333333285,0.006901041666666668,0.006783854166666656,0.006903645833333325,0.006929687499999991,0.006854166666666656,0.006927083333333325,0.006807291666666669,0.006820312499999972,0.006856770833333327,0.006778645833333313,0.006822916666666649,0.0069947916666666665,0.006872395833333317,0.006859374999999986,0.006859374999999996,0.006817708333333329,0.006864583333333324,0.006924479166666667,0.0068723958333333345,0.006755208333333334,0.006809895833333319,0.00690885416666666,0.006809895833333315,0.006945312499999986,0.006945312500000001,0.006867187499999991,0.006864583333333324,0.006940104166666664,0.006968749999999993,0.006947916666666654,0.006895833333333317,0.006846354166666663,0.006802083333333339,0.006880208333333333,0.006940104166666655,0.006921874999999994,0.006869791666666657,0.006802083333333329,0.006914062499999986,0.006906250000000004,0.006828124999999999,0.006869791666666655,0.0068958333333333155,0.00688541666666665,0.006911458333333329,0.006843749999999992,0.0069088541666666595,0.006833333333333322,0.006869791666666661,0.006882812499999985,0.006825520833333323,0.006848958333333325
