HitRate: 2963407/3000000 0.987802
CumReqs: 460073,108630,106124,151724,241969,141087,204056,161938,176845,185160,98133,132491,200102,249735,150047,231886
CumProbs: 0.15274564116674652,0.03557240097939462,0.03474266657689782,0.04983941525811753,0.08014148594840076,0.04642840320834077,0.06731918881886204,0.05329327119461644,0.05821313316811247,0.061030717470112385,0.03214010004180549,0.04359698112926268,0.06622600442968316,0.08263574526674675,0.04942587861235745,0.07672222445459571
