HitRate: 2771073/3000000 0.923691
CumReqs: 3000000
CumProbs: 0.9378135486272859
