HitRate: 116058/30000000 0.003869
CumReqs: 234803,235145,234030,234637,234309,234788,234185,234493,234711,233499,234304,234421,233639,233334,234378,234465,233839,233699,234940,234938,234084,235560,234045,234397,234805,234369,233215,234351,234165,233831,234872,234822,234304,234134,234930,235235,234348,234338,235052,234648,235255,234441,233674,234381,234881,234712,234291,234605,234116,234826,234703,234437,234177,234860,234356,233956,235397,233682,234484,234428,234490,235207,235084,233907,234210,234014,234146,234194,234045,234930,233938,234380,234652,234001,234102,234006,234108,234710,234240,234364,234042,233603,234713,234115,234108,234738,234135,234969,233801,234736,233745,233965,234107,234531,235098,234728,234173,234416,234473,235083,234687,234757,233973,235501,234662,234041,233374,234183,234412,234339,234046,233933,233996,233911,234171,234324,233356,234459,234707,234792,234858,233547,234094,234837,234499,233677,234158,234975
CumProbs: 6.692708333333306e-05,6.458333333333308e-05,6.093749999999974e-05,6.562499999999972e-05,6.614583333333307e-05,6.601562499999972e-05,6.705729166666637e-05,6.62760416666664e-05,6.614583333333306e-05,6.484374999999972e-05,6.718749999999972e-05,6.549479166666639e-05,6.484374999999974e-05,6.575520833333306e-05,6.757812499999973e-05,6.315104166666639e-05,6.58854166666664e-05,6.575520833333306e-05,6.432291666666639e-05,6.328124999999974e-05,6.536458333333306e-05,6.210937499999973e-05,6.575520833333306e-05,6.484374999999974e-05,6.145833333333307e-05,6.562499999999972e-05,6.653645833333307e-05,6.549479166666639e-05,6.601562499999972e-05,6.562499999999974e-05,6.74479166666664e-05,6.249999999999974e-05,6.39322916666664e-05,6.458333333333308e-05,6.640624999999972e-05,6.497395833333306e-05,6.692708333333305e-05,6.23697916666664e-05,6.627604166666639e-05,6.210937499999972e-05,6.536458333333306e-05,6.458333333333306e-05,6.43229166666664e-05,6.367187499999974e-05,6.523437499999973e-05,6.692708333333305e-05,6.627604166666636e-05,6.54947916666664e-05,6.171874999999975e-05,6.23697916666664e-05,6.210937499999973e-05,6.35416666666664e-05,6.380208333333307e-05,6.653645833333305e-05,6.497395833333306e-05,6.66666666666664e-05,6.43229166666664e-05,6.341145833333306e-05,6.263020833333306e-05,6.66666666666664e-05,6.575520833333306e-05,6.601562499999974e-05,6.289062499999975e-05,6.47135416666664e-05,6.822916666666639e-05,6.744791666666637e-05,6.562499999999974e-05,6.731770833333305e-05,6.47135416666664e-05,6.523437499999973e-05,6.367187499999972e-05,6.653645833333305e-05,6.471354166666641e-05,6.367187499999972e-05,6.770833333333305e-05,6.47135416666664e-05,6.536458333333307e-05,6.796874999999972e-05,6.731770833333305e-05,6.601562499999972e-05,6.51041666666664e-05,6.445312499999973e-05,6.484374999999973e-05,6.445312499999972e-05,6.640624999999973e-05,6.367187499999974e-05,6.536458333333305e-05,6.666666666666639e-05,6.432291666666641e-05,6.223958333333308e-05,6.653645833333305e-05,6.536458333333307e-05,6.47135416666664e-05,6.66666666666664e-05,6.171874999999975e-05,6.614583333333306e-05,6.367187499999974e-05,6.614583333333307e-05,6.406249999999973e-05,6.718749999999974e-05,6.614583333333307e-05,6.562499999999972e-05,6.614583333333306e-05,6.39322916666664e-05,6.47135416666664e-05,6.692708333333305e-05,6.367187499999974e-05,6.236979166666641e-05,6.575520833333306e-05,6.588541666666639e-05,6.458333333333306e-05,6.210937499999973e-05,6.47135416666664e-05,6.263020833333308e-05,6.445312499999972e-05,6.562499999999974e-05,6.601562499999972e-05,6.471354166666638e-05,6.197916666666641e-05,6.302083333333307e-05,6.47135416666664e-05,6.471354166666638e-05,6.393229166666639e-05,6.31510416666664e-05,6.51041666666664e-05,6.679687499999972e-05,6.315104166666639e-05,6.445312499999973e-05
