HitRate: 549723/3000000 0.183241
CumReqs: 94028,94082,93612,93828,93707,93820,93713,93236,93464,93830,93339,94031,93745,94092,93518,93724,93881,93915,93714,93741,93702,94520,93815,93947,94298,93669,93339,93456,93396,93857,93742,93239
CumProbs: 0.014361111111111543,0.014069444444444868,0.014291666666667103,0.01423611111111154,0.01411111111111154,0.013951388888889311,0.014375000000000443,0.013944444444444853,0.014194444444444877,0.014125000000000438,0.014173611111111544,0.01418055555555598,0.014055555555555986,0.014243055555555986,0.01404166666666709,0.01406250000000043,0.013923611111111543,0.014131944444444879,0.01445138888888933,0.01420833333333377,0.014055555555555982,0.014027777777778215,0.014208333333333763,0.013881944444444854,0.01411805555555598,0.014569444444444893,0.01411111111111154,0.014097222222222651,0.014083333333333763,0.014222222222222651,0.014263888888889322,0.014166666666667096
