HitRate: 2939328/3000000 0.979776
CumReqs: 23311,23366,23432,23572,23311,23517,23336,23365,23638,23394,23357,23085,23413,23488,23546,23322,23532,23518,23490,23564,23181,23306,23038,23347,23329,23335,23509,23538,23649,23601,23660,23547,23531,23465,23438,23414,23316,23456,23536,23377,23576,23159,23483,23684,23597,23399,23059,23371,23582,23604,23657,23521,23452,23483,23351,23130,23435,23476,23372,23476,23484,23374,23425,23468,23369,23373,23583,23421,23270,23585,23554,23835,23380,23384,23565,23587,23210,23171,23182,23213,23273,23603,23605,23211,23471,23432,23516,23609,23593,23577,23554,23286,23380,23411,23221,23526,23330,23152,23377,23458,23477,23390,23400,23159,23436,23244,23459,23236,23451,23457,23455,23411,23826,23300,23542,23542,23624,23650,23510,23524,23547,23508,23593,23413,23512,23292,23624,23403
CumProbs: 0.007670425314441545,0.0076642110646951795,0.007654766273068448,0.007650825066223628,0.0076860463813508955,0.007594772045268309,0.007636192691602606,0.007617950030463725,0.007561004609610304,0.007666374252898027,0.007663691628280324,0.007616516494457198,0.007679566310358292,0.007674847983237463,0.007628519137463598,0.007626612276891056,0.007682517468683929,0.007649017210503005,0.00761256986268899,0.00765404068956467,0.007650129319798514,0.00762660413950597,0.007680693338193122,0.00762270904450999,0.00764819669083986,0.007612830259011846,0.007666499026136066,0.007682787358622712,0.0076466763560590475,0.007654025771025341,0.007691943273078787,0.007679434755966015,0.007656800619340723,0.007661626088698547,0.007642539851972095,0.007646693987060074,0.007612767872392828,0.0076214979303625705,0.0076196073445602,0.007681330766691767,0.0076554850754179836,0.007677838472257701,0.0076531821954377716,0.00764280567321834,0.007646007734250895,0.007675524742430701,0.007655221966633435,0.00767153199881366,0.007644050693136969,0.007629830612693791,0.007623125407380387,0.007701194123694232,0.007655852613977842,0.0076792747207259275,0.007668750369344042,0.007667106617556047,0.007697752009801546,0.007678957362707459,0.007679685658672929,0.007665669012856976,0.007648161428837807,0.00768126431138021,0.007673738586403653,0.007621260589964132,0.007650789804221583,0.007645085497274131,0.007674495363216933,0.007682486275374422,0.007633207627505762,0.0076903076586758825,0.007648709346100471,0.007607623688785673,0.007607490778162552,0.007635514576178517,0.007632247416065252,0.007668613390028376,0.007639956232206307,0.0076536595886963375,0.007689093832066757,0.007672863817506575,0.007699905704388461,0.007566497344545432,0.007618526428574201,0.007675391831807584,0.0076768172304290195,0.0076658358292513,0.00764225911218652,0.00765870612368241,0.007669239968680238,0.007650392428583061,0.007676867410970409,0.007671453337424468,0.007654142406878285,0.007652403718930919,0.007639349997017176,0.007657560108615704,0.00764218045079733,0.007610587053188952,0.007667452456422332,0.007672527472256225,0.007679083492176339,0.007666263041968482,0.007682822620624768,0.0076507531859886764,0.007613862350687304,0.007673731805249411,0.007666238629813213,0.007625413368821265,0.0076317049237259755,0.00764681469160556,0.0076275819819475055,0.007651874788900123,0.007670642311377255,0.007680884566742719,0.0076857859850280475,0.007674892738855453,0.007689355584620453,0.0076021906280078645,0.007631736117035488,0.007660261720465276,0.007682171629817642,0.007648058355293345,0.007646736030216369,0.007702512380078664,0.00769637272302895,0.0076008099850044175,0.007653867092016103,0.007650376153812887
