HitRate: 1744250/3000000 0.581417
CumReqs: 3000000
CumProbs: 0.41864843749946384
