HitRate: 300151/3000000 0.100050
CumReqs: 3000000
CumProbs: 0.09999999999997249
