HitRate: 395526/3000000 0.131842
CumReqs: 374558,375388,373380,374437,375174,375938,375302,375823
CumProbs: 0.016499840240456608,0.016263512143400452,0.016145252620695844,0.016144002776930656,0.01674923962022372,0.016271650015027114,0.01688054959490982,0.016365600076498767
