HitRate: 3640745/30000000 0.121358
CumReqs: 3748815,3750758,3750012,3751773,3751778,3749835,3749238,3747791
CumProbs: 0.009847222222222675,0.009855555555556011,0.009890277777778232,0.009884722222222668,0.009844444444444876,0.009926388888889337,0.009812500000000429,0.009901388888889324
