HitRate: 2380398/3000000 0.793466
CumReqs: 430383,429513,382722,264639,409904,398611,379607,304621
CumProbs: 0.3515606867992835,0.34797659684690524,0.30670885511950646,0.19326055426210445,0.32794905199008595,0.3226405821793688,0.30322318715672847,0.22537272340960376
