HitRate: 2523648/3000000 0.841216
CumReqs: 43691,20604,18754,15668,15170,16144,15831,15845,14965,15423,15566,15769,16607,26139,30676,28934,19700,15797,19887,20682,20073,15790,14233,17734,19528,21033,18565,17901,19830,18376,21989,24190,24998,24567,21301,32574,29690,29965,16861,20879,25122,30537,25950,20302,19928,22089,21733,28364,27459,27837,16295,23156,27006,30360,22301,19514,16182,17667,20018,21143,18186,20626,37633,39600,35408,26698,33658,33362,24493,16980,18586,17179,20774,24865,24820,21087,16169,25095,30733,30225,26123,22945,27391,23625,23785,20355,24464,23915,22484,18717,20012,19911,22997,19907,35238,34598,39079,23706,25080,22681,25742,24938,24451,24414,27351,28292,25432,22182,23098,23737,19801,15380,15629,19291,21855,20101,17688,35693,37196,37844,20661,20341,22802,20165,19933,17010,40005,40886
CumProbs: 0.02195530127849781,0.015831595423611348,0.01567725338132236,0.016341848716144695,0.018196951773816944,0.0215018538536604,0.019523393772442804,0.019818001329690325,0.016629626242377696,0.019225537785812964,0.016701841326384127,0.017545266863471187,0.01818545733137958,0.022685781424680706,0.022258071555734997,0.019214376515620895,0.014794596812439708,0.01680404191240076,0.019550130845068712,0.02258366413172497,0.018651232129264804,0.018269000271700902,0.013896197855002367,0.016128118721263292,0.01792566627368978,0.01890186095022972,0.016496190758433192,0.018093168619638323,0.022841206276764284,0.022186439523157193,0.021567738665021617,0.018520878488583116,0.02445659190448116,0.02307767527733605,0.023436251905536127,0.02408610436853751,0.021856265828804775,0.02458211454761582,0.017298552816379365,0.01908402287493986,0.01759457635566455,0.02286461162694495,0.023441166196143712,0.016978540875486222,0.01540421872691071,0.016657612710920186,0.017020603871360424,0.020812603772742546,0.021078058758589865,0.020714984305088145,0.01759057828873,0.020604037947651633,0.02349264130792722,0.021908657164260825,0.018950670684056568,0.01658889593548064,0.015061800952571437,0.015661760871950942,0.01651159997474508,0.016380496696512693,0.015272032638884972,0.016733575982678217,0.022901843625274452,0.02430733073892072,0.023795328292104293,0.02074405358342505,0.0240626990183581,0.0219859531249976,0.019289423563705714,0.013406434655509693,0.014243946385255191,0.012790149296147767,0.016201499908127484,0.01992403339651889,0.02023563273823717,0.01730255088331305,0.015322258354751133,0.019484079447586275,0.02279106385395942,0.0219822882303067,0.019199550350738084,0.017614483397276733,0.022608652050066735,0.023304898748121392,0.023015788532910107,0.01937296650402766,0.019515980690002176,0.018907858050631696,0.017852784845192912,0.01625047622807621,0.019634423422940472,0.02315147292950589,0.026424057301627276,0.02333230216523555,0.02838477596082265,0.0276841147305279,0.02818570554470242,0.018724779902249834,0.02056230812402135,0.022729676867900353,0.024638004191639584,0.025094616752799795,0.021845937489223973,0.02202335170944828,0.022016854850679574,0.01977760419503874,0.018933512313462506,0.015945123865942566,0.017159953162644924,0.017142961378172762,0.014823249625471407,0.01631452859209155,0.016296537290885656,0.018450662438043736,0.01684677125276446,0.017361772249783344,0.018583931335865504,0.02469222797444149,0.022698108797729055,0.02686601028402704,0.023214775655970687,0.024757363148250895,0.020207979441939965,0.01621416045341971,0.013559610594942978,0.01306068515872486,0.01928017803391936,0.020654846714946953
