HitRate: 548118/3000000 0.182706
CumReqs: 46863,47031,46772,46741,46754,46954,46765,46852,46727,46673,46732,46992,46862,46841,46714,46895,46993,46593,46930,46723,47064,47310,46844,46649,46911,46881,46695,46914,46651,46943,46887,46763,46750,46747,46855,46553,46748,47148,47056,47362,46370,46837,46656,46827,47079,46927,47076,46867,46740,47120,46694,47155,47087,46862,46900,46584,46781,47099,46997,47219,47311,46820,47004,46850
CumProbs: 0.006909722222222219,0.00697916666666666,0.007256944444444442,0.007118055555555554,0.0074999999999999945,0.007118055555555544,0.006805555555555557,0.0068402777777777715,0.007152777777777772,0.007361111111111102,0.007256944444444436,0.006840277777777776,0.007326388888888885,0.006909722222222215,0.007326388888888881,0.0068055555555555525,0.007291666666666662,0.0070138888888888785,0.007048611111111105,0.007187499999999994,0.007222222222222215,0.007152777777777774,0.007187499999999997,0.007118055555555554,0.006979166666666665,0.007152777777777771,0.007395833333333325,0.007118055555555547,0.007152777777777772,0.006979166666666665,0.0071874999999999925,0.0070833333333333295,0.007083333333333329,0.007222222222222215,0.007118055555555551,0.006979166666666661,0.007187499999999993,0.00687499999999999,0.006770833333333327,0.007187499999999994,0.006805555555555551,0.0069097222222222155,0.007256944444444437,0.007083333333333327,0.006874999999999993,0.007256944444444436,0.007256944444444439,0.007152777777777774,0.007222222222222215,0.00725694444444444,0.007187499999999997,0.007430555555555546,0.006944444444444444,0.007187499999999999,0.0071180555555555485,0.006840277777777772,0.007083333333333327,0.007083333333333323,0.0071874999999999925,0.007291666666666656,0.007222222222222216,0.0071874999999999925,0.007291666666666662,0.007256944444444436
