HitRate: 27707190/30000000 0.923573
CumReqs: 937255,937802,935289,938540,937752,938040,937810,938078,937588,937888,939501,938392,935942,937569,936214,936087,935649,937909,938222,938260,937999,938881,937556,937528,937978,938741,938125,937258,935250,937341,936612,936944
CumProbs: 0.02738819444444451,0.02739791666666641,0.0273868055555556,0.02737430555555539,0.02739097222222222,0.02738749999999982,0.027381249999999906,0.027393749999999675,0.027388888888888574,0.027388194444444392,0.02739027777777776,0.02739305555555559,0.02737916666666664,0.02741111111111096,0.027384722222222026,0.02738194444444436,0.027402777777777707,0.02739027777777776,0.02737152777777782,0.027393055555555598,0.027394444444444468,0.02739097222222196,0.027390972222222025,0.02740694444444408,0.02737847222222227,0.027392361111111145,0.02740416666666664,0.02739305555555554,0.027393055555555598,0.027387500000000092,0.0273965277777775,0.027400694444444536
