HitRate: 3639907/30000000 0.121330
CumReqs: 467715,469068,468817,469068,468642,468499,469020,469398,468654,468093,468657,469412,468048,468992,469203,469333,468716,469136,468044,470163,467568,469383,468572,469402,468474,469642,467573,469002,469765,468207,469751,469628,468735,467697,469197,469012,468087,468197,469079,469124,468228,469133,468431,469523,468781,468449,468350,467635,468243,468230,468894,469837,467749,469694,467894,468370,469328,468530,468102,469385,468916,468827,468414,468284
CumProbs: 0.0012390625000000576,0.001224652777777836,0.0012430555555556137,0.0012368055555556086,0.0012453125000000554,0.0012208333333333901,0.001241319444444503,0.001222222222222277,0.0012449652777778335,0.0012388888888889458,0.001223437500000056,0.0012125000000000532,0.0012553819444445,0.0012196180555556102,0.0012263888888889435,0.0012241319444445,0.0012324652777778347,0.0012218750000000558,0.0012243055555556078,0.0012432291666667258,0.0012491319444444997,0.0012303819444445013,0.001237673611111168,0.0012458333333333891,0.001246701388888942,0.001237673611111168,0.0012201388888889424,0.001231250000000055,0.0012196180555556102,0.0012263888888889413,0.0012178819444445012,0.001224131944444502,0.0012460069444444983,0.0012373263888889414,0.0012184027777778347,0.0012427083333333912,0.0012253472222222763,0.0012267361111111693,0.0012447916666667202,0.0012164930555556132,0.0012270833333333925,0.001216666666666721,0.0012343750000000562,0.0012548611111111649,0.001227083333333389,0.0012180555555556124,0.0012246527777778305,0.0012324652777778334,0.001230381944444498,0.0012350694444444984,0.001226215277777832,0.0012196180555556096,0.0012262152777778334,0.0012104166666667175,0.0012269097222222794,0.0012276041666667234,0.001226909722222276,0.0012420138888889426,0.0012397569444445027,0.0012366319444445013,0.0012130208333333886,0.0012270833333333897,0.0012171875000000552,0.0012335069444445012
