HitRate: 1407579/3000000 0.469193
CumReqs: 185695,176844,153180,162502,179187,246679,240388,224503,159272,171497,203888,196963,186668,156038,165648,191048
CumProbs: 0.08718217635423976,0.07659137795359319,0.05525791435377188,0.061426963036219334,0.07978224228503367,0.14505671909228202,0.1421320370488527,0.12404227546311056,0.05847768987005251,0.07144884248920645,0.10518021969841986,0.09410723590463428,0.08791226684957146,0.05745915215125794,0.06823571322231432,0.09466751472808865
