HitRate: 2480897/3000000 0.826966
CumReqs: 47074,47217,47331,47154,46209,46423,47183,46638,46377,46870,47067,48468,47313,46736,45262,46885,45952,46791,46860,47109,47709,46549,47766,46106,47467,46918,46788,46230,46063,47466,47529,47084,46433,47367,46800,46332,47266,46943,47569,47329,46820,47298,46978,47629,46342,46619,47493,47170,47606,47181,46369,46780,47023,45888,45252,46432,46500,46515,46366,48009,47005,46437,47293,46362
CumProbs: 0.008744587972214292,0.008760943001237044,0.008894162146731367,0.008670841659529919,0.008523646398325247,0.008665489104577023,0.008804060805024279,0.008763321914549415,0.008525727947473596,0.008921817013988005,0.008913193453230562,0.0089366852221905,0.00879513988010277,0.008702659625083254,0.008524835854981429,0.008783245313540793,0.00852810686078599,0.00862742649157864,0.008843610238842912,0.00884152868969455,0.008852233799600342,0.00874666952136264,0.008963150632790932,0.008565277381292225,0.008777892758587877,0.008792760966790367,0.008644673613093514,0.008726448758207241,0.00873596441145684,0.008818631649062705,0.008825471024835848,0.008833499857265193,0.008706227995051852,0.008835581406413528,0.00880465553335236,0.008638726329812536,0.008728827671519649,0.00879097678180607,0.00888553858597392,0.008677383671139025,0.008992292320867812,0.008760943001237035,0.00864586306974973,0.00891140926824626,0.00876124036540109,0.008626534399086483,0.008814765914930061,0.008689575601865061,0.008877212389380528,0.008833202493101147,0.008684817775240251,0.008702362260919218,0.008754400989627943,0.008476662860405373,0.008400834998572637,0.008636942144828245,0.008711283185840708,0.008762727186221333,0.00869106242268531,0.0087404248739176,0.008771648111142822,0.008635752688172052,0.0088198211057189,0.008718419925777895
