HitRate: 2278652/3000000 0.759551
CumReqs: 3000000
CumProbs: 0.5377641274685706
