HitRate: 2707345/3000000 0.902448
CumReqs: 3000000
CumProbs: 0.9860009107716052
