HitRate: 597163/3000000 0.199054
CumReqs: 188900,187966,186788,186745,187359,187164,187754,186952,187837,188956,187597,187025,187104,186568,187753,187532
CumProbs: 0.0006884833006142698,0.0007014798392028256,0.0007234739814296125,0.0006208346510379403,0.0005985072642319595,0.0007268064272215498,0.0007258066934839687,0.0006601575113828016,0.0006015064654447034,0.0006391631028935959,0.0006368303908392399,0.0007024795729404068,0.0006424955486855335,0.0005871769485393724,0.0006608240005411892,0.0006774862295008761
