HitRate: 2970915/3000000 0.990305
CumReqs: 3000000
CumProbs: 0.9938883978255116
