HitRate: 2660073/3000000 0.886691
CumReqs: 49413,38738,36188,43594,46282,47252,38191,35957,42983,44759,46070,38045,35680,41680,43556,44410,37903,35429,40770,42756,43758,37381,35335,40043,41707,42738,37303,34991,39304,40726,42105,36790,35296,38675,40183,41218,37113,101178,104721,106046,40502,36737,67942,70595,72190,40367,36764,61124,64007,64954,40015,35991,52923,55200,56727,39404,36633,48920,51043,52508,39042,35646,46234,48265
CumProbs: 0.04556367262855493,0.03466996259339735,0.03189468559356171,0.040126189153070944,0.04221003760246044,0.04321872154112055,0.03422234714211707,0.0316544681064625,0.03870837046249118,0.040668208546731345,0.04175285935312758,0.034012042087330815,0.03154690575395948,0.03756443030816908,0.03943904473615229,0.040400756210775025,0.03363121321765681,0.031408818950069715,0.03677423717942815,0.038543584326440554,0.039494891476784984,0.03357980361532054,0.03136811968155517,0.03606169397088076,0.037681555458726104,0.03857946394473986,0.03319430810019702,0.031130656280295717,0.035316560746569726,0.036872236733880764,0.03784810114962258,0.033065784094360375,0.031036558347451296,0.03463798459670828,0.036169179821001526,0.037124235588179975,0.03279825525602228,0.0972094378237984,0.10050577256392412,0.10194478241501409,0.03658596481135602,0.03263851827733905,0.06387329430285,0.06690592532388936,0.06831861835472147,0.03622143094956272,0.03253646409651393,0.056920910610953265,0.05975601247540721,0.06098525278837902,0.03559097479950822,0.03225386428844291,0.04920633366301383,0.05179831094976143,0.052987693520445286,0.03526209104885784,0.03213291401866553,0.04494874646254015,0.04735306340028831,0.04845339719549015,0.03488271572448629,0.03190325386061824,0.04203874876372359,0.04432211543170188
