HitRate: 2796246/3000000 0.932082
CumReqs: 70318,82727,71874,99585,76010,278006,81596,71856,95287,75606,174065,79817,72007,91644,74339,151795,79412,71286,88417,73782,127767,78419,71134,86748,73493,114050,77438,70711,84741,73321,105565,77184
CumProbs: 0.0225052806140535,0.02661947985238056,0.02312880392059871,0.03223236137225755,0.02433381360886599,0.09171212000706187,0.026138471973898632,0.02299815257236283,0.030739684365680253,0.024127144267653677,0.05699826183906567,0.025775811953460754,0.023068311760485447,0.029643648447692413,0.023934243117849502,0.04963520883929269,0.025510554563712644,0.022838500140101806,0.028633736961051214,0.023673379831741583,0.04169989707544798,0.025206629061931586,0.02276365390809743,0.02788205229833327,0.023512995048874406,0.03696349276166654,0.024911931177795246,0.0226630289347371,0.027244907270503584,0.023469054012471558,0.034213223293261937,0.02468094779644198
