HitRate: 766504/3000000 0.255501
CumReqs: 93914,93429,94263,92870,93395,93461,94198,93711,93413,93843,94272,93462,94271,93700,93476,94298,93421,94272,93327,94273,94201,93505,92405,92371,93715,94101,93397,93685,93879,93962,95357,94153
CumProbs: 0.000663228979556356,0.0006964070175531721,0.0006841311434943503,0.0006821404612145414,0.0006828040219744779,0.0006940845548933951,0.0007289214947900528,0.0006572569327169297,0.0006569251523369611,0.000730580396689893,0.00075280968214776,0.0006828040219744779,0.0007139913776914848,0.0006987294802129489,0.0007445151726485562,0.0007737118460857541,0.0006705281479156558,0.0006678739048759105,0.0007398702473290021,0.0007110053542717714,0.0007421927099887783,0.0006930892137534903,0.0006974023586930772,0.0007100100131318666,0.0006997248213528539,0.0007163138403512616,0.0007345617612495109,0.0006612382972765468,0.0007206269852908473,0.0006877807276740004,0.0006788226574148597,0.0006788226574148599
