HitRate: 1692817/3000000 0.564272
CumReqs: 20963,18424,15259,47781,16151,15749,18743,15061,43751,16253,15644,18509,15062,39994,16156,15491,18530,15236,37086,16270,16136,18363,14884,34752,15669,15275,18508,15059,32927,15946,15878,18258,15266,31709,15736,15564,17928,17273,30447,15889,15848,18023,16933,28874,15671,15602,17681,16609,28305,15960,15456,17762,16516,27070,15974,15585,17618,16802,26361,15656,15695,17461,16618,25618,15821,15505,17272,16943,25201,20867,15478,17408,16399,24462,20510,15253,17453,16829,23969,20035,15670,17518,16532,23704,19748,15442,17284,16904,23248,19840,15345,17301,16420,22549,19931,15281,17188,16555,22124,19888,15217,237515,16313,22221,19348,15204,125955,16800,22340,19520,15464,103550,16081,21456,18967,15095,77405,16172,21588,19158,15450,62942,16179,20972,18657,15044,54127,16105
CumProbs: 0.003790898854129759,0.003125432727318614,0.0017938363358452134,0.012632566065942912,0.0023254786856579095,0.001640420492239051,0.0026771396778200868,0.0017171284140421322,0.011162164863587745,0.0023297955816901175,0.002008684930678951,0.002674151057490097,0.0018423183989761656,0.009939819148621765,0.0017855346127063517,0.0015192153344116722,0.0029374817154547866,0.0012538922628936551,0.008970842023853839,0.0020750987157898445,0.0018818346011171465,0.0027687907012731204,0.0017725839246097274,0.008151960053436531,0.0017905156465896684,0.0016420808368668228,0.0026183634779969466,0.001627137735216872,0.007731892862610134,0.001878845980787156,0.0018738649469038388,0.0028328800039051317,0.0012841105351191113,0.007253713609811707,0.0020711138886831903,0.001860914258807215,0.0027428893250798715,0.0024035148831632086,0.006844604693528606,0.0015750029139048219,0.001960534936473554,0.0025313614195016767,0.002456645911251923,0.006405609573945606,0.0017646142703964202,0.0016865780728911215,0.0025735341730470946,0.0019704970042401884,0.005690001039375737,0.001884491152521582,0.0015381432631682763,0.002464283496539676,0.0022484386949292745,0.0056747258688002325,0.002145829396932945,0.0018559332249238982,0.0025230596963628157,0.002163761118912886,0.00548345416768086,0.0018791780497127105,0.0013638070772521828,0.00264094416493465,0.0020827363010775964,0.005166992481627457,0.0017709235799819552,0.0017453542727142617,0.0020458766503410517,0.0022388086960881954,0.005041138358842313,0.0036879574872078756,0.0017998135765051938,0.0026698341614578894,0.002067793199427646,0.004812342869135289,0.0037019043820811625,0.0014783708565684723,0.002529369005948351,0.0022514273152592647,0.0042056529421472845,0.0033279947719068357,0.0018778497740104926,0.002401190400684328,0.002035582513648863,0.004563291174969441,0.003172918583672901,0.0018987701163204237,0.0021670818081684314,0.0021906587018827974,0.0042245808709038876,0.0030752903195598895,0.0016138549781946942,0.002181028703041718,0.0021657535324662133,0.004108356746959827,0.0029676999876802434,0.001788191164110787,0.002252091453110373,0.0022477745570781654,0.004323537410719119,0.0033811257999955507,0.0016560277317401108,0.07573861260938766,0.0013697843179121632,0.0037331188610832825,0.0029288479233903703,0.0016606766966978733,0.03870064085981942,0.002188002150478362,0.004076478130106599,0.0031031841093064646,0.001871872533350512,0.031251338652856134,0.0021342069845385384,0.0037553674790954303,0.0028411817270439918,0.0017755725449397181,0.02258168314448021,0.0020950228513231116,0.00378724609594866,0.0027986769045730215,0.0020385711339788535,0.0176899758021374,0.0021026604366108648,0.0034511923432875426,0.002870735861418339,0.00178985150873856,0.014885653725829949,0.0019067397705337312
