HitRate: 2965760/3000000 0.988587
CumReqs: 432754,114646,80706,121333,151475,169301,71455,66816,68632,121043,67987,73667,98639,110011,94837,79565,54971,55056,79443,65394,79124,60051,97175,67666,100511,55868,58310,50936,62761,88251,52313,49303
CumProbs: 0.14389615950152848,0.03808429673344686,0.026788279634710425,0.04011308151238209,0.05023360385241606,0.05616394782493379,0.023567532336398432,0.021964092481210416,0.022549348028353962,0.040105931037352285,0.02235368502980891,0.024338266872195785,0.032581464495291534,0.03646655592819931,0.031424604307880084,0.02628124595077265,0.018066216865673643,0.01811215325071406,0.02632198199033708,0.021577966829596312,0.02611765174933129,0.01975264556742038,0.032108883100134405,0.02232508312968933,0.03328936152325094,0.018396438803417497,0.019231310933422986,0.016763530323864302,0.020696941633489098,0.02922897511157975,0.017143588905756034,0.016224427842822707
