HitRate: 2906996/3000000 0.968999
CumReqs: 3000000
CumProbs: 0.9317306885803613
