HitRate: 1025874/3000000 0.341958
CumReqs: 23227,23390,23225,23514,23517,23476,23677,23068,23208,23316,23704,23598,23325,23437,23268,23631,23456,23556,23531,23637,23446,23808,23276,23852,23209,23864,23867,23587,23506,22955,23637,23773,23611,23265,23442,23591,23587,23394,23545,23542,23381,23187,23236,23420,23374,23421,23303,23590,23308,23261,23439,23674,23746,23841,23803,23693,23616,23792,23353,23711,23602,23493,23768,23511,23228,23238,23287,23184,23264,23621,23370,23096,23108,23310,23177,23171,23268,23231,22951,23301,23528,23549,23459,23757,23781,23589,23183,23234,23323,23542,23623,23770,23560,23347,23533,23242,23354,23355,23202,23390,23434,23448,23051,23051,23474,23562,23696,23402,23561,23100,23282,23376,23502,23140,23427,23611,23456,23145,23096,23446,23417,23500,23363,23821,23541,23466,23397,23068
CumProbs: 0.001141136268028211,0.0011372260352422773,0.0011144163439910004,0.0012353077076227726,0.001203374139870983,0.0011988122016207254,0.001188059061459411,0.0011460240590106267,0.0010860671562929825,0.0011541703773146551,0.001160361579225716,0.0011385294461709224,0.0011287538642060883,0.0011668786338689381,0.0012731066245534606,0.0012102170472463667,0.0012662637171780768,0.0012212960401398435,0.001131034833331216,0.0011505859972608826,0.0011127870803301946,0.0012245545674614553,0.001160035726493556,0.0012291165057117118,0.0011782834794945767,0.0011760025103694496,0.0011639459592794887,0.0011144163439909995,0.0011463499117427879,0.0011939244106383103,0.0011838229759413166,0.001191969294245344,0.0011515635554573658,0.0011440689426176606,0.0012157565436931052,0.0011502601445287212,0.0011955536742991155,0.0012603983679991776,0.0011447206480819834,0.001134293360652827,0.0011447206480819832,0.001176654215833772,0.0011209333986342228,0.0011215851040985447,0.001107247583883456,0.0011411362680282106,0.0011140904912588386,0.0012030482871388211,0.0012001156125493713,0.0011281021587417667,0.0011945761161026337,0.001231723327569,0.0012343301494262891,0.0011711147193870326,0.0012108687527106882,0.001130708980599055,0.0011372260352422775,0.0010788983961854382,0.0011078992893477776,0.0012167341018895883,0.001197834643424244,0.001073684752470861,0.001173721541244321,0.0011678561920654216,0.00113233824425986,0.001134945066117149,0.001238240382212222,0.0011215851040985445,0.0011443947953498216,0.0011652493702081338,0.0011430913844211776,0.0011505859972608837,0.0011949019688347936,0.0011642718120116495,0.0011802385958875445,0.0011398328570995666,0.0011186524295090936,0.0010479423866301327,0.001177305921298094,0.0012010931707458555,0.0011867556505307658,0.0011922951469775043,0.0012105428999785268,0.0013135123633414368,0.0011626425483508434,0.001097472001918621,0.0011639459592794877,0.0012007673180136939,0.0011949019688347936,0.001184148828673478,0.0011939244106383103,0.0012141272800322998,0.001141136268028211,0.001125821189616638,0.0011541703773146545,0.0011199558404377376,0.001083786187167855,0.0010613023486487386,0.0011496084390643995,0.001089977389078915,0.0012252062729257772,0.0011802385958875423,0.0011541703773146551,0.0012652861589815937,0.0011450465008141439,0.0012248804201936158,0.0011554737882432998,0.0011505859972608824,0.0011642718120116488,0.0011287538642060881,0.0012030482871388214,0.00115579964097546,0.0011694854557262279,0.0010925842109362057,0.0011382035934387601,0.001101708087436716,0.0012414989095338323,0.0011101802584729044,0.0010994271183115884,0.0010792242489175991,0.0010775949852567955,0.0012089136363177206,0.0011408104152960503,0.0011281021587417662,0.0012144531327644616,0.001156125493707622,0.0011209333986342224,0.0011623166956186827
