HitRate: 364381/3000000 0.121460
CumReqs: 46993,46894,46753,47075,46805,46832,46818,46943,46960,46529,47055,47055,46913,46929,47288,46566,46860,47137,46490,46952,46880,46758,46695,47117,47226,46799,47116,46649,46984,46784,46790,46844,46750,46757,46754,46849,46582,47181,46571,46927,46507,46472,46930,47001,46856,46657,46800,47176,46740,47543,47089,46532,47083,46792,46640,46859,46977,46884,47272,47075,46969,46743,46775,46768
CumProbs: 0.0011979166666666666,0.0012326388888888884,0.0012083333333333323,0.001265625,0.0013003472222222205,0.0013003472222222214,0.0012725694444444436,0.001243055555555555,0.0011996527777777767,0.001229166666666666,0.0012812500000000003,0.0012309027777777765,0.0011996527777777767,0.0012517361111111106,0.0012916666666666656,0.0011753472222222215,0.0012222222222222226,0.001270833333333333,0.001260416666666667,0.0012934027777777772,0.0012690972222222222,0.0012552083333333345,0.0012118055555555552,0.0012309027777777767,0.0011892361111111105,0.0012378472222222218,0.0011979166666666655,0.0012135416666666664,0.001246527777777777,0.0012534722222222218,0.0012170138888888888,0.0012638888888888895,0.0012274305555555556,0.001201388888888887,0.001170138888888887,0.0012343749999999996,0.001260416666666667,0.001163194444444444,0.0012656249999999994,0.001256944444444444,0.0012656249999999994,0.0012326388888888884,0.0012586805555555543,0.001190972222222221,0.0012586805555555552,0.001217013888888887,0.001284722222222222,0.0012378472222222207,0.0012499999999999983,0.0012187499999999987,0.0012378472222222224,0.0012065972222222213,0.001241319444444444,0.0012378472222222226,0.0012170138888888881,0.0012968749999999999,0.001175347222222222,0.0012517361111111106,0.0011961805555555551,0.0011927083333333316,0.001208333333333332,0.001293402777777777,0.0012534722222222205,0.0012326388888888877
