HitRate: 122052/30000000 0.004068
CumReqs: 3748851,3748613,3749082,3750993,3751999,3748674,3751967,3749821
CumProbs: 0.0009472222222222189,0.0009486111111111076,0.001016666666666663,0.0009930555555555517,0.0009874999999999966,0.000980555555555552,0.0009819444444444409,0.0009861111111111075
