HitRate: 2706048/3000000 0.902016
CumReqs: 3000000
CumProbs: 0.9289411393207567
