HitRate: 17454308/30000000 0.581810
CumReqs: 30000000
CumProbs: 0.418250651043312
