HitRate: 2759764/3000000 0.919921
CumReqs: 3000000
CumProbs: 0.6986805483320987
