HitRate: 29400538/30000000 0.980018
CumReqs: 30000000
CumProbs: 0.9799829426328438
