HitRate: 110246/3000000 0.036749
CumReqs: 375480,375277,375774,374839,374371,373098,375584,375577
CumProbs: 0.009722222222222222,0.012222222222222223,0.011111111111111112,0.009444444444444445,0.013055555555555556,0.010555555555555556,0.010833333333333334,0.010555555555555556
