HitRate: 347791/3000000 0.115930
CumReqs: 3000000
CumProbs: 0.08388020833333214
