HitRate: 2676625/3000000 0.892208
CumReqs: 29282,19388,19088,26756,26056,26179,17568,17296,25273,24637,24693,17844,17606,24345,23702,23853,17516,17135,23587,23144,23039,17828,17555,22851,22502,22459,17549,17180,22079,21735,21878,17703,17397,21691,21107,21577,17371,17783,22179,21564,20958,17643,17892,21535,21095,20540,17382,17710,21119,20988,20425,17188,17770,20815,20383,19978,17195,17541,20841,20298,20165,17423,17719,20456,20028,19687,17125,17845,20453,21234,20870,18631,17646,19845,20943,20449,18479,17457,20099,20745,20492,18371,17427,19689,20475,20094,18618,17358,19729,20518,19950,18192,17207,19410,20121,19907,17956,17361,19555,20132,19957,80905,80411,81837,20117,19414,49000,48088,50324,20116,19710,42614,42029,43578,19667,19341,35123,34669,36257,19686,19296,31201,30786,32094,19590,19021,28672,27365
CumProbs: 0.027633951296104933,0.017602615344056806,0.017339596413852472,0.024984771009474896,0.024151112298649424,0.02423406856026258,0.015896074712432234,0.01562511184096613,0.023556102823225303,0.022846402695835617,0.02304003626408533,0.01596450845642508,0.015668182897493006,0.022530920653551785,0.021802188166890082,0.021909348624531453,0.01576396531426643,0.015482989766834203,0.02166974777117043,0.02103861818782347,0.021307264076420203,0.015965418699694433,0.015619402133184707,0.021044203771523357,0.020299211030091465,0.02046578554841861,0.01566148019705396,0.01544095307765874,0.02045122165610574,0.019832132108730853,0.02004628752523933,0.0158020714075047,0.015555271357375621,0.02006639562655747,0.019395753210371236,0.019522897645249726,0.015604217620460676,0.015932194820356033,0.02011265253452787,0.01960275080480417,0.01925739623339952,0.015782914924150272,0.016036831421659636,0.01978860593056976,0.01912536958462197,0.018753038712683235,0.015553988741859669,0.015846631953018928,0.019434852296267565,0.018904470092979863,0.01857310016817193,0.015642902959416297,0.015904142777776655,0.019159172709677014,0.018582119851477254,0.01821719504977815,0.015517082514748813,0.01574331934192507,0.018896691650494672,0.018428785235252855,0.018101056283523174,0.015607155223739422,0.01583781914318156,0.018750018360015046,0.018187943141070702,0.017848381026834798,0.015412735536302681,0.01574642244398073,0.018492585013509876,0.0194563257624905,0.019082546776260215,0.01689771468118166,0.015724535230817124,0.018285132297440918,0.01912325947522436,0.018767064733973358,0.01675157926172511,0.015706247616037526,0.018218725913458775,0.01901816775228575,0.01866896533433219,0.016720672365254728,0.015673685731804412,0.017954920864066276,0.018690356051166958,0.01836419933780999,0.016595969037327137,0.015679767811833518,0.017939984599505764,0.018631355737421886,0.01824624008501524,0.016541106192988757,0.015570207621935148,0.01766529800557337,0.01834595309772422,0.018067956528266333,0.016424553679792838,0.015544844934469745,0.017579817887624385,0.0183143428314553,0.018032498415448128,0.07926381841344113,0.07828121080399211,0.08018469497935637,0.018027078330524908,0.017718712735618272,0.0472236276976188,0.04643986686781855,0.048440540199596274,0.01812451573505988,0.017778788791408793,0.040861771987959594,0.04000734318071108,0.04176920177831359,0.01778830497104489,0.0174988889860226,0.03343629701783809,0.032673678656736184,0.034468761133674475,0.017853139116653087,0.01755681355772208,0.02940623631660581,0.028578866559281157,0.030133810311836515,0.017463099875651162,0.017180717588622673,0.02666363197076383,0.025948470383759116
