HitRate: 1774571/3000000 0.591524
CumReqs: 82887,102674,63092,119066,114142,82941,78509,103113,76031,79686,109515,94540,96857,72200,113183,73460,82009,88846,99777,131457,154392,139015,67227,91706,86821,64647,76696,92624,129191,84435,67569,81692
CumProbs: 0.007301641818849015,0.005795783663341613,0.007328443513113154,0.016233554596209333,0.015134685131379607,0.012241756576424383,0.007834035967873715,0.008973604301771205,0.012300323241668252,0.010185305590601823,0.017629228008630822,0.012561060711793456,0.013355184986286487,0.008120251591805579,0.013477612478604163,0.01054762479083926,0.011784804233476527,0.008065986433048554,0.019434206307530566,0.011873812329242615,0.009775338933894803,0.01698631823140584,0.008499776817990365,0.007203699824994876,0.010576080910675262,0.007785064970946642,0.0086926828396693,0.015361010549610114,0.014804461787236258,0.010090672447891398,0.007030316025063895,0.010570124978616566
