HitRate: 29722980/30000000 0.990766
CumReqs: 30000000
CumProbs: 0.9958982474953916
