HitRate: 21239321/30000000 0.707977
CumReqs: 179817,175245,156811,496930,493666,515750,169279,167657,791228,866641,871337,234901,171181,174062,204539,194822,203217,167801,183605,180634,193755,177330,170664,154782,182357,174127,183252,170634,206311,194423,186802,150738,148162,144439,156287,212656,209087,203015,150056,160299,180335,187688,180816,155552,158331,169710,169840,179832,253493,251125,252362,176147,191009,167249,155262,147263,150286,163162,236897,243846,242869,177453,228145,220981,211226,278342,275311,281820,409979,409885,407580,153401,167623,180680,179456,166059,223151,228767,247337,186884,200325,287311,310337,335247,243499,208811,173737,164356,185696,185793,188040,220230,223187,257997,197561,225606,223681,225462,200524,185758,383928,385289,464777,362829,393602,284996,198934,156835,157380,158647,159447,155591,168300,176637,196472,178760,169696,304401,313785,305324,254977,308029,311263,202456,143247,147655,159555,178577
CumProbs: 0.01116077162446997,0.010668214389104352,0.008902878225606063,0.04288810882041804,0.04267288962603394,0.0447533097687935,0.010125179577824564,0.010137494310449123,0.07242326326111682,0.08003857846551689,0.08029366019284977,0.016695474268414095,0.010218053186368037,0.010610232522997084,0.013580616585193168,0.012639533697517958,0.013506279214818867,0.009974420312022551,0.0115641432571562,0.011270577990372182,0.012590499254333228,0.010913130048098206,0.010437954544718284,0.008701833801587087,0.011413768826748672,0.010544810505929215,0.01150010023358535,0.010239924664623111,0.013858563948883086,0.012775829566409429,0.011911360991859219,0.008372318495031882,0.00799264630872464,0.007749751035551959,0.008863432597668058,0.014411668619652696,0.014064996068425265,0.013539375058747402,0.008248080801835287,0.00920099737789192,0.011289178367773812,0.012099256873232116,0.011368133762882229,0.008837456208538173,0.008998189124981423,0.01010718852313094,0.010203685998306051,0.011197298917332902,0.018710696881418958,0.018267687203097384,0.018576068632570403,0.010983234229132815,0.012414597409422735,0.00989591389154105,0.008722101799031686,0.007905930066493433,0.008153058529005813,0.009519897641481683,0.016984581858545088,0.017649930186048934,0.017617219177514985,0.011100224189065937,0.016102763621625455,0.015404447728658083,0.014347336969535952,0.02118746541091435,0.020758502224492707,0.021402267700287317,0.0340959990492001,0.03410568407329541,0.034027754905905955,0.008685510366936353,0.00996101521244688,0.01135155377130174,0.011156346017433035,0.009752306150153812,0.0155362217816639,0.01605231811532751,0.01789539102851831,0.011770030193222826,0.013359785207972739,0.021940684486832857,0.024251845518221286,0.02675657875305162,0.017660128324003595,0.01415924867046575,0.010714362566830159,0.00968197748180579,0.011866046624154834,0.011748351132665105,0.011993330930891395,0.015207251658584267,0.015521213201277667,0.019131289898009905,0.0130457274564306,0.015815035024991538,0.015635348965368296,0.015687237604395703,0.013338972027052613,0.011898020031515966,0.031629075891880874,0.031638504359046374,0.03967890232630754,0.029522615220759205,0.032490080947880265,0.021768598926251367,0.013181542281078882,0.00887093688786115,0.009005212370931378,0.008942131435846802,0.009031798082769299,0.008800479941048303,0.009929009735469568,0.010937535026033852,0.012963757517398554,0.011088775336079078,0.010343669873061671,0.023625718331341947,0.024733210457529718,0.0236970732274087,0.018728367239950593,0.024115709997410813,0.02433808071620934,0.0135621765558726,0.00763811670152579,0.007949544744538708,0.009148948390783486,0.011058629896841914
