HitRate: 1474408/3000000 0.491469
CumReqs: 23307,23704,23702,23484,23374,23204,23083,23170,23853,23071,23323,23181,23421,22640,22769,23727,23408,23688,23727,22999,23489,24017,22743,23459,22934,23418,23410,24305,23923,23424,23323,23770,23528,23706,23621,23686,23585,23608,23689,23151,23013,22682,23151,23631,23510,22897,23280,23568,23064,22521,23191,23544,23400,23871,23411,23411,23563,23548,23738,23268,23154,23778,23664,23639,23349,23359,23512,22913,23679,23168,23307,23676,22638,23883,23783,23696,23543,23768,23150,24078,23140,23274,22895,23191,24014,23055,23313,23537,23380,23138,23484,22925,23432,23612,23114,23323,22544,22820,23006,23578,24195,23927,23738,23252,23814,23884,22980,23447,24182,23514,24552,23744,24248,23466,23064,23999,23163,23251,23003,24291,23597,23901,23435,23530,23339,23221,22934,23931
CumProbs: 0.00035142632686152944,0.00037706130361320206,0.0003721939029641502,0.0003877695850411151,0.000399126853222236,0.00039361046581997745,0.0003657040354320812,0.00037089592945773614,0.0003890675585475297,0.00032351989647363315,0.0003829021843920635,0.0003631080884192536,0.0003562937275105812,0.0003848491446516846,0.0004319006842591839,0.0004367680849082353,0.0003569427142637882,0.0003540222738743572,0.0003705714360811327,0.00039036553205394316,0.00039880235984563205,0.000414378041922598,0.00040626570750751145,0.00038387566452187426,0.0003699224493279261,0.00042346385646749405,0.0003734918764705637,0.0004202189227014599,0.00041145760153316714,0.00039620641283280523,0.0003644060619256674,0.00038452465127508076,0.00042443733659730494,0.000384524651275081,0.00035726720764039173,0.0003657040354320808,0.00039198799893696033,0.0003897165453007356,0.0003631080884192534,0.00036278359504265034,0.0003903655320539432,0.00034104253881021965,0.0003997758399754431,0.0004130800684161838,0.0003475324063422882,0.00036213460828944335,0.00039296147906677024,0.00035629372751058133,0.0004137290551693909,0.00038225319763885693,0.000361161128159633,0.000381928704262253,0.00038322667776866684,0.0003900410386773396,0.00035110183348492624,0.0003747898499769774,0.0004185964558184428,0.0003241688832268406,0.000369922449327926,0.0003546712606275639,0.0003965309062094085,0.00043319865776559816,0.00037284288971735715,0.00037219390296415033,0.0003903655320539427,0.00039815337309242603,0.0003536977804977537,0.0003757633301067879,0.00039782887971582257,0.00039036553205394283,0.00035986315465321925,0.00036181011491283994,0.00039880235984563264,0.00043384764451880465,0.0003816042108856501,0.0003553202473807713,0.0003903655320539427,0.0003222219229672194,0.00035110183348492624,0.00042313936309089074,0.0004017228002350635,0.00036829998244490835,0.0003975043863392188,0.0003666775155618916,0.0003530487937445469,0.00034915487322530593,0.00036797548906830526,0.0003657040354320812,0.0003945839459497881,0.000329036283875892,0.00035694271426378783,0.00037965725062602963,0.0004169739889354253,0.0003582406877702019,0.00037803478374301224,0.00034428747257625377,0.0003708959294577362,0.000356942714263788,0.0003949084393263916,0.0004163250021822183,0.00039620641283280507,0.0004072391876373222,0.0004026962803648741,0.00038127971750904653,0.00037868377049621863,0.00036992244932792563,0.0003666775155618919,0.0003283872971226849,0.00038095522413244317,0.00039361046581997734,0.00042476182997390797,0.00040691469426071877,0.0004130800684161846,0.0003767368102365985,0.0003854981314048917,0.0003673265023150986,0.0003517508202381331,0.00033974456530380513,0.0003751143433535816,0.0003501283533551158,0.0003780347837430117,0.00037933275724942584,0.00037251839634075374,0.0003468834195890818,0.000370571436081133,0.00033909557855059885,0.00036116112815963295,0.00036440606192566724
