HitRate: 2047691/3000000 0.682564
CumReqs: 121358,55055,71974,97489,143129,43478,75215,75546,102065,50504,58742,56024,80999,180067,60410,52264,369616,64838,53636,58484,153559,72491,121832,92326,64241,58577,91636,76858,60166,43850,74772,218799
CumProbs: 0.03051345182861966,0.007645426411563861,0.01249377808186796,0.023223944105117536,0.03738145061003931,0.003933750513984541,0.014784775736267252,0.01566941180191743,0.023360451740389112,0.0076840480839821595,0.010252389299799068,0.008941916001191944,0.0177236852400287,0.049903529055317225,0.009225252580743434,0.008109552371487217,0.11340887865636534,0.011087749438570731,0.008362590914917454,0.009371082688667702,0.04163849115780116,0.01486401675381514,0.03054374986474092,0.021114734667445758,0.011981375031421729,0.009550873232683922,0.020418212782108845,0.01479909239069817,0.010666240496488257,0.0039374129139552435,0.013750980108173978,0.06245490670036075
