HitRate: 2335664/3000000 0.778555
CumReqs: 186141,187032,186602,187798,186490,186357,188238,191295,192422,187687,184834,185857,187662,188381,186641,186563
CumProbs: 0.06050760162328005,0.057429550156190445,0.05686685993323984,0.05833111451458935,0.05845744626175739,0.05895846271837403,0.05646100676123529,0.06231338297518894,0.05708769180624221,0.05566024253705982,0.05649681733523574,0.05960404778854787,0.058553935863925106,0.058371567200034224,0.059066557599153004,0.05953607401382486
