HitRate: 350819/30000000 0.011694
CumReqs: 30000000
CumProbs: 0.008325227864601215
