HitRate: 1163156/30000000 0.038772
CumReqs: 938239,937416,937162,936791,938685,937191,937593,937531,937188,936831,938102,936913,937535,938808,936413,937602,936485,937564,938641,935364,937624,937079,939339,936917,939026,938031,937514,937666,937615,936285,938261,936589
CumProbs: 0.002630729166666627,0.0026390624999999535,0.0026343749999999553,0.002588020833333291,0.0025645833333332894,0.0026036458333332964,0.0025604166666666323,0.0026223958333332917,0.002584374999999955,0.0026328124999999585,0.002623958333333287,0.0026026041666666194,0.0026197916666666253,0.002578124999999954,0.002580729166666626,0.0026166666666666205,0.0026036458333332907,0.002622916666666626,0.0025911458333332943,0.002609374999999957,0.002651041666666621,0.0026119791666666223,0.002610937499999958,0.0026484374999999564,0.002637499999999959,0.0026302083333332887,0.0025802083333332907,0.0026296874999999567,0.0026156249999999552,0.0026166666666666226,0.002589583333333291,0.0026416666666666225
