HitRate: 26997202/30000000 0.899907
CumReqs: 3748722,3749624,3748125,3751253,3749481,3753884,3748168,3750743
CumProbs: 0.11249999999998883,0.11249999999998883,0.11249999999998883,0.11249999999998883,0.11249999999998883,0.11249999999998883,0.11249999999998883,0.11249999999998883
