HitRate: 2962535/3000000 0.987512
CumReqs: 3000000
CumProbs: 0.9812434338221001
