HitRate: 5987627/30000000 0.199588
CumReqs: 468735,467334,469228,468427,468558,468949,468012,470631,468674,468382,468709,469097,468622,469785,468502,468422,469149,468892,468716,468821,468677,468842,468379,469062,469139,468901,468022,468981,469467,468757,469335,469497,468995,468604,468972,467808,469586,468249,468392,469162,467981,468804,468503,468933,469114,469253,467975,468599,468398,467929,469422,468536,468044,469257,468253,468534,468210,469736,468624,467925,468808,469042,468752,468896
CumProbs: 0.006291840277777824,0.00627309027777783,0.006300520833333368,0.0063131944444444294,0.006297048611111128,0.006252430555555623,0.006226909722222279,0.006289062500000039,0.0062553819444445356,0.006261979166666693,0.006272569444444478,0.006250173611111186,0.006281076388888928,0.006202256944444493,0.006252430555555598,0.006249305555555599,0.006228645833333373,0.006256076388888875,0.006265104166666708,0.006290972222222277,0.006262326388888921,0.006267534722222243,0.006248263888888952,0.006250694444444517,0.006283680555555596,0.006273437500000093,0.006278645833333422,0.006282291666666731,0.006291493055555582,0.006261284722222257,0.00624895833333341,0.006240798611111154,0.006277256944444474,0.006246701388888942,0.006270659722222247,0.0062685763888889155,0.00628732638888891,0.006240972222222251,0.006279687500000024,0.006303472222222244,0.006230381944444497,0.006265451388888939,0.006224305555555626,0.006275694444444481,0.006254861111111151,0.006266319444444477,0.00629670138888888,0.006283333333333371,0.006221527777777813,0.006262847222222232,0.006265104166666707,0.0062592013888888845,0.006263888888888908,0.006260243055555564,0.006253298611111166,0.006282986111111187,0.006263194444444507,0.00626493055555556,0.006255381944444482,0.006284548611111162,0.006256423611111111,0.006290625000000037,0.006238194444444467,0.0062975694444445075
