HitRate: 2285598/3000000 0.761866
CumReqs: 374594,349556,281396,360228,390838,449139,382447,411802
CumProbs: 0.2856757373987203,0.26190167490550775,0.19236930452163317,0.26902046755722053,0.303254709499424,0.35933202538585235,0.29132325366963524,0.3225277390388101
