HitRate: 116077/3000000 0.038692
CumReqs: 374600,375566,374963,374971,375608,374328,375471,374493
CumProbs: 0.011249999999999996,0.010833333333333327,0.009166666666666662,0.01104166666666666,0.008749999999999996,0.010624999999999996,0.01208333333333333,0.008749999999999996
