HitRate: 1509663/3000000 0.503221
CumReqs: 3000000
CumProbs: 0.07950485818971309
