HitRate: 1882621/3000000 0.627540
CumReqs: 3000000
CumProbs: 0.6261080168934197
