HitRate: 2758704/3000000 0.919568
CumReqs: 3000000
CumProbs: 0.9269765797887582
