HitRate: 1646429/3000000 0.548810
CumReqs: 312381,340183,415491,318958,358455,536469,328955,389108
CumProbs: 0.04862714298312905,0.05539982661450682,0.08350624736885019,0.049770954768350695,0.06319385396681709,0.12182610533251907,0.052994726884568834,0.07402828413256506
