HitRate: 299576/30000000 0.009986
CumReqs: 30000000
CumProbs: 0.00999999999999951
