HitRate: 332609/3000000 0.110870
CumReqs: 3000000
CumProbs: 0.09012152777778298
