HitRate: 1534769/3000000 0.511590
CumReqs: 3000000
CumProbs: 0.0995550578424805
