HitRate: 10069/3000000 0.003356
CumReqs: 93617,93577,93213,93674,93808,93726,94057,93407,93631,93672,93746,93863,94037,93997,93610,93895,94037,93808,94436,93609,93604,94221,93813,93408,93303,93654,94130,93992,93544,93601,93776,93534
CumProbs: 0.00041708591106373474,0.00042073873353324194,0.0004147613876740486,0.00041442931290409306,0.0004592594068480455,0.00040147839687584017,0.0004024746211857058,0.0003994859482561089,0.0004087840418148547,0.0004207387335332419,0.0003974934996363777,0.0004147613876740485,0.00041675383629377963,0.0004360141729511813,0.00040347084549557157,0.00041310101382427243,0.0004280443784722563,0.00042140288307315234,0.00040280669595566123,0.0004194104344534214,0.00043302550002158427,0.0004054632941153028,0.000423395331692884,0.000418746284913511,0.00043236135048167437,0.00041608968675386923,0.0004074557427350341,0.00040745574273503394,0.0004300368270919877,0.00040413499503548175,0.0004197425092233762,0.0004293726775520774
