HitRate: 2159485/3000000 0.719828
CumReqs: 29320,12908,28096,30620,17914,22855,18150,21910,15036,18218,19565,32263,14532,16335,36625,33653,28389,21255,13826,26676,19604,14312,25148,22740,27328,36182,13452,25102,14562,34579,12057,21486,19867,16561,10043,29495,21006,22341,52419,33808,16410,10654,12059,60736,32315,25639,18064,17617,12786,21810,65750,14528,10932,10038,18852,31626,12166,17190,21621,19440,28113,28958,14657,9401,23328,22878,10580,9677,53733,20157,14446,18390,21625,39286,14235,13059,21530,25661,62982,26168,35812,59449,14792,37135,29121,19141,46695,61156,24375,26880,17452,20503,20428,42348,9913,31082,14010,16544,10545,14256,59546,14095,28437,17446,11236,15839,26239,22807,19252,12469,49757,25327,33653,16214,16764,17362,13652,21983,30716,18022,14093,10260,19052,19457,10048,16484,16729,12089
CumProbs: 0.005028181209368045,0.0017711630792192035,0.0035588945689081853,0.003183454387663029,0.0036715597601026714,0.00544901883530039,0.003598990122245046,0.0028769387939721475,0.002937910544500929,0.0008632141854754023,0.004146079035957095,0.0024889066207699605,0.0023699454335969587,0.0022539665603085166,0.003808746198792428,0.008843886140557778,0.005988154911986945,0.004188494166759724,0.002707941007180418,0.003980063563049926,0.0034671055749056173,0.0013533077671714182,0.002692366701338827,0.0020644239445342634,0.0040141944886176685,0.0051325621953276414,0.002368288592549982,0.005170338171198736,0.0026267557958785095,0.005325749861405246,0.0016508764192086198,0.0014497359161055226,0.0011249950708978856,0.0035499476272545043,0.0010053711473060928,0.005925194952201793,0.004362793844901784,0.002625098954831531,0.003106245594873867,0.006504757950434606,0.0031784838645220956,0.0014792276867417258,0.0016412667411361485,0.004207713522904668,0.008485345737991794,0.0015683657350691281,0.00360396064538598,0.0034694251523713867,0.0019497705440834044,0.002346418290729875,0.013436318154570677,0.002580364246563132,0.0012485954130024247,0.001205848913990399,0.004062242878980022,0.0043173964002145935,0.002126058431481835,0.002663206298912018,0.0027331249910944795,0.0016114436022905494,0.007138002598589498,0.0038173617722367112,0.0026897157556636624,0.001235672052835998,0.0019590488539464796,0.00475911022333886,0.0013360766202828494,0.0011670788334911199,0.01279644614222788,0.0024869184115135883,0.0026363654739509795,0.001762216137565524,0.004010880806523714,0.0026774551319160276,0.002768912757709198,0.0017194696385534987,0.004886686983956144,0.0015276074453134758,0.00425443644042944,0.0019494391758740086,0.002836843240635287,0.0020541515300430014,0.0025631330996745633,0.004388971933444032,0.0007710938232634399,0.003911138975495653,0.004104989377992046,0.005285654308068386,0.003638091570953721,0.0034081220336332108,0.0023928098400452513,0.0008933686925303972,0.004665995756498708,0.002015712817753118,0.0010514313284120736,0.007279828192210792,0.001398042475439817,0.001502423461399414,0.0017350439443950887,0.0013784917510854795,0.00499570712484728,0.002097892133683214,0.004215334991720765,0.0038276341867279746,0.0015567678477402841,0.0026917039649200355,0.0021641657755623236,0.005111685998135722,0.0036152271645054283,0.0017254342663226183,0.00394394442822581,0.003365044166411789,0.006363263725022706,0.0032593377076146094,0.0030581972045115122,0.0024368818118948596,0.0014726003225538145,0.004611320001948447,0.002479628310906885,0.003569829719818237,0.0015958692964489587,0.001674072193866308,0.004146741772375887,0.0036960810075979417,0.0012505836222587974,0.002502161349145782,0.0035592259371175806,0.0014441026565457978
