HitRate: 2129675/3000000 0.709892
CumReqs: 3000000
CumProbs: 0.7093079301972608
