HitRate: 2359214/3000000 0.786405
CumReqs: 93171,92031,89528,89663,94396,95524,98801,94437,95334,92768,94147,92335,92643,91448,93610,92766,93791,93829,95758,97384,96306,96342,93978,93999,94039,92687,93474,90731,92678,92340,95089,94973
CumProbs: 0.05323173062643433,0.05244417749895096,0.05153337662068735,0.05076451606873889,0.05285870076740731,0.05279522817575587,0.05436622617236358,0.05374218172758155,0.0540198999926722,0.05297496447897657,0.05428858008937247,0.051942148327440825,0.053185718132810075,0.05248977916673949,0.05386419700085342,0.053300954779789474,0.05346754465626029,0.0530166633013238,0.055001157501798424,0.055890390023675234,0.05528134072190457,0.0542629034746266,0.05390630664903667,0.052051017173963286,0.05291642179735585,0.05261405398210912,0.05219850364906298,0.05060881307692017,0.05182321424793818,0.0528167965321422,0.05278475211693946,0.0532750727521253
