HitRate: 13242599/30000000 0.441420
CumReqs: 3162718,3633618,3354619,3407223,4397727,4352434,4354761,3336900
CumProbs: 0.1069536657031456,0.16134720388543075,0.13245660464277165,0.12860700884133208,0.22332321663485058,0.22081506685616453,0.22352098901923328,0.12164338119587241
