HitRate: 1678035/3000000 0.559345
CumReqs: 3000000
CumProbs: 0.4381249999999956
