HitRate: 27707611/30000000 0.923587
CumReqs: 1875396,1873493,1874339,1874699,1874781,1874990,1875953,1875288,1874108,1875427,1874787,1876579,1871873,1877821,1874696,1875770
CumProbs: 0.05474305555555561,0.054774999999999754,0.05476111111111152,0.0547722222222223,0.05472361111111129,0.054826388888889084,0.05482222222222237,0.05475833333333297,0.05482499999999984,0.05477500000000032,0.05476944444444464,0.054823611111111045,0.05478194444444429,0.0547402777777777,0.05473194444444428,0.05477777777777782
