HitRate: 2501089/3000000 0.833696
CumReqs: 43543,46645,54294,35062,35111,27467,30729,28422,30799,34085,37697,38761,30270,78308,78352,149358,199326,200629,129540,32694,38932,52396,51871,45916,42810,46700,42621,39969,32881,35052,27233,30092,29790,29843,29158,30433,63943,63175,65440,42656,43624,37176,26681,23485,36487,45193,47790,36509,31953,28771,28719,23540,24363,23102,43335,43379,42061,24226,36553,43146,43580,32545,26409,25370
CumProbs: 0.036355983069212,0.0388893652513505,0.04598543370203786,0.026527434580277027,0.027129275244828648,0.019319962272093042,0.023056700990747327,0.021024473771049816,0.023069367901658,0.026678463133442985,0.030091708434993415,0.03107485559721562,0.022474347881442917,0.07031207370972894,0.07121045000662574,0.14124352688373207,0.19228208366137375,0.19189720444524122,0.1217790319102221,0.024760887697116596,0.030699070573531734,0.04332245927750539,0.04421758764852764,0.03802606655389872,0.034900587484832185,0.038662010440132934,0.035085394467093335,0.03244288197557041,0.02572876960772851,0.027122779393079586,0.019511589898690708,0.022015091162783454,0.022013142407258716,0.022066733184188565,0.021906610438573938,0.022596469894325486,0.05608875671995865,0.05513711443871944,0.05720669280597409,0.034883048685109656,0.03639268463159425,0.029186511493760087,0.01919361795557357,0.01595705982159793,0.02877272573734414,0.03753368099131894,0.039830289377203745,0.029304411203005747,0.023638729307464246,0.020458360291118083,0.020340460581872416,0.015964205258521897,0.01680346930450215,0.015700798470096995,0.036129927428344276,0.03558102795554762,0.03403663920220545,0.01624937315030622,0.028349520995892028,0.03490708333658125,0.035701201212905376,0.02414248261060486,0.018532665040105374,0.0174800122641681
