HitRate: 1512340/3000000 0.504113
CumReqs: 23567,23439,23431,23268,23552,23165,23684,23444,23595,23390,23490,23348,23473,23202,23592,23213,23419,23512,23422,23190,23293,23388,23292,23413,23745,23444,23572,23297,23378,23248,23370,23136,23456,23579,23644,23275,23531,23605,23631,23523,23523,23407,23363,23580,23624,23643,23165,23625,23271,23357,23289,23376,23531,23522,23288,23358,23698,23520,23540,23563,23498,23362,23344,23445,23100,23708,23379,23707,23296,23103,23367,23332,23524,23572,23639,23458,23319,23547,23531,23594,23462,23458,23572,23370,23563,23557,23199,23798,23357,23311,23357,23423,23352,23307,23284,23438,23659,23688,23360,23440,23476,23449,23406,23459,23271,23408,23750,23419,23500,23646,23390,23576,23350,23514,23377,23111,23474,23452,23628,23292,23541,23072,23313,23460,23205,23294,23310,23618
CumProbs: 0.0057583620410897275,0.0057229372427885705,0.0057068826543959575,0.005704614071253498,0.005756965989925202,0.005726427370700046,0.005754697406782743,0.005740038869554652,0.005746844618981993,0.005727648915468992,0.005727823421864571,0.005737595780016654,0.005732709600940618,0.005721017672437238,0.005801290614400498,0.0057307900305893274,0.00573829380559893,0.005741783933510378,0.005736548741643179,0.005700949436946505,0.005758362041089747,0.005768657918428516,0.005719447114877106,0.005743703503861647,0.005782792936469827,0.005709849263120666,0.0057667383480771795,0.005752254317244687,0.005731662562567193,0.0057171785317346995,0.005751730798057981,0.005729219473029196,0.0057707519951753754,0.005741958439905983,0.005797276967302329,0.005712990378240986,0.005759060066672028,0.005735676209665353,0.005782269417283132,0.005772497059131076,0.005732884107336221,0.005765691309703799,0.005727299902677924,0.005749287708520025,0.005735152690478663,0.005757140496320734,0.005718225570108113,0.005770926501570914,0.0057321860817539285,0.00570147295613324,0.005731488056171611,0.005739166337576787,0.005774591135877939,0.005764120752143647,0.005727823421864614,0.005752603330035853,0.005762550194583419,0.00574754264456425,0.005755918951551741,0.005761852169001134,0.00575522092596945,0.005760979637023341,0.0057283469410513025,0.005738293805598964,0.005697808321826174,0.005743354491070516,0.005740736895136963,0.0057929143074129975,0.005772846071922249,0.005703043513693379,0.005749985734102279,0.005746670112586398,0.005756791483529554,0.005762550194583447,0.005722762736393021,0.005743878010257256,0.0057067081480003615,0.005732186081753952,0.005756267964342884,0.005783316455656538,0.0057660403224948885,0.005777208731811524,0.005784887013216723,0.0057520798108491675,0.005782967442865433,0.005722762736392998,0.005715258961383417,0.005780698859722957,0.005762550194583476,0.005746670112586422,0.005740387882345799,0.005722064710810733,0.005684022316575982,0.005725205825931032,0.0057442270230483455,0.005745972087004112,0.005769355944010777,0.005791518256248489,0.0057208431660417175,0.005770228475988624,0.005770926501570909,0.005747717150959832,0.005785061519612279,0.00578436349403002,0.005766738348077185,0.005734105652105232,0.005813506062090561,0.00577616169343812,0.005739689856763519,0.005748589682937665,0.0057147354421966815,0.005708453211956078,0.005755744445156181,0.005730266511402627,0.005700600424155375,0.005711594327076357,0.005753650368409309,0.0057133393910321255,0.005773020578317808,0.005713688403823265,0.00574562307421292,0.005680532188664549,0.005715084454987841,0.0057962299289289155,0.005738991831181222,0.005724158787557584,0.0057208431660417365,0.005747891657355436
