HitRate: 1979715/3000000 0.659905
CumReqs: 3000000
CumProbs: 0.6554557783234983
