HitRate: 2939470/3000000 0.979823
CumReqs: 3000000
CumProbs: 0.9799586527752132
