HitRate: 908050/3000000 0.302683
CumReqs: 93939,93995,94141,94319,94389,93564,93873,93691,93822,93236,93251,93212,93084,93244,94305,93072,93915,93717,93696,93087,93850,94157,94172,94540,94491,94055,93606,93732,93876,93193,92882,93894
CumProbs: 0.02851388418444942,0.028931306328744005,0.02840130971594042,0.028430864664900007,0.028972816088518722,0.028375075547762786,0.02864239840071198,0.02842754388411802,0.028486985860115405,0.02845809506731222,0.02860088864093727,0.028340207349552005,0.028142620893024353,0.02824921795612585,0.028164538046185413,0.028642398400711984,0.02883400745183209,0.0280775335896976,0.028394668154376454,0.028079858136245,0.028287074857040382,0.028797810941308538,0.02830035798016829,0.028373415157371802,0.028848618887272755,0.02812003958370692,0.028073880730837424,0.028452117661904676,0.02827179926544327,0.028671621271593357,0.028168855061202,0.02831430525945259
