HitRate: 39598/3000000 0.013199
CumReqs: 186172,187749,187489,188442,186954,187357,187614,187930,187919,187770,186760,188188,187353,186689,187841,187773
CumProbs: 0.0009038870826615983,0.0007964102931097969,0.0008282563929786883,0.0007629254067775925,0.0008418380093936508,0.0007817957551422173,0.0007982712879071176,0.0007545179461400694,0.0007881043886249257,0.0008643669832576722,0.0007813869265276935,0.0007582043476812173,0.0008557164822548274,0.0009183167363512726,0.0007433467693483162,0.0008990158593395068
