HitRate: 2955056/3000000 0.985019
CumReqs: 3000000
CumProbs: 0.9064141837440784
