HitRate: 121570/3000000 0.040523
CumReqs: 23472,23252,23282,23652,23604,23253,23543,23537,23318,23341,23853,23426,23460,23373,23369,23526,23435,23428,23094,23225,23471,23451,23401,23106,23427,23257,23526,23439,23364,23471,23370,23372,23386,23650,23495,23293,23335,23571,23069,23471,23608,23584,23475,23340,23625,23600,23418,23349,23484,23525,23510,23469,23547,23310,23137,23563,23356,23251,23266,23345,23602,23414,23493,23557,23501,23611,23369,23396,23536,23606,23302,23655,23185,23508,23251,23506,23213,23579,23415,23302,23349,23600,23308,23533,23482,23471,23384,23272,23455,23572,23630,23514,23318,23737,23408,23598,23313,23310,23543,23407,23433,23601,23277,23421,23348,23568,23283,23356,23408,23444,23598,23247,23381,23406,23455,23668,23526,23674,23656,23475,22978,23398,23416,23315,23544,23800,23500,23489
CumProbs: 0.0006319444444444442,0.0006024305555555552,0.000651041666666667,0.0006276041666666667,0.0006249999999999995,0.0006154513888888885,0.0005928819444444441,0.0006197916666666667,0.0006093749999999997,0.0006041666666666665,0.000626736111111111,0.0006015624999999996,0.0005963541666666665,0.0006223958333333331,0.0006250000000000002,0.000597222222222222,0.000603298611111111,0.0005850694444444437,0.0006362847222222219,0.000616319444444444,0.0006519097222222221,0.000634548611111111,0.0006163194444444448,0.000608506944444444,0.0006345486111111108,0.0006284722222222219,0.0005989583333333329,0.0005729166666666663,0.0006154513888888885,0.0006128472222222223,0.0006050347222222214,0.0006258680555555553,0.0005989583333333327,0.0006215277777777772,0.0006319444444444445,0.0006302083333333326,0.0006119791666666664,0.0005954861111111105,0.0005885416666666664,0.0005972222222222221,0.0006102430555555551,0.0006336805555555554,0.000613715277777778,0.0006345486111111112,0.000592013888888889,0.000596354166666666,0.0006171874999999992,0.000614583333333333,0.0006197916666666664,0.0006223958333333328,0.0005876736111111104,0.000588541666666666,0.0006085069444444441,0.0006050347222222213,0.0006206597222222214,0.000605902777777777,0.0006163194444444441,0.0006041666666666664,0.0006249999999999996,0.000614583333333333,0.0006267361111111105,0.0006484374999999997,0.0006163194444444441,0.0006397569444444437,0.0006336805555555555,0.0006345486111111112,0.0006163194444444438,0.0006241319444444438,0.0006119791666666665,0.0005920138888888887,0.0006171874999999992,0.0006128472222222223,0.0006041666666666667,0.0005868055555555555,0.0006232638888888884,0.0006180555555555553,0.0006189236111111106,0.0006310763888888886,0.0005920138888888885,0.0006215277777777767,0.0005954861111111107,0.0006258680555555556,0.0005902777777777768,0.0006189236111111108,0.0006328124999999998,0.0006258680555555555,0.0006232638888888885,0.0006154513888888888,0.0006302083333333331,0.0006215277777777776,0.0006067708333333329,0.000602430555555555,0.0005885416666666661,0.0006302083333333327,0.000620659722222222,0.0005807291666666657,0.0005972222222222215,0.0006041666666666666,0.0006076388888888886,0.0006076388888888885,0.0006510416666666672,0.0005911458333333332,0.0006145833333333333,0.0005954861111111108,0.0006232638888888886,0.0006232638888888887,0.0006206597222222222,0.0006102430555555551,0.0005885416666666662,0.000612847222222222,0.0005980902777777772,0.0005772569444444435,0.0005868055555555553,0.0006284722222222218,0.0006093749999999998,0.0006154513888888888,0.0006015624999999997,0.0006128472222222217,0.0006015624999999999,0.0005659722222222214,0.0006076388888888888,0.0005824652777777769,0.0006319444444444442,0.0005842013888888883,0.0005989583333333329,0.0006276041666666667,0.0007005208333333335,0.000614583333333333
