HitRate: 2508813/3000000 0.836271
CumReqs: 47078,46607,47134,47218,46629,47200,46756,48388,47939,47257,47012,45570,46833,46210,46620,45927,47096,46756,46488,46289,47489,47380,47383,46053,47343,46779,46895,47421,46889,45980,47000,46890,45568,46265,46939,48096,45906,46406,48251,47352,46759,46684,46846,46525,46784,47208,46708,45689,47867,46490,47586,47408,47230,46729,47146,46622,47885,46350,46319,46970,45984,47907,46391,46621
CumProbs: 0.01241449179343952,0.012420433731788907,0.012371709837323618,0.012375720645709548,0.012337840788731916,0.012342000145576584,0.01245875923414267,0.012585916714820183,0.01240290501365817,0.012418354053366689,0.012545660082502913,0.01221855637636744,0.012462770042528512,0.012231925737653549,0.01224603784123347,0.012396220333015039,0.012412115018099712,0.012450589068912112,0.012336503852603282,0.012389535652371868,0.012562594606798724,0.012372006934241071,0.012377800324131836,0.012355963700697628,0.012500501351047315,0.012392060976170407,0.012486686344384943,0.01247316843464001,0.012388347264702003,0.012347347890090989,0.012480595857576635,0.012432020511570283,0.012127941816538769,0.012221378797083344,0.012329522075042862,0.012541203628740815,0.01239324936384024,0.012332047398841325,0.012533033463510377,0.012467226496290564,0.01235046740772453,0.012413749051145862,0.012562000412963683,0.012443013097516704,0.01239027839466555,0.012449400681242243,0.012447618099737384,0.012221675894000915,0.012499015866459892,0.012346456599338591,0.012418651150284087,0.012508522967819052,0.012567496705936954,0.012319420779848737,0.0124970847364964,0.01245044052045344,0.012500501351047313,0.012419245344119036,0.012215139761816495,0.012434991480744907,0.012360568702918491,0.012419393892577773,0.012331750301923884,0.012423107604046118
