HitRate: 1500058/3000000 0.500019
CumReqs: 3000000
CumProbs: 0.5000000000002821
