HitRate: 110933/3000000 0.036978
CumReqs: 46729,46797,46792,46811,46923,46883,46564,47072,46931,46523,46849,46507,47061,47013,46806,46820,47124,46727,46561,46814,47634,46844,46766,46824,46729,46802,46766,46610,46646,46881,47339,46854,46640,46507,47149,46817,46311,46855,47316,47088,46797,46580,46999,47050,46942,46847,46791,46901,47090,46561,47356,46673,46819,47000,46868,47221,46545,46487,47470,47348,47296,46623,47296,46755
CumProbs: 0.001388888888888889,0.0013194444444444445,0.0013541666666666667,0.0015277777777777779,0.0015625,0.0014583333333333334,0.0014583333333333334,0.001388888888888889,0.0014930555555555556,0.0013541666666666667,0.0013194444444444445,0.0012152777777777778,0.0014583333333333334,0.0014583333333333334,0.0013541666666666667,0.0013541666666666667,0.001388888888888889,0.0014236111111111112,0.0015625,0.001388888888888889,0.0014236111111111112,0.0012847222222222223,0.0015972222222222223,0.0013541666666666667,0.0012847222222222223,0.0012847222222222223,0.00125,0.001388888888888889,0.0014583333333333334,0.001388888888888889,0.0014930555555555556,0.0013194444444444445,0.0014930555555555556,0.0016319444444444445,0.0014583333333333334,0.0014583333333333334,0.001388888888888889,0.0014583333333333334,0.0012847222222222223,0.0014583333333333334,0.0013541666666666667,0.001388888888888889,0.00125,0.0014930555555555556,0.0013541666666666667,0.0015277777777777779,0.00125,0.0015625,0.0014583333333333334,0.00125,0.0014583333333333334,0.0013541666666666667,0.0013541666666666667,0.001388888888888889,0.0014930555555555556,0.0014583333333333334,0.001388888888888889,0.001388888888888889,0.001388888888888889,0.0014583333333333334,0.0013541666666666667,0.0013541666666666667,0.0014583333333333334,0.0014236111111111112
