HitRate: 14994434/30000000 0.499814
CumReqs: 30000000
CumProbs: 0.5000000000114982
