HitRate: 20405597/30000000 0.680187
CumReqs: 1403255,687657,693162,747240,958937,946286,880923,934541,1067193,1093414,840512,753646,713654,717580,732897,724382,783553,949855,1013489,934083,865174,936574,934213,910297,790462,818815,833752,880127,1243830,1111265,1752211,1347021
CumProbs: 0.11040319788340654,0.039583256242996266,0.03941644376546237,0.044710171166980714,0.06564984511449953,0.064453645359779,0.05872459983507147,0.06412831312245003,0.07727897759710756,0.07968898674222405,0.054003400344660266,0.045023972892394556,0.041506671177552995,0.0418684451187283,0.04290556345548007,0.04229860920220796,0.04853255238618886,0.06506796724673888,0.07176577400461,0.06321350411266005,0.05666176151861851,0.06376072436724271,0.06412507532827294,0.061377542659591146,0.04934352071131088,0.05202837893557222,0.053162333749181286,0.05803148061023894,0.0940373046751095,0.08018621941936423,0.14482012401412467,0.10490515906159413
