HitRate: 504860/3000000 0.168287
CumReqs: 94155,94150,94407,94032,94150,93703,93824,93884,93603,93134,93791,92877,92886,93245,93902,93595,93870,93801,93688,92969,94186,93998,94141,94574,94325,94068,93661,93652,93375,94077,93086,93191
CumProbs: 0.016064401298696553,0.015833892972955347,0.01566325693961447,0.015932349631569195,0.01593401275080254,0.015725124975094786,0.01598856306165616,0.015594736427200783,0.01596128790622935,0.015838882330655387,0.0159260297784825,0.015659930701147788,0.015616356977234227,0.015605047766447501,0.016013177226309624,0.015854848275295465,0.015771692313628367,0.015890771650735654,0.016101322545676738,0.01564463000420104,0.01567523139809453,0.016006524749376243,0.015703171801214683,0.01605907931714985,0.016104981407990087,0.01559340593181411,0.01578699301057511,0.015708493782761367,0.015679222884254558,0.01599388504320285,0.015468671989313457,0.01589476313689567
