HitRate: 28102625/30000000 0.936754
CumReqs: 3751298,3749770,3751041,3749070,3749707,3751039,3747521,3750554
CumProbs: 0.10785624999998913,0.10795416666665582,0.10788333333332248,0.10786874999998915,0.10790624999998916,0.10796249999998914,0.1078166666666558,0.10793749999998913
