HitRate: 1499833/3000000 0.499944
CumReqs: 188040,187629,187563,187771,186724,186827,187694,188151,187773,187064,188123,187069,187469,187340,187399,187364
CumProbs: 0.031250000000000076,0.031250000000000076,0.031250000000000076,0.031250000000000076,0.031250000000000076,0.031250000000000076,0.031250000000000076,0.031250000000000076,0.031250000000000076,0.031250000000000076,0.031250000000000076,0.031250000000000076,0.031250000000000076,0.031250000000000076,0.031250000000000076,0.031250000000000076
