HitRate: 1746143/3000000 0.582048
CumReqs: 3000000
CumProbs: 0.41863888888888273
