HitRate: 1147981/3000000 0.382660
CumReqs: 23416,23391,23376,23420,23270,23426,23498,23465,23589,23235,23367,23500,23154,23524,23233,23502,23528,23429,23445,23739,23435,23243,23267,23396,23210,23260,23528,23532,23526,23494,23755,23631,23509,23698,23335,23213,23677,23231,23434,23517,23398,23167,23666,23543,23436,23569,23370,23214,23353,23505,23892,23358,23572,23378,23209,23377,23434,23327,23456,23504,23131,23453,23439,23547,23315,23492,23337,23525,23536,23320,23372,23759,23592,23468,23405,23687,23326,23232,23229,23381,23233,23427,23400,23601,23457,23285,23404,23593,23583,23500,23488,23482,23556,23255,23337,23336,23363,23614,23303,23084,23570,23418,23632,23205,23176,23253,23434,23439,23430,23200,23468,23376,23777,23525,23536,23374,23543,23581,23614,23488,23439,23501,23605,23770,23445,23291,23565,23372
CumProbs: 0.00907683941646698,0.009015014277021798,0.009014355148829579,0.009025295863081855,0.00911683195171814,0.009086488998951786,0.009103865028578684,0.009316503038341587,0.009101305820968169,0.008902611220555402,0.00899743074407513,0.008844222770079513,0.008896837745834697,0.008998655420531035,0.009172117346013394,0.0089429089077474,0.008626029638762443,0.008912609354368186,0.00898867491771927,0.008950323421794403,0.009009471361545274,0.009243509337861637,0.00900134075761043,0.009213072805166754,0.008999787873289268,0.008843036068087347,0.00928860401356366,0.009052017679483574,0.009141164089365349,0.008881588286177744,0.00898820294938411,0.009116892982106307,0.009026672437392755,0.008882548497618265,0.0091749410186393,0.008758344876541837,0.008660142913286742,0.008984389228239019,0.008774101566536005,0.00904373246523203,0.009117451749215754,0.00884174493631988,0.008882023636280023,0.008998122421807702,0.009051884768860442,0.009066420851091255,0.008801158371957218,0.009096123662897264,0.008880172381172243,0.008870456343375875,0.008920708764993531,0.00901063093892048,0.008879251500426323,0.008909152321936174,0.008997700634013922,0.008886288982297546,0.008748426760349088,0.008983399179719853,0.00895891243175594,0.008967836430736972,0.008685886887246915,0.008664744604554618,0.008847479080345997,0.008897397869174997,0.009134384291355295,0.0091360958546857,0.00871150201927652,0.008880732504512538,0.008763661301466706,0.008933255256570058,0.009180226250254673,0.008657195823653652,0.008804218028750713,0.008827408220023756,0.009021019667217542,0.008825155520584929,0.009151942055915853,0.008750846276182247,0.009209472012264838,0.008880750135513574,0.00915933215780759,0.008902154170759556,0.009002969590859103,0.00911578901019589,0.008864562164109687,0.008888716635515784,0.009044608590359953,0.00908435700405844,0.009197942693824457,0.008935509312239727,0.008912607998137333,0.008929399492268673,0.008760965114540525,0.008751867518010917,0.00894869458854574,0.009284200331999618,0.008783684693709251,0.008885327414626186,0.009037624001491818,0.008852878235352607,0.0091564501672552,0.008726741985317529,0.008987127458321502,0.008894263619684852,0.008911596249924603,0.008963500560715338,0.009125685426695068,0.008769604305043437,0.008922991301511014,0.00906672871549379,0.009174422938455296,0.00879901145852455,0.008829864354089818,0.00877026072077396,0.00885798986941939,0.008873224410537013,0.009262039519940337,0.008503816964571165,0.00899758806685352,0.009294532098601063,0.008731707146452716,0.008792835183241934,0.009134614850599486,0.008901693052271181,0.008859323044343155,0.008982405062508142,0.009016301340096717,0.008654081917626224
