HitRate: 1349963/3000000 0.449988
CumReqs: 187434,187928,186577,187161,186942,187402,187214,187359,187455,188993,187895,186681,186613,186850,188385,189111
CumProbs: 0.03294782158603039,0.03274616524521939,0.03294092454505812,0.03284469440196751,0.033048649756435934,0.03298821854029717,0.03289231682772902,0.03289428741086401,0.033038468410238685,0.03327822269165901,0.03274616524521934,0.03287950803735172,0.03288246391205421,0.032981321499324784,0.03302500275881649,0.03282236112643789
