HitRate: 1774847/3000000 0.591616
CumReqs: 93113,93345,92614,92946,91859,91448,93645,93814,93368,92780,93616,94071,93992,94970,98950,99781,97595,95073,92054,93741,94540,94668,93529,93439,92938,92703,91304,90133,90874,92911,94792,95394
CumProbs: 0.006522563619463992,0.007449067891071929,0.007471883306753925,0.006686900744014013,0.006747411194301039,0.006604897510838151,0.006564226552448506,0.0066525122913918735,0.006427995374753123,0.006275561945341542,0.006816518757743601,0.007016897625907204,0.0065506695663186225,0.00640220403528652,0.006708724185101139,0.006791719392871867,0.006963330997784254,0.006733854208171157,0.005853642084323794,0.006243488100107428,0.007656390581399611,0.007693754957806355,0.00766101979617567,0.007602162636880098,0.0073482171405935505,0.006833712984054668,0.00625671442803902,0.007549257325153731,0.007425591158993355,0.007007308538156798,0.00716337920774957,0.007058891217089998
