HitRate: 18829809/30000000 0.627660
CumReqs: 3750745,3749056,3749590,3753338,3749432,3749185,3748580,3750074
CumProbs: 0.0783037055065179,0.07847465625157232,0.07853185584907495,0.07853214917874196,0.07836966537646138,0.0783123952590067,0.07829911313336722,0.07832468368179031
