HitRate: 1830501/3000000 0.610167
CumReqs: 37598,35613,34222,62404,42014,37264,35409,34187,58741,41538,37258,35704,34050,55837,41105,36486,35441,34327,52940,40649,37192,35055,34069,51293,40192,36203,35028,33894,49179,39638,36710,34699,33427,47636,39191,36259,34749,232063,46452,39018,36166,34785,132397,45590,38797,36172,34045,112558,44907,38449,35761,34796,89656,43841,38185,35797,34605,76623,43212,37693,35650,34533,68336,42712
CumProbs: 0.006527424137886904,0.005935572853973161,0.005515305950041066,0.014897001800815783,0.007818736030062374,0.006419158659122204,0.005789906573453377,0.005435583188405229,0.01356697679805172,0.007867947611319058,0.006583853417727918,0.005596341020510408,0.00535979735326993,0.012595868261253099,0.007546103869900326,0.006308596639898855,0.005808606974330912,0.005430333953071181,0.011446613800305282,0.007442759549261295,0.006481165251505628,0.005638334903182777,0.005434598956780093,0.01080915978442703,0.007566116579611383,0.005994298674272819,0.005614713344179563,0.005276137665133568,0.010170393459715219,0.007049066899207789,0.00620000308392576,0.005574031770340704,0.005333879253808075,0.009948941344060137,0.007038568428539694,0.006069756432199727,0.005494309008704876,0.07142536095874655,0.009527362131294513,0.0070694076861272225,0.006089441064702399,0.005439192037697392,0.0381363508562652,0.00921011147079309,0.006857141732306727,0.00614554226733503,0.00564719298780899,0.03136286881209485,0.008824292673740644,0.006694415436951269,0.005938525548848556,0.0058168089045403625,0.023974898156632656,0.008576922458623713,0.007004776476076771,0.006067459891741083,0.005487091310120564,0.01960326935499695,0.008292151441751688,0.006651437322653767,0.005842070849585465,0.005574359847549088,0.016653199097262792,0.008226536000076098
