HitRate: 2305353/3000000 0.768451
CumReqs: 20968,18488,15268,47885,16094,15815,18707,15073,43740,16197,15662,18466,15163,39905,16108,15501,18543,15233,37149,16270,16175,18378,14878,34786,15645,15265,18485,15059,32933,15891,15833,18350,15288,31600,15771,15597,17932,17244,30505,15923,15793,18014,16960,28839,15694,15646,17704,16658,28307,15920,15512,17727,16538,27107,15987,15556,17593,16820,26339,15688,15740,17456,16629,25634,15824,15539,17307,16924,25127,20915,15498,17406,16455,24514,20450,15245,17471,16807,23899,19976,15672,17520,16555,23663,19714,15381,17238,16929,23223,19769,15294,17254,16401,22621,19888,15362,17202,16533,22117,19865,15310,237682,16290,22177,19302,15184,125863,16869,22328,19567,15443,103618,16040,21413,18988,15094,77425,16168,21595,19184,15394,62934,16149,20942,18540,15005,54192,16112
CumProbs: 0.005294388736154589,0.004525879193351009,0.003304463902617314,0.01427781397492332,0.003622610326251044,0.0034932540880703035,0.004520793935830396,0.0033070065313776263,0.012839957410968269,0.003653757528564842,0.0034783161441034804,0.004434980215169952,0.0033244871041047514,0.011646193208002921,0.003553959349722691,0.0033454637913773056,0.004352344780459898,0.0033000143022867737,0.010574793014127512,0.0037074705611263824,0.0036118041540197346,0.004289732547237273,0.003258696584931743,0.009826306672811383,0.003528533062119593,0.0033372002479063008,0.00439302684062484,0.0032644174996424424,0.009293625947526503,0.0035221764902188227,0.0035294865479047117,0.004343763408393851,0.0033925024234430336,0.008765076993977161,0.0035135951181527775,0.0034150682536907826,0.0041441670507095475,0.003943299378645095,0.008468225086211012,0.003633734327077408,0.0035828817518712103,0.004285282946906729,0.003922640519967579,0.007930141274810492,0.003475773515343173,0.0034239674543518664,0.004168957681122564,0.003874966230711774,0.00764028159613519,0.003611168496829655,0.003423649625756826,0.004135903507238541,0.0037335325059195566,0.007298933685063636,0.0036623389006308882,0.003429052711872484,0.004058035501454062,0.0038415942282327077,0.007124445786387394,0.0035066028890619254,0.0035584089500532348,0.004169275509717604,0.0038091757115387625,0.006811066791679232,0.0034859440303844115,0.0034525720279053457,0.004023392184594844,0.0038415942282327108,0.006638485864573216,0.005210799815659406,0.0034827657444340228,0.0041098415624453676,0.003786609881291015,0.006370874187550638,0.0051097303224370985,0.0033658048214597843,0.00402243869880973,0.0038946716036041755,0.006265672922592834,0.004989908942107515,0.003507556374847044,0.004132407392693112,0.0037325790201344433,0.0061566577144945706,0.004888839448885206,0.0033988589953438076,0.003987795381950509,0.0038276097700510087,0.006001239531520647,0.004903777392852029,0.003397905509558692,0.003950291607735945,0.0037084240469115004,0.005857581006563149,0.0049593973969838025,0.0033785179652613315,0.004087275732197618,0.003759276622117689,0.005608721216647847,0.004903777392852026,0.0033279832186501796,0.07744052632415362,0.0036505792426144525,0.00563859710458149,0.004720072464919665,0.0033667583072448984,0.04024663498975013,0.0038546252006293018,0.005741891397969066,0.0047702893829357764,0.0034115721391453587,0.0327522367187376,0.0036731450728622024,0.005393551257806656,0.004611692914011466,0.003358494763773894,0.024220128084923794,0.003657889300300344,0.005440907718467427,0.004566243424920936,0.0034560681424507756,0.019245792743973214,0.0036864938738538264,0.005267373305576285,0.004414003527897397,0.0033073243599726658,0.01629030463870835,0.0036178428973254718
