HitRate: 5488638/30000000 0.182955
CumReqs: 3751245,3749530,3751694,3745210,3750416,3752251,3747831,3751823
CumProbs: 0.0564638888888874,0.05640277777777665,0.056363888888887555,0.0566194444444433,0.05672777777777638,0.05653333333333188,0.05650833333333205,0.05635833333333191
