HitRate: 111187/30000000 0.003706
CumReqs: 234108,234682,235154,234720,234273,234007,234789,233942,234879,234402,234771,234229,234382,234827,233948,234496,233399,234246,234240,233523,234318,234016,234159,234901,234130,234292,234178,233384,234122,234904,234285,234263,235238,235142,234462,235036,234606,234206,234863,234289,234759,233853,234339,233997,235213,235362,235041,234020,234605,234076,234975,234122,234828,234326,234747,233633,234930,233610,234495,233613,234820,234012,234144,233456,235022,235476,234817,234280,234238,234605,233897,234952,234033,235215,234421,233958,233778,234280,234941,235064,234783,233581,233584,234631,234016,235090,234414,233456,234330,234175,234306,234558,234006,234371,234840,234038,233805,234731,234583,234123,234720,235310,234105,234265,234587,234693,233103,234203,233840,234725,233955,234171,234023,233895,234575,234933,234037,233681,234929,234993,234586,233750,234712,234465,233872,233955,234481,234251
CumProbs: 6.857638888888864e-05,6.961805555555531e-05,7.048611111111086e-05,7.13541666666664e-05,7.065972222222198e-05,6.753472222222198e-05,6.788194444444421e-05,7.13541666666664e-05,7.08333333333331e-05,7.204861111111086e-05,7.013888888888865e-05,6.996527777777753e-05,6.701388888888865e-05,6.996527777777754e-05,6.996527777777753e-05,6.944444444444419e-05,6.805555555555533e-05,7.031249999999976e-05,6.92708333333331e-05,6.909722222222198e-05,7.013888888888865e-05,7.013888888888864e-05,6.909722222222198e-05,6.77083333333331e-05,7.083333333333308e-05,6.909722222222197e-05,6.979166666666642e-05,6.979166666666643e-05,7.152777777777752e-05,6.770833333333309e-05,6.857638888888865e-05,7.031249999999975e-05,7.083333333333308e-05,7.013888888888864e-05,6.840277777777754e-05,7.065972222222198e-05,7.083333333333307e-05,7.274305555555532e-05,6.736111111111088e-05,6.822916666666642e-05,6.927083333333309e-05,6.736111111111091e-05,6.961805555555531e-05,7.031249999999975e-05,7.100694444444422e-05,6.996527777777753e-05,6.979166666666645e-05,6.909722222222198e-05,7.222222222222197e-05,7.048611111111089e-05,7.152777777777752e-05,6.857638888888866e-05,6.944444444444419e-05,6.874999999999975e-05,7.065972222222198e-05,6.562499999999979e-05,7.10069444444442e-05,6.840277777777755e-05,7.031249999999976e-05,6.78819444444442e-05,6.927083333333308e-05,7.013888888888864e-05,7.031249999999978e-05,7.10069444444442e-05,6.94444444444442e-05,7.031249999999975e-05,7.065972222222198e-05,6.753472222222199e-05,7.013888888888865e-05,7.031249999999976e-05,6.736111111111088e-05,6.927083333333308e-05,6.857638888888865e-05,6.822916666666643e-05,7.100694444444419e-05,6.857638888888865e-05,7.239583333333309e-05,6.92708333333331e-05,6.909722222222198e-05,6.944444444444419e-05,6.874999999999976e-05,7.08333333333331e-05,6.718749999999977e-05,7.30902777777775e-05,6.92708333333331e-05,6.770833333333311e-05,6.857638888888864e-05,6.822916666666642e-05,6.718749999999977e-05,6.857638888888865e-05,7.048611111111087e-05,6.718749999999976e-05,6.840277777777755e-05,6.892361111111087e-05,6.857638888888864e-05,7.152777777777752e-05,6.701388888888866e-05,7.08333333333331e-05,6.822916666666642e-05,6.909722222222198e-05,7.048611111111086e-05,7.031249999999976e-05,6.805555555555532e-05,6.909722222222198e-05,6.927083333333309e-05,6.805555555555532e-05,7.048611111111089e-05,6.805555555555533e-05,7.170138888888864e-05,7.10069444444442e-05,6.996527777777753e-05,6.822916666666646e-05,6.979166666666642e-05,6.857638888888865e-05,7.065972222222197e-05,6.80555555555553e-05,6.927083333333308e-05,6.96180555555553e-05,6.961805555555531e-05,6.874999999999976e-05,6.94444444444442e-05,6.961805555555531e-05,6.770833333333309e-05,6.892361111111088e-05,6.9097222222222e-05,7.048611111111086e-05,6.77083333333331e-05,6.718749999999974e-05
