HitRate: 2497903/3000000 0.832634
CumReqs: 38694,49866,41120,50459,40676,36252,28585,29449,32470,43454,50476,53913,39469,34973,55188,66692,74964,54133,49031,53866,56673,57476,46952,52517,51055,58743,51217,50576,38188,48935,42837,55274,40004,41259,31628,36687,45760,49279,68926,71379,67039,44871,37477,41008,52224,57117,55773,40897,34089,35261,57580,53640,56495,35904,40866,35984,32363,27395,32985,52362,55861,54545,35114,44055
CumProbs: 0.02391987222320976,0.03707057954974511,0.017523247772534466,0.021644723952568955,0.014984060338463162,0.020991762237598906,0.01889956002122691,0.02020775405822355,0.023521542871007453,0.025887839796345992,0.027171381528157453,0.031452448947022205,0.028959646771391404,0.026632923283323763,0.024079787834476625,0.02600526261841215,0.030870849168114448,0.021234068447774077,0.0347785639123987,0.025985475899776674,0.028928507017473275,0.037859128943233525,0.0352249003852247,0.038002501560231425,0.03374900579848169,0.036211641337504354,0.03409543556082046,0.026292980969717883,0.020858120793700422,0.026570319403050907,0.021437449965551643,0.024569265841376673,0.021117294370581238,0.022134201959469017,0.022194535232685317,0.01952138198227889,0.026194696121413893,0.02905274166070903,0.04056634129948787,0.044819837061237634,0.033413929071425506,0.029897083113300683,0.020723830604928637,0.026695527163596577,0.031261069209400555,0.02962201528702417,0.03867297938678039,0.028939860052755912,0.02443140755580178,0.026321525744142794,0.03606761997563315,0.03370683738171757,0.03786269704003666,0.02323901447868807,0.02192725234488833,0.023219552132489274,0.016083034153822586,0.015304215933433587,0.022390780556856615,0.03018739644409957,0.032541042844408875,0.027329675277241117,0.02037285962847678,0.02135505936664335
