HitRate: 26996718/30000000 0.899891
CumReqs: 30000000
CumProbs: 0.9000000000273268
