HitRate: 364130/3000000 0.121377
CumReqs: 23179,23236,23268,23610,23418,23377,23553,23240,23441,23116,23486,23547,23401,23389,23364,23575,23536,23424,23460,23441,23179,23455,23576,23276,23288,23522,23225,23378,23358,23462,23555,23538,23228,23531,23261,23461,23396,23849,23501,23243,23402,23729,23399,23417,23255,23780,23443,23313,23388,23389,23263,23388,23385,23417,23381,23471,23386,23322,23634,23506,23336,23639,23547,23280,23248,23179,23665,23663,23474,23457,23385,23269,23604,23262,23338,23823,23697,23359,23377,23400,23614,23699,23589,23245,23623,23573,23698,23416,23326,23066,23499,23240,23410,23532,23731,23341,23676,23502,23405,23345,23255,23607,23602,23535,23417,23745,23474,23579,23264,23322,23706,23336,23227,23367,23283,23199,23285,23085,23203,23444,23564,23424,23549,23623,23715,23571,23629,23447
CumProbs: 0.0006163194444444444,0.0006250000000000001,0.0006250000000000001,0.0006944444444444446,0.000625,0.0006510416666666668,0.0006076388888888888,0.0005815972222222224,0.0006423611111111111,0.0006597222222222222,0.0005989583333333333,0.000546875,0.0006336805555555556,0.0005208333333333334,0.0005815972222222224,0.0006597222222222224,0.0005729166666666669,0.0005729166666666668,0.000546875,0.0006944444444444444,0.0005902777777777779,0.0005642361111111112,0.0005729166666666667,0.0005902777777777779,0.0007378472222222222,0.0006076388888888889,0.0005468750000000002,0.0007204861111111111,0.0006336805555555556,0.0005729166666666667,0.0005815972222222222,0.0006163194444444445,0.0006770833333333334,0.0005815972222222223,0.0006510416666666667,0.0006423611111111113,0.0005989583333333334,0.0007204861111111109,0.0005902777777777777,0.0005729166666666669,0.0007378472222222222,0.0006250000000000002,0.0007291666666666664,0.0006336805555555555,0.0005642361111111112,0.0006076388888888889,0.000642361111111111,0.000642361111111111,0.0005642361111111111,0.0005815972222222223,0.0006423611111111111,0.0007118055555555554,0.0007725694444444442,0.0006423611111111112,0.000625,0.0006423611111111113,0.0005815972222222223,0.0006249999999999999,0.000625,0.0005989583333333332,0.0006163194444444444,0.0005642361111111111,0.0006163194444444445,0.0005208333333333334,0.000685763888888889,0.0006684027777777776,0.0006510416666666665,0.0007638888888888888,0.0006249999999999999,0.0006597222222222221,0.0005989583333333333,0.0005989583333333334,0.0006423611111111111,0.0005989583333333335,0.0004861111111111112,0.0006163194444444444,0.0006076388888888889,0.0006857638888888889,0.0005555555555555557,0.0007118055555555556,0.0006597222222222222,0.0005642361111111111,0.0006423611111111109,0.0005729166666666667,0.0006163194444444445,0.0006597222222222221,0.0006336805555555555,0.0006250000000000003,0.0005729166666666667,0.0005642361111111111,0.0006076388888888889,0.0005989583333333334,0.0005555555555555557,0.0006684027777777777,0.0006684027777777777,0.0005902777777777779,0.0005642361111111113,0.0007118055555555554,0.0006770833333333334,0.0006510416666666666,0.0007465277777777778,0.0006163194444444444,0.0005902777777777779,0.0006857638888888888,0.0007031249999999999,0.0006770833333333332,0.0007031250000000001,0.0006076388888888891,0.0005121527777777778,0.0005815972222222224,0.0005989583333333333,0.0006163194444444445,0.0005989583333333335,0.0007031250000000002,0.000625,0.0006770833333333334,0.000720486111111111,0.0005815972222222223,0.0005902777777777779,0.0005815972222222224,0.0005208333333333334,0.0005815972222222223,0.0005555555555555554,0.0006423611111111111,0.0007986111111111112,0.0007638888888888886,0.0006684027777777777,0.0006250000000000001
