HitRate: 3317356/30000000 0.110579
CumReqs: 30000000
CumProbs: 0.08940989583049407
