HitRate: 348038/3000000 0.116013
CumReqs: 3000000
CumProbs: 0.0844082031249858
