HitRate: 1443941/3000000 0.481314
CumReqs: 3000000
CumProbs: 0.019163114578463116
