HitRate: 300442/30000000 0.010015
CumReqs: 30000000
CumProbs: 0.01000000000003951
