HitRate: 1675704/3000000 0.558568
CumReqs: 3000000
CumProbs: 0.05300159264788439
