HitRate: 10174339/30000000 0.339145
CumReqs: 468734,468945,468756,468467,469091,468970,468689,468821,468733,467698,467786,469317,468479,469422,469758,469106,468192,468554,469214,469099,469063,469451,468207,469220,468205,468903,469688,467440,468601,468822,468582,469054,469249,468627,468163,467549,469024,469010,467644,467909,468895,469410,468191,468764,468508,470246,468605,469600,468647,468507,468145,468791,469087,468810,468601,469593,468103,468563,469361,468463,469175,468891,468022,468780
CumProbs: 0.012199479166665446,0.012233333333332111,0.012273958333332106,0.012226041666665445,0.012220312499998779,0.012209895833332114,0.012260156249998773,0.012194531249998782,0.012222916666665447,0.012204947916665447,0.012238541666665445,0.012215624999998781,0.012165364583332118,0.012223958333332112,0.012219791666665447,0.012239843749998777,0.012227343749998778,0.012204947916665447,0.012272656249998772,0.012249218749998778,0.012178124999998784,0.012239843749998775,0.012263541666665441,0.012241406249998778,0.01219947916666545,0.012234635416665446,0.012228645833332108,0.012220312499998777,0.012230468749998778,0.012229687499998778,0.012216145833332113,0.012239843749998777,0.012173437499998782,0.012189322916665449,0.01221406249999878,0.012239843749998773,0.012197916666665448,0.012208072916665449,0.01223958333333211,0.012248437499998776,0.012235156249998777,0.012208854166665447,0.012209374999998782,0.012227864583332113,0.012203124999998781,0.01220390624999878,0.012192968749998782,0.01226223958333211,0.012197395833332115,0.012231770833332111,0.012249999999998777,0.012280208333332104,0.012225260416665445,0.012250781249998774,0.012218749999998781,0.012210937499998778,0.012236979166665442,0.01226666666666544,0.012253645833332107,0.012200260416665448,0.012286197916665442,0.012175781249998784,0.012248697916665443,0.012251302083332109
