HitRate: 2969446/3000000 0.989815
CumReqs: 147803,153067,159740,172326,203243,365616,150769,157273,167728,189744,254687,148919,155677,163173,179779,230456
CumProbs: 0.04906504452557094,0.05081549347424481,0.05315002658050697,0.05743331040280956,0.06790345477920445,0.12151501176152918,0.05028431268984899,0.05226655742463334,0.055758695347849364,0.06280334631011583,0.08458098553142608,0.04963220990958784,0.05149190088861846,0.054277229134294856,0.05968324964122208,0.07658123974244861
