HitRate: 1680435/3000000 0.560145
CumReqs: 93232,93885,93867,93912,93363,93291,93632,94400,94034,93752,93525,93538,94060,93902,93116,93920,94050,94012,93922,93596,93463,93728,93525,93998,94059,93635,93943,93357,93866,93749,94055,93613
CumProbs: 0.01369791666666666,0.01296875000000001,0.013541666666666665,0.014010416666666671,0.013697916666666666,0.013072916666666667,0.014322916666666671,0.013750000000000004,0.013489583333333327,0.013802083333333342,0.01411458333333334,0.014270833333333333,0.014479166666666671,0.01432291666666667,0.013958333333333336,0.013593750000000003,0.013802083333333343,0.014010416666666676,0.014270833333333335,0.013177083333333341,0.013906250000000002,0.013697916666666672,0.013177083333333341,0.014114583333333342,0.01354166666666667,0.01385416666666667,0.01385416666666667,0.013906250000000004,0.013593750000000009,0.013281250000000005,0.012968749999999998,0.013593749999999998
