HitRate: 1714238/3000000 0.571413
CumReqs: 147313,152878,160469,172807,204212,364520,151673,157172,168369,188900,253978,149324,155040,163741,179301,230303
CumProbs: 0.02265604889269015,0.024637000008303774,0.026862082423376794,0.030698763566309854,0.041378428425519115,0.09525006850623195,0.022795884643809092,0.02562847202039406,0.02912569440407875,0.03636161325948501,0.05844769030200859,0.022954985177742505,0.025546430617718573,0.028185373711875215,0.0326508175077017,0.04964268810150546
