HitRate: 99725/3000000 0.033242
CumReqs: 93592,93925,94074,93520,93720,93619,93725,93355,93868,93446,93839,93782,93835,93899,93868,93399,93514,93493,93920,93978,93726,94033,93858,94021,93823,93461,93839,93067,94186,93461,93856,94298
CumProbs: 0.003125000000000013,0.003125000000000013,0.003125000000000013,0.003125000000000013,0.003125000000000013,0.003125000000000013,0.003125000000000013,0.003125000000000013,0.003125000000000013,0.003125000000000013,0.003125000000000013,0.003125000000000013,0.003125000000000013,0.003125000000000013,0.003125000000000013,0.003125000000000013,0.003125000000000013,0.003125000000000013,0.003125000000000013,0.003125000000000013,0.003125000000000013,0.003125000000000013,0.003125000000000013,0.003125000000000013,0.003125000000000013,0.003125000000000013,0.003125000000000013,0.003125000000000013,0.003125000000000013,0.003125000000000013,0.003125000000000013,0.003125000000000013
