HitRate: 1590666/3000000 0.530222
CumReqs: 94409,94607,94042,94033,93525,93158,94077,93728,93453,93363,93830,93376,94038,93346,93200,94098,94377,94597,94559,93691,93455,93109,93560,93100,92746,93146,93804,94368,94083,93398,93614,94110
CumProbs: 0.028670762852822246,0.028444460937572493,0.028407682734654858,0.028573350315364822,0.028692962308637375,0.02856572960665215,0.028291384092996506,0.028735704544460533,0.028569042958266334,0.027917306695753482,0.028591905084404304,0.028520005354376182,0.028473287096616003,0.02821153231909431,0.02823108109361809,0.02856407293084505,0.028868901279351336,0.02852795739825029,0.028777452774799425,0.028231081093618094,0.028441478921119707,0.028232406434263762,0.028532927425671584,0.02879037484609482,0.02811809580357391,0.02799020043126584,0.02815454267133009,0.028764862038665476,0.028395423333682345,0.02822577973103537,0.028784410813189283,0.02870555304477132
