HitRate: 1618656/3000000 0.539552
CumReqs: 187460,186451,187582,187065,187098,187797,187444,187800,187139,187426,187673,188473,187773,188138,187365,187316
CumProbs: 0.030138888888888847,0.02861111111111108,0.029861111111111095,0.028333333333333308,0.028194444444444428,0.029027777777777757,0.028472222222222194,0.02888888888888886,0.028749999999999963,0.029305555555555547,0.02874999999999997,0.029444444444444412,0.028749999999999977,0.02916666666666663,0.029861111111111092,0.028749999999999973
