HitRate: 2967286/3000000 0.989095
CumReqs: 3000000
CumProbs: 0.9873192700515172
