HitRate: 1713344/3000000 0.571115
CumReqs: 374908,374581,374532,373598,375720,377605,375062,373994
CumProbs: 0.01268776335785654,0.012486776993982731,0.012757642722779574,0.012931342858445365,0.012921360092027793,0.01307642573038078,0.012913706637774313,0.012682771974647764
