HitRate: 2159375/3000000 0.719792
CumReqs: 190397,186371,185290,179685,193104,196020,191358,185868,181897,187573,191641,184873,186655,181540,188753,188975
CumProbs: 0.009544027123104957,0.00939943070133576,0.008952707352429581,0.008488738558725218,0.008776604829586818,0.009055185091710957,0.009375552393153703,0.009008423404854408,0.0085049890740158,0.008855535903855329,0.009071103963832336,0.00942231408001025,0.009009749977531184,0.009156336258315544,0.009454483467422196,0.008751399948727975
