HitRate: 1044008/3000000 0.348003
CumReqs: 189835,188184,187996,183204,185979,189804,193793,191408,186704,185026,186870,187921,187313,184229,185411,186323
CumProbs: 0.0011316729465184563,0.0014335856937345104,0.0014505807821539574,0.0010150399867771545,0.001084353288566271,0.0016508562358811638,0.0015695464010900852,0.0016275296439329033,0.0013969296206729589,0.001626196695821574,0.001339612851885805,0.0012139824923930317,0.001202985670474566,0.0007421188609825094,0.0013289492669951717,0.0016308620142112264
