HitRate: 28100668/30000000 0.936689
CumReqs: 30000000
CumProbs: 0.8633085285012657
