HitRate: 2522913/3000000 0.840971
CumReqs: 3000000
CumProbs: 0.9305374976393053
