HitRate: 1832249/3000000 0.610750
CumReqs: 373115,377456,377294,376586,373433,372823,373843,375450
CumProbs: 0.015572868567386494,0.01556762881601268,0.015375722921947367,0.015462833788536743,0.015387839846999278,0.015464798695301924,0.015513593879970462,0.015231629759167937
