HitRate: 975925/3000000 0.325308
CumReqs: 23255,23472,23433,23234,23590,23457,23580,23354,23625,23232,23386,23591,23520,22994,23396,23405,23241,23480,23671,23578,23218,23688,23491,23555,23356,23334,23265,23379,23618,23339,23484,23415,23544,23227,23506,23353,23328,23541,23405,23572,23303,23664,23700,23702,23058,23470,23412,23586,23532,23654,23498,23472,23379,23338,23368,23318,23250,23561,23894,23419,23340,23278,23543,23468,23549,23349,23382,23533,23353,23590,23351,23356,23501,23303,23371,23779,23381,23594,23477,23289,23480,23409,23605,23138,23465,23417,23426,23305,23586,23384,23505,23443,23251,23313,23314,23384,23511,23460,23492,23533,23445,23601,23358,23524,23113,23633,23575,23807,23141,23337,23467,23526,23386,23410,23416,23281,23322,23240,23219,23436,23608,23597,23483,23413,23470,23655,23334,23305
CumProbs: 0.006475694444444458,0.00652777777777779,0.006406250000000014,0.006440972222222235,0.006197916666666678,0.006440972222222237,0.006302083333333345,0.006440972222222234,0.006527777777777791,0.006423611111111126,0.006440972222222235,0.006579861111111123,0.0064062500000000135,0.00633680555555557,0.006336805555555567,0.0064062500000000135,0.006336805555555569,0.006250000000000011,0.006597222222222234,0.00651041666666668,0.006440972222222236,0.006614583333333348,0.006354166666666679,0.006354166666666678,0.006510416666666682,0.006597222222222237,0.006458333333333351,0.006388888888888904,0.006475694444444458,0.006510416666666681,0.006493055555555569,0.006423611111111125,0.006493055555555572,0.006406250000000013,0.006440972222222238,0.006684027777777792,0.006388888888888904,0.006354166666666678,0.006440972222222235,0.006267361111111124,0.006458333333333348,0.0065972222222222335,0.0062500000000000125,0.006423611111111123,0.0062673611111111254,0.006423611111111124,0.006458333333333347,0.006388888888888902,0.006510416666666681,0.006423611111111125,0.0063194444444444565,0.0063888888888889,0.006388888888888901,0.006562500000000015,0.00651041666666668,0.00649305555555557,0.006371527777777792,0.006284722222222233,0.006527777777777789,0.006440972222222236,0.0066319444444444585,0.00666666666666668,0.00649305555555557,0.006527777777777788,0.006527777777777792,0.006666666666666682,0.00633680555555557,0.006527777777777792,0.006440972222222234,0.006562500000000014,0.006510416666666678,0.006458333333333348,0.006440972222222234,0.0063194444444444565,0.0066145833333333464,0.006440972222222236,0.006440972222222235,0.00651041666666668,0.0064756944444444575,0.006458333333333346,0.006284722222222235,0.00664930555555557,0.006354166666666678,0.006527777777777793,0.006284722222222235,0.006597222222222236,0.006510416666666679,0.006319444444444457,0.006197916666666681,0.006527777777777791,0.006458333333333347,0.006423611111111124,0.006493055555555569,0.006371527777777789,0.006475694444444459,0.006579861111111125,0.006614583333333347,0.006440972222222234,0.00664930555555557,0.006406250000000011,0.0063888888888889005,0.0061631944444444555,0.0063020833333333436,0.006597222222222234,0.006423611111111125,0.006475694444444457,0.006388888888888902,0.006579861111111124,0.006354166666666679,0.0064409722222222325,0.006371527777777793,0.00649305555555557,0.006562500000000013,0.006388888888888904,0.0065277777777777895,0.006267361111111122,0.006423611111111124,0.006388888888888905,0.006475694444444459,0.006579861111111123,0.006406250000000015,0.0062847222222222375,0.006458333333333347,0.006527777777777789,0.006423611111111125,0.006319444444444456,0.006579861111111122,0.006649305555555571
