HitRate: 1393120/3000000 0.464373
CumReqs: 3000000
CumProbs: 0.020653443865203062
