HitRate: 1992237/3000000 0.664079
CumReqs: 182709,183634,196615,225406,220786,199737,172260,162640,157186,162502,171259,181287,197541,191464,205573,189401
CumProbs: 0.07993573064471247,0.07996805092395973,0.08036133432192819,0.08384744444191976,0.09273904126531597,0.08753835633139835,0.08690667087363578,0.06890139530805538,0.06880731449519724,0.06190741488006458,0.0894986932687095,0.0862973856094113,0.09566514654686593,0.08654090771344251,0.08575786094791821,0.07545185190400015
