HitRate: 2453042/3000000 0.817681
CumReqs: 23667,23440,23034,23455,23852,23380,22714,23845,23291,23734,23458,22749,23852,23327,23299,23797,23716,23564,23379,23843,23029,22524,23049,22709,23365,22998,23081,23572,23436,22712,23849,23694,24042,23117,22761,23806,22696,23309,23414,23741,24556,23084,22956,24380,23662,23145,23236,23333,23523,23822,23112,23528,23235,22369,23775,23437,24394,24096,23744,23652,23712,23319,23643,23334,23277,23413,23738,23651,22894,23445,23085,23626,23343,24161,23112,23737,23183,23577,22666,23595,23540,23317,23929,22661,23703,23479,23887,23643,23367,23264,23083,23668,23386,22992,23171,24014,22789,23322,23412,22854,23526,23448,24186,23997,24335,23678,24573,23051,23286,23574,23425,22186,23105,22839,23074,23843,23172,23880,23673,23634,23568,23353,23362,23440,23774,23309,23657,23721
CumProbs: 0.004119925873173469,0.003947734349414938,0.0038535163458489475,0.003945460121742655,0.0039971175788702145,0.004057222167351967,0.0040218091935978525,0.004033505221626734,0.0039399369973956815,0.004118301424836124,0.0040325305526243286,0.003968852177800417,0.004105630727804835,0.0039438356734053095,0.0039243422933571736,0.004082888451082012,0.004217717663081616,0.0039971175788702145,0.00393148986604149,0.004126423666522849,0.004045526139323082,0.003793411757367194,0.003874959063901897,0.003916544941337921,0.003983147323169051,0.0039041991339740993,0.0038710603878922703,0.004001341144547309,0.0039318147557089594,0.0038086815717382353,0.003979248647159423,0.0040140118415786,0.0040156362899159415,0.0038265505034490287,0.003912646265328295,0.004054947939679683,0.00380770690273583,0.004021809193597852,0.004020834524595448,0.004059171505356782,0.004297315631611504,0.003806732233733423,0.003979573536826892,0.004276522692893492,0.003996792689202747,0.004028956766282169,0.0039753499711497955,0.0040052398205569365,0.004036104338966486,0.004089386244431391,0.003933114314378834,0.003964628612123321,0.003983797102503986,0.003859364359863388,0.0040503994843351186,0.003975025081482328,0.004076390657732635,0.00412642366652285,0.004034155000961672,0.004104656058802431,0.004122200100845751,0.004036754118301424,0.004041952352980927,0.003963653943120915,0.004018560296923164,0.004052023932672462,0.004112128521154215,0.003995818020200338,0.003830449179458652,0.00397729930915461,0.003911346706658417,0.003971776184807637,0.003952282804759503,0.004181979799660035,0.003943185894070373,0.004014336731246067,0.003884055974591029,0.004045851028990553,0.0038531914561814773,0.004068268416045908,0.0040617706226965325,0.004042927021983333,0.004088086685761514,0.0038824315262536812,0.004015961179583412,0.003968527288132947,0.004190426931014227,0.0040871120167591075,0.004054947939679684,0.00415338950892277,0.0038986760096271296,0.003989970006185898,0.003980548205829299,0.003798609992046698,0.00394416056307278,0.0041241494388505676,0.0039139458239981694,0.004031880773289387,0.00403188077328939,0.003975025081482326,0.004099457824122924,0.004032530552624327,0.004169958881963684,0.003989320226850962,0.004042927021983333,0.004115377417828907,0.004104656058802429,0.003958455708441411,0.004117651645501189,0.003976324640152202,0.003975674860817264,0.0036384393859845163,0.003921743176017423,0.0038561154631886994,0.004126748556190317,0.0041387694738866665,0.003989320226850963,0.003992569123525649,0.004042602132315866,0.004056897277684497,0.004082238671747074,0.003989970006185896,0.004055597719014619,0.004171583330301029,0.004013362062243661,0.004124149438850567,0.004052998601674871,0.003993218902860587
