HitRate: 13308/3000000 0.004436
CumReqs: 374925,375765,374097,374357,374565,375222,375503,375566
CumProbs: 0.0017188094484064168,0.0016912295626545658,0.0015370266163360602,0.0016062506019863816,0.001524267794566416,0.0018110687490068297,0.0017468441384172668,0.0016960622918799654
