HitRate: 2283630/3000000 0.761210
CumReqs: 391722,361581,329703,346055,375767,410632,401487,383053
CumProbs: 0.18279283678105276,0.17862510627433173,0.16234407614374904,0.15588634766380705,0.19012576563581676,0.17624199487777453,0.19452479909874076,0.18146292703855896
