HitRate: 2939749/3000000 0.979916
CumReqs: 3000000
CumProbs: 0.9801161096625047
