HitRate: 23778758/30000000 0.792625
CumReqs: 30000000
CumProbs: 0.797559135832509
