HitRate: 1922994/3000000 0.640998
CumReqs: 49982,37173,34041,43876,46354,47008,36950,33551,42144,44521,45465,36553,34023,40637,42637,43972,35945,33436,39293,41371,42944,35852,33095,38778,40420,41842,35253,32901,38136,39812,41197,35347,33188,37254,39283,40106,35160,111002,114992,116519,39581,35056,71979,75177,76978,38990,35011,63907,67347,67832,38625,34547,54227,56965,58942,37937,34137,49228,52197,53498,37403,33715,45865,48843
CumProbs: 0.03377587539603652,0.021104019083868067,0.017536944003447363,0.026971311560084595,0.02932727987650841,0.030934218176964585,0.020250374105074735,0.016903351187838946,0.025268612854784923,0.027491434854885265,0.02884388660000387,0.019807318259377562,0.01662754810402597,0.024490395592135446,0.026461026663041766,0.02599993375478841,0.019415094135429484,0.01707585109519404,0.022445648591452993,0.025112182330434413,0.02557655470460702,0.019287194964576843,0.01619564244245438,0.02260667036809052,0.023686598495315465,0.0249495208208372,0.01888939574856598,0.016323541613307038,0.022062934918670882,0.022523043987148425,0.024760951530477547,0.01851324100762246,0.016884330285507038,0.020757379536198255,0.022112782800644194,0.02431166469953369,0.018127575815512994,0.09377862358847687,0.09830756602302773,0.09987416689267652,0.022671931739884566,0.01863720481937193,0.05486776045600312,0.058598152939204944,0.06046416904728562,0.0220357153515407,0.017668450586811227,0.04680486554681655,0.050885832936791255,0.051763745963387356,0.021500178566919315,0.017278194142414743,0.03786733707695298,0.04077917486669795,0.04150229710190316,0.021192564663689118,0.01703944902348982,0.03245457857715123,0.03514242884460803,0.036924490625154745,0.02055602032875333,0.017868170061296495,0.029171505245341754,0.031354317761226665
