HitRate: 549042/3000000 0.183014
CumReqs: 93628,93711,93388,93952,93264,93864,93502,93639,94227,94062,93598,93436,94094,94170,93287,93620,94211,93514,93967,94034,93505,93695,93397,93172,93870,93780,94375,94101,93980,93468,93604,93885
CumProbs: 0.014513888888888873,0.013888888888888873,0.0142361111111111,0.014652777777777768,0.014305555555555545,0.01465277777777776,0.014305555555555544,0.014305555555555542,0.013958333333333323,0.014583333333333316,0.015277777777777758,0.013888888888888878,0.014305555555555545,0.013680555555555552,0.014583333333333318,0.014374999999999995,0.013888888888888878,0.01437499999999999,0.014097222222222212,0.014097222222222212,0.014374999999999995,0.014374999999999987,0.013680555555555545,0.0140972222222222,0.014444444444444432,0.014305555555555557,0.01368055555555555,0.013888888888888885,0.014444444444444433,0.015277777777777756,0.013472222222222205,0.01381944444444444
