HitRate: 1512175/3000000 0.504058
CumReqs: 3000000
CumProbs: 0.8217007525582766
