HitRate: 30563/3000000 0.010188
CumReqs: 46842,46765,46491,47041,46605,47062,46420,46477,46949,47080,47073,46821,46492,46601,46705,47043,47051,46565,47043,47186,47157,47335,46944,46854,46665,47039,47031,47182,46743,47001,46858,47098,47212,46719,47052,47342,46815,46598,47428,47103,46537,46926,46655,46737,46883,47246,46920,46839,46534,46458,46869,47042,46769,46791,46709,46564,46931,46840,46831,47155,46708,46753,46771,47044
CumProbs: 0.00025471933733275714,0.0002653050760271056,0.00024678003331199584,0.0002454568159752023,0.00026067381534832824,0.0002514112939907734,0.0002421487726332184,0.0002633202500219153,0.0002497572723197813,0.00027026714104008156,0.0002514112939907733,0.0002560425546695508,0.00025802738067474116,0.0002524037069933685,0.00025041888098817816,0.00026265864135351867,0.000255380946001154,0.00026596668469550263,0.00025438853299855884,0.0002610046196825266,0.0002593505980115347,0.0002666282933638995,0.0002533961199959639,0.00026100461968252655,0.00025538094600115397,0.00025736577200634434,0.0002527345113275668,0.00024678003331199584,0.00024347198997001193,0.0002586889893431378,0.0002570349676721459,0.0002514112939907733,0.0002583581850089395,0.0002629894456877171,0.00025207290265917006,0.0002524037069933684,0.0002629894456877169,0.00024942646798558287,0.00025935059801153476,0.0002662974890297008,0.00025108048965657493,0.0002520729026591701,0.0002441335986384087,0.0002524037069933684,0.00025273451132756683,0.0002619970326851218,0.00024214877263321836,0.0002510804896565749,0.00025868898934313777,0.00025372692433016207,0.00024148716396482157,0.000249426467985583,0.00024744164198039256,0.00026332025002191533,0.0002610046196825267,0.00025571175033535233,0.00025604255466955074,0.00026927472803748643,0.0002590197936773363,0.0002524037069933685,0.0002484340549829878,0.0002504188809881782,0.0002676207063664944,0.00025968140234573306
