HitRate: 2480752/3000000 0.826917
CumReqs: 3000000
CumProbs: 0.5599199634651746
