HitRate: 2908538/3000000 0.969513
CumReqs: 22836,23612,23843,23629,23859,22676,24270,23057,23758,24059,23606,22990,23231,23499,24044,23842,23541,22490,23322,24423,23054,23138,23707,24057,23920,24116,23642,23344,23484,23877,23318,23720,23613,23022,22867,22978,23419,22792,23299,22992,23328,23377,23465,23284,24039,23460,23518,23745,23250,23688,24617,22995,23605,23557,23214,24018,24515,24136,23111,23994,23921,22850,23364,23710,23310,23844,23224,22960,22864,22922,23130,22934,23320,23451,23205,23817,23941,24144,22903,23615,22915,22813,22830,23648,23447,23177,22932,23183,23899,23500,24168,23554,24058,23312,23209,22959,23191,23393,23731,23026,24049,23577,23417,23020,23109,23798,22470,23610,23148,23268,23611,23042,22597,23515,23992,22796,23682,23007,23442,23533,22999,24132,23000,23092,23571,23435,23762,23090
CumProbs: 0.007217527419771561,0.007430895531307938,0.007524393917262077,0.007340993237121264,0.007486378090006006,0.0072689001593067935,0.007520284098099265,0.007310340835865238,0.007461890417494176,0.007498193820099092,0.007453670779168534,0.00731479313995829,0.0073055460468419466,0.007514461854285259,0.007530044918610936,0.007410003950563619,0.007380721489028499,0.007277119797632439,0.007434834108005638,0.007522339007680674,0.007284654466097609,0.007476959754424547,0.007451958354517391,0.007484323180424574,0.007500077487215394,0.007684505622146928,0.0074531570517732135,0.0073151356248885085,0.007399215675261196,0.007466171479122116,0.007398701947865842,0.007483980695494374,0.007441170079214988,0.007278489737353376,0.007397160765679789,0.007391167279400679,0.007374899245214521,0.007404695434144945,0.007342191934377056,0.00731239574544664,0.007383461368470416,0.007376097942470342,0.007313594442702452,0.007511208247448024,0.007400071887586789,0.0074480197778196925,0.007439115169633552,0.007404010464284486,0.007366165879493523,0.007410517677958957,0.007614809938844112,0.007375584215075017,0.007430724288842796,0.007460006750377909,0.007423874590238125,0.007597514449867253,0.0075392920117272905,0.007643921157914072,0.007365480909633051,0.007546997922657589,0.007515660551541095,0.00734270566177242,0.00745298580930807,0.007371474395912182,0.0073528089672143665,0.0074906591516339435,0.0072908191948418315,0.0073247252029351,0.007317361776935051,0.007343219389167784,0.007287051860609257,0.00730486107698148,0.007304004864655884,0.007397503250610036,0.007296983923586057,0.00746668520651748,0.007444766170982444,0.007418908558749725,0.007300408772888418,0.007481240816052494,0.0073913385218658005,0.0072646190976788615,0.007368563274005184,0.00754785413498316,0.007418052346424137,0.007375584215074991,0.007247666093632223,0.007395790825958848,0.007501961154331686,0.007449732202470872,0.007606419058053351,0.007410175193028721,0.007513605641959684,0.007319416686516447,0.007329177507028145,0.007353493937074842,0.0073805502465633865,0.007385858762982041,0.007292017892097656,0.007463602842145383,0.007584842507448541,0.007296127711260476,0.007315820594749002,0.007297155166051188,0.007430895531307927,0.007443567473726629,0.007306402259167518,0.0074574381134011455,0.007340308267260782,0.007257255671678803,0.0074997350022851525,0.0073589736959586,0.007245097456655472,0.007313936927632687,0.007557443713029733,0.007348185420656196,0.007385173793121555,0.007222322208794841,0.007449047232610379,0.0074524720819127465,0.00729852510577213,0.007554875076052992,0.007326437627586272,0.0073860300054471644,0.007479528391401299,0.007398530705400729,0.007443567473726643,0.007304689834516353
