HitRate: 2441807/3000000 0.813936
CumReqs: 189511,189480,187954,184226,185607,188756,193234,191236,187383,185784,187947,188153,186431,183310,184837,186151
CumProbs: 0.07396445610596997,0.07614208249634916,0.07341195219724857,0.07219625492285095,0.07261605726670013,0.0745326829489178,0.07513927375137881,0.07422073993386304,0.0738267232021455,0.07141042267020693,0.07461695787637222,0.07528581149837045,0.07313176950933116,0.07326069756998904,0.0711912449670886,0.0727660540592212
