HitRate: 1510646/3000000 0.503549
CumReqs: 3000000
CumProbs: 0.5017323770611952
