HitRate: 1510503/3000000 0.503501
CumReqs: 94728,93881,93758,93971,93978,93650,93659,93322,93402,94469,93690,94037,93493,94250,93591,93461,93765,93799,93801,93569,93168,93990,93928,93434,93990,93465,93329,94154,93529,93668,93768,93303
CumProbs: 0.016393469327648846,0.016132831475148365,0.015998602981110614,0.016080703904648268,0.016212326020161004,0.01607907491807013,0.016024992563676267,0.016115564217420216,0.01600186095426688,0.016342644946411272,0.016030531118041917,0.01618235266712346,0.015921714814622973,0.01613902162414525,0.015998602981110603,0.01595429454618554,0.016050730551610687,0.015997299791848125,0.01614716655703587,0.016097971162376414,0.01596634904686369,0.01610611609526709,0.016195384559748473,0.016020757198573158,0.01626640837455485,0.016118822190576455,0.016033137496566954,0.01615889526039843,0.01597970673680434,0.016095364783851426,0.01613771843488276,0.015951362370344904
