HitRate: 2700114/3000000 0.900038
CumReqs: 3000000
CumProbs: 0.8999999999993084
