HitRate: 2968011/3000000 0.989337
CumReqs: 404873,396317,407019,319531,404332,370762,375585,321581
CumProbs: 0.12531336540841112,0.12731050661394316,0.13936856295885985,0.1133201981279375,0.13027221881440262,0.12549064402890742,0.1125136793640417,0.10783431545782735
