HitRate: 598507/3000000 0.199502
CumReqs: 47096,46729,46786,47168,47074,46577,47076,46765,46734,46342,46997,46628,46649,46989,47064,46508,46641,46825,46817,47426,46941,47370,46524,47168,46599,47010,47019,46845,47074,46898,46858,46815,46966,46953,46925,47133,46747,46584,46800,46871,46969,46838,47189,46728,47092,47040,46744,46864,46988,46630,47100,46751,46535,46883,46777,46581,46968,46704,46811,47238,47158,47158,46797,46466
CumProbs: 0.006875000000000006,0.006597222222222225,0.006631944444444451,0.0062500000000000056,0.006336805555555562,0.006267361111111119,0.006493055555555563,0.006076388888888896,0.006423611111111116,0.006371527777777785,0.006215277777777786,0.0061979166666666745,0.0063194444444444504,0.006250000000000004,0.006493055555555563,0.005989583333333339,0.006458333333333341,0.006302083333333338,0.006597222222222224,0.00647569444444445,0.006076388888888896,0.006388888888888895,0.006215277777777785,0.006562500000000004,0.0064062500000000066,0.006041666666666675,0.006475694444444451,0.006406250000000006,0.006614583333333337,0.006545138888888892,0.006406250000000005,0.006649305555555562,0.006232638888888896,0.005972222222222232,0.006527777777777782,0.00628472222222223,0.006579861111111115,0.006267361111111116,0.0063888888888888945,0.006614583333333341,0.006371527777777783,0.006267361111111118,0.006197916666666675,0.005868055555555563,0.006041666666666673,0.006423611111111113,0.006614583333333338,0.006545138888888896,0.0061631944444444555,0.006406250000000006,0.005989583333333341,0.006215277777777786,0.006406250000000005,0.006423611111111118,0.006371527777777786,0.005954861111111118,0.006024305555555562,0.006163194444444453,0.00682291666666667,0.006371527777777785,0.006232638888888899,0.0065972222222222265,0.006284722222222228,0.006180555555555564
