HitRate: 2960031/3000000 0.986677
CumReqs: 83863,28310,50477,26053,28743,27340,36904,20459,35058,47143,30906,37550,22712,173877,38862,234598,326431,38814,22998,36832,57335,62460,36473,38665,54046,46529,27445,46439,24997,33505,23196,32748,33356,23416,31123,36854,123354,29926,42858,54355,35352,21403,22972,25880,60819,48500,33886,27472,34416,24545,27062,19284,26560,22924,81623,25412,19047,28175,62648,38098,30540,29150,19413,27809
CumProbs: 0.027692441298754873,0.009270918895969106,0.01664996122165652,0.008522792378457336,0.009423499314292743,0.008893387900433135,0.0120951643466,0.00661523560708311,0.011529772480282151,0.01551314664244679,0.010136948464003684,0.012348761445039082,0.007391707103492944,0.05778123948371129,0.012769714535908267,0.07797914774488554,0.10865715964012727,0.012744686522625935,0.007461664923752007,0.01203726821948904,0.01889283306254831,0.020620369063686948,0.011968215026216094,0.012708802985510291,0.017828388642227265,0.015302067012354786,0.00898083517575697,0.015286386811262253,0.00816697243058797,0.010977648476427232,0.007547302945103616,0.01070113416100671,0.010856428460288687,0.00762660857755247,0.010200875437688696,0.012088228873039815,0.04097387316647185,0.009781430058463027,0.014129971980686818,0.01792910378001401,0.011566862186712603,0.006942409033725701,0.007500262341825972,0.008425092663957611,0.02007246665243388,0.015997423622343566,0.011120881082561089,0.0089425393000117,0.01130391727608371,0.007988459371995887,0.008812273014012073,0.006253083270310991,0.00864431393692459,0.007422464421020637,0.02698351528397448,0.008274019957277485,0.006170762214575108,0.00919945336406653,0.02075455539995972,0.012487470916242404,0.010002159043073507,0.009514565097561005,0.006267858844417428,0.009128892459150065
