HitRate: 1662010/3000000 0.554003
CumReqs: 187287,187883,188322,189843,187760,188232,187174,186598,186351,187909,186746,187576,187326,187320,186774,186899
CumProbs: 0.08018211070906353,0.08037972195147373,0.08085409172193878,0.0810432228980283,0.08112828053292803,0.08106506549309388,0.07989327451079575,0.07987991198205076,0.07997807517398853,0.08005208302550187,0.08046092501077298,0.08018416648271715,0.08027384960833553,0.08001430818462586,0.08052568188084698,0.08035659449787529
