HitRate: 29402049/30000000 0.980068
CumReqs: 30000000
CumProbs: 0.9800388642150135
