HitRate: 1511760/3000000 0.503920
CumReqs: 3000000
CumProbs: 0.6571245434736972
