HitRate: 28519113/30000000 0.950637
CumReqs: 30000000
CumProbs: 0.8493048611059949
