HitRate: 2809182/3000000 0.936394
CumReqs: 3000000
CumProbs: 0.863166666666885
