HitRate: 3639528/30000000 0.121318
CumReqs: 30000000
CumProbs: 0.07871319444443918
