HitRate: 16178177/30000000 0.539273
CumReqs: 937392,938257,934898,938167,938172,937621,937427,937966,936808,937717,939649,938784,936211,937965,936677,936546,936291,937944,937371,938345,937867,939238,937432,937505,938075,938512,937975,937929,934670,937468,936532,936589
CumProbs: 0.014403472222221984,0.014377777777777526,0.01441388888888866,0.014327083333333124,0.014453472222222154,0.014391666666666391,0.014408333333333117,0.014420138888888724,0.014409722222221961,0.01443055555555533,0.014387499999999774,0.014395833333333065,0.014343055555555297,0.014376388888888685,0.014386111111110968,0.014381944444444189,0.014377777777777531,0.014390972222221975,0.014414583333333175,0.014372222222222047,0.014426388888888671,0.014363194444444222,0.014413888888888669,0.014427083333333141,0.014397916666666294,0.01438124999999972,0.014399999999999809,0.014354166666666399,0.014395833333333165,0.01441527777777753,0.014413888888888633,0.014423611111110941
