HitRate: 899752/3000000 0.299917
CumReqs: 23508,23692,23491,23400,23411,23474,23250,23161,23678,23613,23518,23293,23397,23350,23174,23320,23053,23267,23428,23448,23290,23607,23655,23315,23269,23151,23424,23627,23445,23332,23315,23556,23481,23389,23415,23536,23583,23214,23195,23330,23480,23702,23294,23480,23329,23385,23295,23612,23370,23339,23562,23425,23605,23178,23355,23438,23457,23444,23568,23393,23279,23228,23424,23508,23503,23181,23453,23429,23234,23414,23824,23565,23654,23490,23251,23345,23663,23586,23348,23444,23345,23659,23581,23357,23270,23348,23236,23391,23329,23523,23270,23503,23323,23314,23624,23533,23397,23492,23373,23631,23352,23552,23557,23629,23593,23639,23525,23771,23145,23404,23599,23353,23383,23563,23514,23371,23521,23694,23250,23543,23291,23604,23793,23383,23423,23394,23641,23425
CumProbs: 0.007031249999999978,0.007031249999999978,0.007031249999999978,0.007031249999999978,0.007031249999999978,0.007031249999999978,0.007031249999999978,0.007031249999999978,0.007031249999999978,0.007031249999999978,0.007031249999999978,0.007031249999999978,0.007031249999999978,0.007031249999999978,0.007031249999999978,0.007031249999999978,0.007031249999999978,0.007031249999999978,0.007031249999999978,0.007031249999999978,0.007031249999999978,0.007031249999999978,0.007031249999999978,0.007031249999999978,0.007031249999999978,0.007031249999999978,0.007031249999999978,0.007031249999999978,0.007031249999999978,0.007031249999999978,0.007031249999999978,0.007031249999999978,0.007031249999999978,0.007031249999999978,0.007031249999999978,0.007031249999999978,0.007031249999999978,0.007031249999999978,0.007031249999999978,0.007031249999999978,0.007031249999999978,0.007031249999999978,0.007031249999999978,0.007031249999999978,0.007031249999999978,0.007031249999999978,0.007031249999999978,0.007031249999999978,0.007031249999999978,0.007031249999999978,0.007031249999999978,0.007031249999999978,0.007031249999999978,0.007031249999999978,0.007031249999999978,0.007031249999999978,0.007031249999999978,0.007031249999999978,0.007031249999999978,0.007031249999999978,0.007031249999999978,0.007031249999999978,0.007031249999999978,0.007031249999999978,0.007031249999999978,0.007031249999999978,0.007031249999999978,0.007031249999999978,0.007031249999999978,0.007031249999999978,0.007031249999999978,0.007031249999999978,0.007031249999999978,0.007031249999999978,0.007031249999999978,0.007031249999999978,0.007031249999999978,0.007031249999999978,0.007031249999999978,0.007031249999999978,0.007031249999999978,0.007031249999999978,0.007031249999999978,0.007031249999999978,0.007031249999999978,0.007031249999999978,0.007031249999999978,0.007031249999999978,0.007031249999999978,0.007031249999999978,0.007031249999999978,0.007031249999999978,0.007031249999999978,0.007031249999999978,0.007031249999999978,0.007031249999999978,0.007031249999999978,0.007031249999999978,0.007031249999999978,0.007031249999999978,0.007031249999999978,0.007031249999999978,0.007031249999999978,0.007031249999999978,0.007031249999999978,0.007031249999999978,0.007031249999999978,0.007031249999999978,0.007031249999999978,0.007031249999999978,0.007031249999999978,0.007031249999999978,0.007031249999999978,0.007031249999999978,0.007031249999999978,0.007031249999999978,0.007031249999999978,0.007031249999999978,0.007031249999999978,0.007031249999999978,0.007031249999999978,0.007031249999999978,0.007031249999999978,0.007031249999999978,0.007031249999999978,0.007031249999999978,0.007031249999999978,0.007031249999999978
