HitRate: 1511282/3000000 0.503761
CumReqs: 3000000
CumProbs: 0.553864238495285
