HitRate: 132268/3000000 0.044089
CumReqs: 187344,186942,187407,186756,187879,187702,187846,186690,187092,187849,187088,188142,187907,188061,187933,187362
CumProbs: 0.009007650686406877,0.008539106761476614,0.007868085235956241,0.007414809544832265,0.008671315786026462,0.007773352785294541,0.008876742931783702,0.007660055550345657,0.007888471798140763,0.008096935240393571,0.007542941256945205,0.008529043607377022,0.007300644796598932,0.00882660066394262,0.008256817938717301,0.008761363664952147
