HitRate: 3965912/30000000 0.132197
CumReqs: 30000000
CumProbs: 0.13213357933708403
