HitRate: 3964520/30000000 0.132151
CumReqs: 30000000
CumProbs: 0.13212194509823463
