HitRate: 303505/3000000 0.101168
CumReqs: 3000000
CumProbs: 0.1161005940066545
