HitRate: 1629810/3000000 0.543270
CumReqs: 3000000
CumProbs: 0.04105599761434678
