HitRate: 34884/3000000 0.011628
CumReqs: 3000000
CumProbs: 0.008226562499999918
