HitRate: 2380687/3000000 0.793562
CumReqs: 324929,331159,346313,349216,359275,420928,426310,441870
CumProbs: 0.24831603956313633,0.2529596704069535,0.26465337365683006,0.2745674340655961,0.2775960190799525,0.34556760198779973,0.3487328523997081,0.3627787965797071
