HitRate: 1380809/3000000 0.460270
CumReqs: 30286,18486,18284,27110,26456,26548,16848,16607,25817,25090,25150,16726,16343,24536,23981,23655,16909,16428,23556,22879,23036,17133,16356,22635,21853,21821,16451,16191,22006,21733,21444,16737,16397,21692,20926,21089,16261,17076,21761,21140,20833,16536,17041,21329,20381,20001,16339,16800,20911,20058,20086,16163,16733,20361,19801,19685,16313,16808,20112,19509,19471,16328,16647,19663,19196,19115,16288,16530,19976,21084,20326,17895,16406,19509,20374,20146,17593,16661,19493,20202,19777,17711,16527,19314,20062,19717,17426,16377,19113,20360,19321,17267,16437,18828,19605,19328,17480,16302,18686,19529,19005,91320,89360,91939,19391,18759,53822,52446,55164,19338,18997,46263,45005,47128,18851,18349,37273,36243,38336,18985,18693,32476,31457,33644,18390,18085,29456,28522
CumProbs: 0.01772707712414134,0.0052761529838653955,0.005322970955591327,0.015794258589271578,0.014553748359710779,0.015136150646287238,0.004283346349393559,0.0038845634838414913,0.01351312762645501,0.012256679363966232,0.011730724277343023,0.004043279728415918,0.0040475962790005775,0.012612628766024364,0.01018506712568202,0.01150061892694537,0.0032141699738084993,0.0040588857189912285,0.010950092706224863,0.010985953280312809,0.011097519510808644,0.0038739381285561726,0.004461321050422623,0.010038636448156233,0.009093311870115662,0.009150091112421571,0.003316439018429679,0.004061542057812557,0.009374219700471234,0.008882797018525306,0.009455570076874444,0.004246821690600279,0.0033469869148749654,0.010055902650494877,0.008720760350424218,0.008216388016724308,0.004685449638472287,0.004685781680824954,0.009528619394461004,0.00863808180461034,0.006034205675002258,0.004333816786998814,0.004405537935174706,0.009414064782791172,0.007395911363286209,0.006743780182649857,0.004201331888285013,0.00507061876756504,0.007879697071120817,0.0076774832783471185,0.006839740422570379,0.0019892657348230076,0.0035963507217272577,0.008628120534030356,0.006658445298014654,0.0072926461916070304,0.004459660838659292,0.004513783742143878,0.007413509607977516,0.005391703722593224,0.006092645129071503,0.00448157563393526,0.0042315477423776355,0.007699066031270419,0.006448594531129636,0.006517659340484196,0.0018302174478959142,0.0033420062795849735,0.007510465974956037,0.009054462914853716,0.007226569763426465,0.006258666305404585,0.004363368556386104,0.00743907686913281,0.00797731752280467,0.007982630200447328,0.004930164852387251,0.00269684798835461,0.007334815570395635,0.0072896578104330355,0.00793215976284207,0.003693971173411111,0.004548316146821158,0.005135367026334943,0.007531052600821341,0.006402440644109037,0.004856783492448028,0.003081685075094699,0.005630774216512863,0.0074370846150168144,0.0074055405915135295,0.005955179595067711,0.0026978441154126087,0.005749313336414687,0.006236419467775953,0.007492535687912064,0.0053023843297260245,0.0031577227738552502,0.007446713843244132,0.006255345881877925,0.006835423871985719,0.0788052717700248,0.07662906619065078,0.07988939005147984,0.0041219737659978,0.006231106790133294,0.041883490322957684,0.040147572903218944,0.042045526991058756,0.007441733207954142,0.0065990097168874065,0.03381486115316981,0.03285559079631726,0.03476084981591571,0.007131937692916606,0.006349977952387783,0.02431612557044876,0.0224490514214069,0.026300742712334443,0.006277592719506558,0.006871616488426332,0.020116453893927074,0.018937703541962184,0.02088214355917527,0.005660658028252821,0.005878809853954491,0.017520214738430316,0.015412741926058153
