HitRate: 1510767/3000000 0.503589
CumReqs: 375431,374294,375476,374711,376027,374420,374792,374849
CumProbs: 0.06633552613720736,0.0661101645644492,0.06640749033691258,0.06624399272530292,0.06649933938127178,0.06613289010119794,0.06601831552008994,0.06604640680857048
