HitRate: 2743773/3000000 0.914591
CumReqs: 3000000
CumProbs: 0.9188178829026487
