HitRate: 27707126/30000000 0.923571
CumReqs: 30000000
CumProbs: 0.8763531249678719
