HitRate: 2954321/3000000 0.984774
CumReqs: 456573,102657,175503,148923,291317,93380,148825,153981,138040,162498,97744,133305,229682,242174,114644,310754
CumProbs: 0.15140543566791848,0.03341935210076763,0.05754639219008354,0.0488407053212483,0.09624308544585312,0.03010101900410834,0.048655936355905496,0.050315919021573265,0.045018011709651584,0.05329931756268189,0.03165523286276007,0.04354573603174372,0.07559042008823869,0.07985512285014285,0.03732496323391393,0.10269302399221747
