HitRate: 122723/30000000 0.004091
CumReqs: 467988,469261,467693,469614,469452,468469,468486,469119,469295,467848,468712,469155,468313,469322,467765,469759,469075,470117,466966,470019,468506,468932,468765,469193,467632,469785,468829,468330,468490,469299,469659,469196,469560,468397,468310,468960,468370,468590,468097,468485,469354,468909,467646,469558,469085,470327,467609,466805,468416,468595,468808,467846,469530,468952,468339,468557,468889,469049,468645,468616,468453,468752,468878,468569
CumProbs: 0.00011857638888888844,0.00012083333333333291,0.00011996527777777734,0.00012343749999999955,0.00011927083333333292,0.00012517361111111068,0.0001201388888888885,0.00012135416666666623,0.00012534722222222176,0.00012100694444444398,0.00012135416666666623,0.00011874999999999957,0.00011996527777777736,0.00012013888888888843,0.00012430555555555507,0.00011874999999999954,0.00012031249999999954,0.00012447916666666624,0.00012152777777777734,0.00012170138888888842,0.00012291666666666622,0.00012326388888888847,0.00012309027777777739,0.00012638888888888845,0.00011805555555555514,0.0001223958333333329,0.00011874999999999955,0.000121006944444444,0.00012517361111111068,0.00011753472222222185,0.00012031249999999954,0.0001239583333333329,0.00011979166666666625,0.00012534722222222176,0.00012048611111111064,0.00011996527777777732,0.00012309027777777733,0.00012690972222222178,0.00011892361111111068,0.00012343749999999955,0.00011527777777777734,0.00011944444444444399,0.00012482638888888846,0.00012343749999999955,0.0001289930555555551,0.00013107638888888842,0.00012204861111111067,0.00011822916666666625,0.0001253472222222218,0.00012170138888888842,0.00013333333333333282,0.00012013888888888847,0.00012152777777777731,0.0001276041666666662,0.00012447916666666624,0.00012690972222222175,0.00011840277777777735,0.00011961805555555512,0.00012343749999999955,0.00012083333333333289,0.00012083333333333289,0.0001145833333333329,0.0001237847222222218,0.0001277777777777773
