HitRate: 2954375/3000000 0.984792
CumReqs: 127915,135036,145243,165266,211590,455309,133168,142287,157890,190129,289936,129349,138549,151482,175714,251137
CumProbs: 0.04180514786350523,0.04414490789865542,0.04755685408123892,0.054150130198692054,0.06955346888262673,0.15092414486875574,0.043527430448977535,0.0464598775026511,0.05174545837670297,0.06250613644718545,0.0956636643062479,0.042209949509067944,0.04538866992486866,0.04948072201478356,0.05764101433310971,0.08286984469121077
