HitRate: 2706124/3000000 0.902041
CumReqs: 187693,187986,187198,186916,187600,187825,187155,187370,186971,187862,187528,187955,187396,187746,187730,187069
CumProbs: 0.05809381795167813,0.05815802902534965,0.0579949571288161,0.05804511445806242,0.05803057610175951,0.058067891216270456,0.05792953452545215,0.057994230211001245,0.057957399708366344,0.05811296012081025,0.05810084482389094,0.058166509733193095,0.05794819208270823,0.05815560596596596,0.058116837015824326,0.058014826215764086
