HitRate: 1361602/3000000 0.453867
CumReqs: 298145,333153,425908,308152,354936,571219,317051,391436
CumProbs: 0.032266289121788215,0.04240514218257468,0.07447046064607901,0.03416467862358762,0.052882612471912435,0.12122396796734344,0.03628670214148733,0.059511311348543115
