HitRate: 778543/3000000 0.259514
CumReqs: 374641,373610,375329,375240,375108,376011,374844,375217
CumProbs: 0.01286606698567145,0.012324467657854537,0.01238612665825216,0.012376461193324962,0.012648760670756607,0.012318468403761796,0.012337466041722147,0.01232513424164262
