HitRate: 1618754/3000000 0.539585
CumReqs: 3000000
CumProbs: 0.4638888888888912
