HitRate: 1108375/30000000 0.036946
CumReqs: 469757,469361,467581,468908,468336,468750,468007,469511,468317,469167,468927,467444,468917,468142,468325,468237,467384,469112,468349,469215,469968,469775,468273,468847,467878,468589,468720,466635,468808,467133,468656,468452,469529,468824,468533,467311,467325,468898,468872,470254,470575,468656,469213,468952,470217,469735,469626,468203,470068,468309,468198,469043,468688,468712,469131,469226,468554,469091,468836,468421,468647,469881,468861,468130
CumProbs: 0.0013954861111111672,0.001384375000000056,0.001382291666666722,0.001397569444444502,0.001394444444444497,0.0013982638888889458,0.001397916666666721,0.0013927083333333922,0.0013868055555556098,0.0013982638888889432,0.001386111111111167,0.0014076388888889476,0.0014017361111111684,0.0013979166666667226,0.0013836805555556102,0.0013791666666667208,0.0013947916666667258,0.0013739583333333908,0.001392361111111171,0.0013868055555556129,0.0014048611111111653,0.0014211805555556145,0.0014121527777778329,0.0013826388888889436,0.0013788194444445013,0.0013961805555556092,0.0013930555555556124,0.0014072916666667233,0.001396180555555609,0.0013812500000000563,0.001410416666666725,0.001401736111111165,0.0013937500000000536,0.001407986111111168,0.0014038194444444996,0.0013934027777778313,0.0013770833333333894,0.0013972222222222793,0.0014062500000000548,0.001396527777777832,0.0013993055555556115,0.0013961805555556131,0.0013833333333333902,0.001393402777777836,0.0014034722222222794,0.0014006944444445004,0.00139097222222228,0.0013871527777778348,0.0013968750000000567,0.0013937500000000564,0.0013913194444445031,0.0014086805555556105,0.0013892361111111696,0.001394097222222281,0.0013916666666667237,0.0013895833333333904,0.0013906250000000559,0.0013937500000000566,0.0013802083333333904,0.001389236111111166,0.0013888888888889488,0.001404166666666724,0.0013934027777778321,0.0014034722222222799
