HitRate: 6509197/30000000 0.216973
CumReqs: 234346,234340,234255,234642,233598,234784,235074,234401,234579,234233,233486,233561,234257,234318,233670,234287,233818,234139,234193,234907,234587,234178,234214,234221,234347,233881,234242,234777,233952,234141,235311,233822,234763,235338,233926,234850,233816,233860,234551,234322,233515,234607,233975,235387,234334,234326,233643,234732,234511,234303,234322,233925,234569,234420,233810,234733,234764,234481,234362,233996,234947,234419,233202,234049,234775,234300,233353,235007,234141,233664,234507,234386,233911,234613,234196,234414,234291,235533,234946,234475,233770,234277,233658,234931,234574,235152,234848,234901,233866,234662,233857,234165,234733,233960,234630,233871,235192,234563,234621,234633,234265,234466,234295,234261,234342,234854,234209,234865,234845,234645,234536,234350,234815,234052,234202,234286,234417,234288,235331,234381,233325,234217,234813,233618,234792,235658,234802,234375
CumProbs: 0.005088145910139235,0.005062730059498412,0.005091507288399666,0.005092727529959361,0.005097833183793898,0.005090165326014891,0.0050893946275609924,0.005109189175898614,0.005080506191037228,0.005079602903846882,0.005053294042971627,0.00508365800565926,0.005084413950028572,0.005091009418373027,0.00508576292371969,0.005084531346448327,0.00509259309782693,0.00507495759918066,0.0050832108823920625,0.005064429421913192,0.005091660221629791,0.005101227736399092,0.005070288641239769,0.005088592344252278,0.0050629040248843975,0.005095992101519141,0.005081305603525729,0.005091487538794835,0.005084284493749452,0.005079062610893317,0.005101530425371592,0.0050779634932352925,0.005077910496857404,0.00509895669501471,0.0050817667317733396,0.005096445580168785,0.005098973943129516,0.005105440016094375,0.005060689669246751,0.005055356155482771,0.005086770792127149,0.005090286752650674,0.005091771001572545,0.00508086383032489,0.00509797729500944,0.005094916390147074,0.005099105185024578,0.005083884922121568,0.005084954298320597,0.005074788280600898,0.005138580679222314,0.0050800318200699595,0.005079590875183301,0.00507756619523296,0.005099279575757422,0.005077322494929647,0.005073218910760372,0.005081349964520827,0.005063297734429255,0.005080089349593135,0.005091410280011918,0.005090881043364841,0.005084960752037338,0.005082707093723162,0.005090326724000781,0.005078267010386419,0.0050941236898928875,0.005081810168968129,0.005080527484152098,0.005088305719313392,0.005067500667343623,0.005101789263738173,0.005074340616562639,0.005101598678356465,0.005077177018969071,0.0050981552477512865,0.00509678040860185,0.0050799993190102765,0.005062129352773688,0.005075727366781285,0.005098251234140062,0.00510491427323252,0.005098381481298499,0.005091358560217259,0.005072898310289238,0.0050839441371631575,0.00508163861541834,0.005102677209821769,0.005089802362024372,0.005074699958458547,0.005097840829729792,0.005094385554922679,0.005089867532058085,0.005076888278553397,0.005106362554164832,0.005084274524003592,0.005067537993432102,0.0050994317898583625,0.005072543701733828,0.00508117593430199,0.005085994583966233,0.005081788288424251,0.005072837813374749,0.005065343792265447,0.0050641396312867204,0.005073081105692269,0.0050897921398644266,0.0050711780695270915,0.005087247557705181,0.005069106383048826,0.00506946675318283,0.005092630627501416,0.005098527813785069,0.005053132862406381,0.005068992727403006,0.005088482916576213,0.005096136259257021,0.005092837516716969,0.005077262489279914,0.005104462290078682,0.0050888608128739216,0.005081473929267701,0.00506618865610737,0.005091756981808104,0.005080611064137796,0.005081699487495376,0.005078274019658308,0.00508535585250453
