HitRate: 1902538/3000000 0.634179
CumReqs: 3000000
CumProbs: 0.2285547086144007
