HitRate: 2707009/3000000 0.902336
CumReqs: 3000000
CumProbs: 0.9754711564807078
