HitRate: 3481805/30000000 0.116060
CumReqs: 30000000
CumProbs: 0.08401266276217133
