HitRate: 1500175/3000000 0.500058
CumReqs: 3000000
CumProbs: 0.4999999999979054
