HitRate: 17450718/30000000 0.581691
CumReqs: 467896,469080,468650,468916,468522,468620,469056,469421,468734,468155,468792,469515,468244,469041,469191,469287,468492,469327,468224,470167,467663,469437,468268,469108,468671,469520,467745,468978,469732,468225,470107,469778,468619,467432,469346,468725,467957,468304,469380,468979,467921,468937,468537,469553,468611,468601,468254,467703,468022,468278,469126,469995,467734,469358,467865,468182,469278,468804,467792,469454,468931,468858,468751,468151
CumProbs: 0.006539930555555557,0.006554687500000008,0.00654062500000001,0.006563368055555558,0.006528125000000021,0.006517187500000032,0.00649722222222223,0.006476041666666739,0.006545312500000052,0.006531770833333346,0.006525173611111109,0.006496006944444483,0.00652500000000004,0.00651250000000002,0.0065140625000000086,0.006529687499999998,0.006510763888888911,0.006530902777777782,0.006516666666666698,0.00657065972222228,0.0065239583333333885,0.006501215277777805,0.006529166666666694,0.006502777777777814,0.006571006944444474,0.006579861111111133,0.00654201388888892,0.0065725694444444295,0.006544618055555542,0.006531250000000011,0.00650868055555556,0.00650868055555557,0.006537847222222224,0.0065154513888889196,0.006565972222222218,0.00651753472222222,0.006528645833333362,0.006549652777777831,0.006516145833333351,0.0065463541666666795,0.006543576388888888,0.006523958333333363,0.00650451388888895,0.006525347222222265,0.0065723958333333485,0.006523263888888891,0.006519444444444477,0.0065383680555555854,0.0065390625000000206,0.006548784722222229,0.006554861111111091,0.006502604166666694,0.006528125000000017,0.006504166666666702,0.006541319444444483,0.006555208333333366,0.006530034722222276,0.006539930555555571,0.006534027777777776,0.006547916666666648,0.006526736111111144,0.006530902777777789,0.006544444444444461,0.006528645833333361
