HitRate: 2244322/3000000 0.748107
CumReqs: 45495,47941,44799,48240,49571,44265,45585,43210,42138,52114,47979,46503,45260,50357,52196,49900,43183,45498,44755,47322,53304,45540,45927,43375,46351,45256,50342,45458,48728,49008,43066,51139,42615,45956,41047,48017,46860,47280,43990,44529,47688,48114,48453,46098,46896,44806,48486,47533,50146,46397,50287,49311,45021,47967,43218,48376,46030,51093,48175,45889,48578,46496,43359,47484
CumProbs: 0.0030481803474658366,0.0031759347253346067,0.002947476003686628,0.0036481696578138114,0.0037524589458699524,0.0032248203291109206,0.003768754147128725,0.003616231063346619,0.0033118367038327645,0.003591136453408113,0.0031899485984171532,0.003172023877032503,0.0035839665648542537,0.0042185017018708205,0.0035543092985632877,0.0029474760036866296,0.0026098394336048786,0.003193207638668904,0.003411563335536448,0.003826113255559599,0.004034691831671873,0.003986132131920741,0.0034425242179281098,0.002974200133751015,0.0034601230352875865,0.00333432408156987,0.003535080961077938,0.0031635503723779403,0.0036504509859900387,0.003643607001461356,0.0029608380687188188,0.0037361637446111807,0.003421340456291712,0.0033092294716313615,0.0031778901494856605,0.0031814750937625897,0.0037257348158055642,0.003394942230252497,0.003099021375393205,0.003016893561048997,0.0036012394781885474,0.003544858081833198,0.0034545826668596047,0.004008293605632662,0.003407978391259516,0.003560175571016444,0.003098695471368028,0.0037798348839846872,0.0036198160076235508,0.0031606172361513616,0.004079666587146085,0.003899115757198896,0.0030292779140056636,0.0030911996787889957,0.0030765339976561007,0.003539969521455567,0.003348663858677588,0.0032055919916255736,0.003614601543220742,0.0036139497351703903,0.003888360924368109,0.003323569248739079,0.003093155102940048,0.002988865814883909
