HitRate: 1514228/3000000 0.504743
CumReqs: 3000000
CumProbs: 0.8914754708628154
