HitRate: 901196/3000000 0.300399
CumReqs: 46975,46809,46834,46786,46906,46719,47059,46736,46678,46881,46369,46671,46870,46846,46556,46839,46970,46282,46989,47162,46641,46778,47032,47003,46992,46842,46996,47057,46605,47100,46604,47103,47413,46914,47076,46479,46961,46362,46881,47092,46704,47028,46755,47050,46689,46852,47129,46756,46781,46899,47309,46825,46835,46988,46730,46796,46849,46799,46984,47094,46803,47265,46784,47428
CumProbs: 0.01406249999999949,0.01406249999999949,0.01406249999999949,0.01406249999999949,0.01406249999999949,0.01406249999999949,0.01406249999999949,0.01406249999999949,0.01406249999999949,0.01406249999999949,0.01406249999999949,0.01406249999999949,0.01406249999999949,0.01406249999999949,0.01406249999999949,0.01406249999999949,0.01406249999999949,0.01406249999999949,0.01406249999999949,0.01406249999999949,0.01406249999999949,0.01406249999999949,0.01406249999999949,0.01406249999999949,0.01406249999999949,0.01406249999999949,0.01406249999999949,0.01406249999999949,0.01406249999999949,0.01406249999999949,0.01406249999999949,0.01406249999999949,0.01406249999999949,0.01406249999999949,0.01406249999999949,0.01406249999999949,0.01406249999999949,0.01406249999999949,0.01406249999999949,0.01406249999999949,0.01406249999999949,0.01406249999999949,0.01406249999999949,0.01406249999999949,0.01406249999999949,0.01406249999999949,0.01406249999999949,0.01406249999999949,0.01406249999999949,0.01406249999999949,0.01406249999999949,0.01406249999999949,0.01406249999999949,0.01406249999999949,0.01406249999999949,0.01406249999999949,0.01406249999999949,0.01406249999999949,0.01406249999999949,0.01406249999999949,0.01406249999999949,0.01406249999999949,0.01406249999999949,0.01406249999999949
