HitRate: 2852238/3000000 0.950746
CumReqs: 3000000
CumProbs: 0.8477777777777739
