HitRate: 395964/3000000 0.131988
CumReqs: 3000000
CumProbs: 0.13536061334421787
