HitRate: 2771078/3000000 0.923693
CumReqs: 3000000
CumProbs: 0.9378798269564905
