HitRate: 1218295/30000000 0.040610
CumReqs: 467983,469249,467894,469393,468844,468097,469114,468860,469031,468813,468601,468456,468854,468867,468497,470236,468635,467914,469548,468396,469410,469138,468426,468869,468638,468909,468420,469528,468497,468969,470233,468662,467987,468718,468906,469326,468421,468710,468642,468453,468414,469441,468001,468832,469631,468804,468556,468679,467358,468022,468655,469087,468534,469218,469034,467666,469442,468139,467741,469758,469057,468428,469175,468184
CumProbs: 0.0012223958333333882,0.001218750000000054,0.0012333333333333885,0.0012269097222222768,0.0012362847222222783,0.0012199652777778337,0.0012300347222222795,0.0012175347222222784,0.001242361111111167,0.001222743055555612,0.00122552083333339,0.0012399305555556089,0.0012041666666667227,0.001228993055555612,0.0012277777777778358,0.0012182291666667196,0.0012220486111111685,0.0012260416666667248,0.0012116319444444978,0.001224826388888945,0.0012190972222222774,0.0012427083333333884,0.0012234375000000559,0.0012241319444444986,0.0012414930555556074,0.001232986111111166,0.0012282986111111678,0.0012286458333333897,0.0012277777777778317,0.0012118055555556087,0.0012100694444445012,0.0012309027777778344,0.0012159722222222793,0.0012057291666667193,0.0012387152777778348,0.0012286458333333904,0.0012282986111111648,0.0012201388888889403,0.0012144097222222792,0.0012175347222222813,0.0012269097222222774,0.001222569444444502,0.0012265625000000568,0.0012208333333333882,0.001229340277777835,0.0012137152777778337,0.0012125000000000584,0.0012373263888889442,0.0012128472222222753,0.0012270833333333892,0.001219618055555614,0.00122847222222228,0.0012104166666667227,0.0012088541666667217,0.0012156250000000572,0.0012161458333333902,0.0012078125000000535,0.001238888888888946,0.0012267361111111673,0.0012197916666667208,0.0012201388888889442,0.0012310763888889475,0.0012336805555556126,0.001213368055555613
