HitRate: 30224/3000000 0.010075
CumReqs: 375439,375954,374946,374677,375392,375020,375390,373182
CumProbs: 0.0012478573283121299,0.001361177705349022,0.0012781871939308272,0.0013041842216039968,0.0012721878798524035,0.0013065172881900503,0.0012941853648066237,0.0012718545846258245
