HitRate: 1147579/3000000 0.382526
CumReqs: 187619,187064,186901,188143,187377,187462,187580,187399,187847,188098,187117,187801,187221,187330,187318,187723
CumProbs: 0.07185496559949821,0.07193370546985452,0.07223044733989688,0.07198054542426112,0.07163097005080321,0.07170315043529968,0.07166503215800302,0.07192836205382286,0.07246566093745385,0.07059248721382638,0.0717236526261174,0.07082937778990421,0.07160940282238498,0.07192065420223666,0.07183979467269411,0.07169391403341636
