HitRate: 1977669/3000000 0.659223
CumReqs: 29972,32372,16487,19765,17546,29115,31239,39306,30817,31487,24461,20057,15849,13433,14625,14161,14248,14495,17029,18892,18040,17162,16319,16851,16837,18797,18336,18400,15900,16797,14406,15506,13701,14485,13604,20225,21263,24537,21347,18499,17202,15747,15680,16048,16659,19317,17097,17667,22287,22574,21477,16105,16486,16248,17965,17173,15392,12191,14694,16351,18244,15838,22419,21847,21662,28631,30043,30252,21155,19872,20373,47839,47689,58164,26267,26230,14462,13675,15740,15697,16366,28249,36712,37931,34629,26905,26190,14760,17069,15510,17262,14647,52800,51033,125258,86674,87973,14602,16881,18525,40253,38810,42233,20524,23170,17536,17118,16278,15855,18749,16969,20321,18287,20510,19105,17834,14810,14397,15190,24210,23396,30154,20961,20113,14802,14894,16102,30616
CumProbs: 0.022233543877525432,0.024086821657554672,0.008449428545881333,0.011787387032716375,0.009036417776800004,0.021161203003069083,0.02282053310844408,0.030714492941012254,0.02292828181658533,0.023653896997381223,0.017046810541747642,0.012167884709525564,0.008105597593633641,0.005561441529761479,0.007050946805588522,0.006356208866528619,0.006274191193167382,0.006409600763697111,0.008451358373489835,0.010532355811322051,0.00934197381481247,0.008849867774645026,0.008639194927383808,0.009166037864504234,0.008888785964749773,0.010318466584713323,0.00975206218161865,0.009856916148347137,0.008063784662116134,0.008714136566180539,0.006144571105463147,0.007517643448910715,0.005969600068959169,0.006976005166791787,0.006557875851616839,0.011995486776499592,0.013592419122533127,0.01644180958648299,0.013113500237690447,0.010574490380774295,0.009614079507610921,0.007996883971688145,0.007444631637722473,0.007539836466408462,0.008881066654315772,0.011157298318541207,0.00953238347218443,0.010281478222217089,0.01483780120588496,0.014493005339833007,0.01326177532561017,0.007940275695172149,0.009171827347329733,0.00865849320346881,0.009859810889759889,0.009663611749562413,0.007222701462745004,0.004405474792270138,0.006957671804511037,0.0086867973417268,0.01014156572060086,0.007755977158560422,0.014240197923119549,0.013968092230321074,0.01399607473064432,0.020817693688756127,0.021911584304840703,0.021989099047115455,0.013154669893338442,0.012379200832656286,0.012444814971345284,0.0402021687402664,0.04025556063743497,0.05083616213896945,0.01877786590657189,0.01837903486748198,0.006375507142613618,0.005785623170282197,0.007855684918332917,0.007688433192262936,0.008196299491233119,0.020651728514425174,0.028594898951010042,0.03018314707280535,0.026573404531106577,0.018801023837873902,0.01808827417446799,0.0073877017232717255,0.009448757609149445,0.008166387163301377,0.010113583220277618,0.007041297667546025,0.04445711697907359,0.042957640927269274,0.1169160325574783,0.07904316574067097,0.07997430756177203,0.006538899213466596,0.009023230621475246,0.010535250552734798,0.032573560203867,0.030768528114050262,0.034159235222184274,0.01275069264729249,0.014849380171535939,0.009049926570059503,0.008850189412579779,0.00805156242059564,0.00847419466685708,0.011230310129729453,0.00932750010774871,0.012651949801324256,0.010477999000349302,0.012539698162096517,0.011265047026682452,0.009953729166706868,0.00702714559841703,0.006156150071114146,0.007415362585660226,0.016703944503304202,0.015500053713535102,0.02180222740702574,0.012958149115206227,0.01199323531095634,0.00694448464918629,0.007099192495801023,0.00854238190902407,0.022918954316477596
