HitRate: 1332264/3000000 0.444088
CumReqs: 374116,374876,374487,374666,374838,375836,376241,374940
CumProbs: 0.06423246450806715,0.06373407665708165,0.06370164504393656,0.06357522793963617,0.06428442127606483,0.06415469482348435,0.06439925566138498,0.06487911116200151
