HitRate: 1218907/30000000 0.040630
CumReqs: 3748686,3747837,3750451,3749743,3751346,3752678,3752779,3746480
CumProbs: 0.009737500000000444,0.009881944444444854,0.009804166666667105,0.009916666666667111,0.00978333333333378,0.009701388888889294,0.009798611111111542,0.009922222222222669
