HitRate: 2049999/3000000 0.683333
CumReqs: 3000000
CumProbs: 0.6773138240735965
