HitRate: 1147877/3000000 0.382626
CumReqs: 23604,23427,23507,23512,23494,23356,23517,23265,23070,23502,23602,23455,23224,23459,23488,23435,23304,23546,23393,23472,23388,23596,23353,23455,23636,23565,23357,23524,23589,23179,23626,23380,23415,23402,23489,23634,23451,23155,23468,23431,23485,23328,23352,23631,23326,23241,23326,23551,23566,23323,23151,23285,23583,23608,23431,23614,23489,23245,23337,23478,23543,23699,23446,23115,23325,23293,23497,23709,23487,23154,23552,23247,23517,23450,23403,22903,23496,23071,23447,23550,23359,23259,23394,23521,23651,23517,23369,23520,23461,23506,23299,23443,23273,23694,23468,23500,23538,23478,23423,23631,23601,23507,23606,23446,23650,23615,23269,23532,23471,23563,23365,23483,23384,23340,23478,23120,23418,23420,23544,23375,23529,23341,23618,23373,23602,23396,23364,23307
CumProbs: 0.008901883958685115,0.008965559567989424,0.008958077760664237,0.008910443950403829,0.009025691707255762,0.008945810590334141,0.008935990693636405,0.008933182257461024,0.009007997970705277,0.009052351899363242,0.008952603166932818,0.008920248235786915,0.008964222026898193,0.008920014947678898,0.00897859976287921,0.008939172512853939,0.00894741610079453,0.008923293500081647,0.00895695983591279,0.008904277142028294,0.00896699011236882,0.008925459119013423,0.0089274406166623,0.008982162045161658,0.008964210443872318,0.008947817030821948,0.008985900365022831,0.008894687278255669,0.009026582569436493,0.008965568492615861,0.00893541844604545,0.008979236897116012,0.008970263483605481,0.00891788631576285,0.009032077101163166,0.009010194541001168,0.008975012524194474,0.009037576773366158,0.008993086045646746,0.00907462466101239,0.008943241952632535,0.008968385609278972,0.008920212727166747,0.008955569560858525,0.008902302168308472,0.008921076734088545,0.00905413027359902,0.008906803109707314,0.008932742943401843,0.009100801960299623,0.008921958902218273,0.008937448079711483,0.008912767825477659,0.008975537870025118,0.008944736203653986,0.009024655053570738,0.009013993759909127,0.0088829693386607,0.009025055915781883,0.008891804203448987,0.008916291059128608,0.009046402903413636,0.008860470613065151,0.009059577917128619,0.008987290545134252,0.008997808637874692,0.009028185557130131,0.008926076030426432,0.008918264473073293,0.00896994147820012,0.008991537541576942,0.008907233146495244,0.009011997112096522,0.009019477196887407,0.009058696006700872,0.008997994142610358,0.009075500386592623,0.00892188658290481,0.008874503882878795,0.008977376899168962,0.008964602178008086,0.00896477053878046,0.00900816546342889,0.008998003596204035,0.00888815597077464,0.00889714403260825,0.00890672738601504,0.008868562129711136,0.008968627523621637,0.008892353176482166,0.008932487492923621,0.008966709976753562,0.008938457945953854,0.009043790985342736,0.008963742511330149,0.008946712126802163,0.009006827176358222,0.008884493564491393,0.009092053696939799,0.008936349916632905,0.008903169321907102,0.008882749518872001,0.008958441106892414,0.009059600703408933,0.008875737366623263,0.008966899469088255,0.008955499370977185,0.00892455606346002,0.008933481015435141,0.00897339332840263,0.008949084816056257,0.0089132363954932,0.008910409350522244,0.008986017131146199,0.00891762543997981,0.0089580933041626,0.009033239106516423,0.009009915368377515,0.00891909176424459,0.00889705357921334,0.009088843788206518,0.008891103769468,0.008884765100998473,0.008983448452754821,0.008974104545176971,0.008917812531617077,0.008957129024044115,0.008913601355749595
