HitRate: 1761831/3000000 0.587277
CumReqs: 19182,18250,23477,24009,25627,23694,19468,21163,18258,18338,17649,23496,22098,21151,22764,28828,33023,27597,20854,20568,20155,20144,19581,20823,25192,28592,25661,24993,17571,24895,20193,22994,17614,19314,15540,18515,20258,24430,31839,36185,34180,20393,12891,27877,34781,39604,25280,20617,16181,17439,33338,34217,30283,11744,13251,20074,20985,20263,17039,19476,22913,25511,23957,17720,15765,18459,18907,14499,24594,27886,29371,17685,18224,26306,25083,22279,16475,19854,36764,38492,41865,40403,36768,37261,26895,28383,31937,42054,43765,37728,22868,21574,19569,27553,24479,27682,18187,20857,13573,13790,28194,29231,34139,19905,19105,14862,17675,21825,22698,18189,27155,28779,36329,25043,22209,16808,15944,17652,22099,23713,20944,14166,14449,16218,15878,15414,14456,15090
CumProbs: 0.007416064344473416,0.005461725765936091,0.007388183155513307,0.005273195821539148,0.006391762569105519,0.009604405758925964,0.009112170006213522,0.008807136522233257,0.006660948810137069,0.003961452264749149,0.006471755027907743,0.005478985549578065,0.006854457538276889,0.0023330580619121714,0.00661481208078641,0.007128290644135124,0.009898817837588092,0.006196594246384739,0.0057375503852914785,0.006812967673752916,0.006273267516025045,0.005027575823557215,0.004655162799590013,0.0032398605409481728,0.004493186368488414,0.007044647077254792,0.006629416513098848,0.009175898438122347,0.0077914646386863465,0.010099960700800324,0.0064644528117515235,0.005913467410873133,0.0025408393034482392,0.004030159480400851,0.0030556455424617227,0.006460801703673413,0.007491078019532764,0.008366016282614352,0.006334340596604338,0.008674368955756536,0.009243941815941667,0.007939832394224078,0.0038027950228094677,0.005403639955602526,0.01239717151976378,0.012217603386104014,0.011544139905150854,0.0044377559094843835,0.005616068061965279,0.004497169395482717,0.014600449285444959,0.01535954784677561,0.01397445020950722,0.003163519190224058,0.002305508791868252,0.003168829892883128,0.0038014673471447004,0.004216365992384452,0.003894404643678405,0.0045864555839383115,0.007528916775978631,0.009560592461988645,0.009055079952628534,0.004932647013526359,0.0034204244313565135,0.00524431887583046,0.0038157398605409487,0.0040875814529020334,0.009628303920891772,0.010003040377272319,0.01206890371165009,0.0035329449439455325,0.0046986441776111386,0.005842768681724279,0.006121912490241584,0.005108564039108014,0.006858772484187384,0.005749167547358192,0.00740909404723339,0.0038907535356002957,0.005885586221913023,0.003728445185582505,0.003949835102682435,0.00587994360033776,0.004924680959537756,0.006544113351637556,0.005892556519153051,0.007396481128418101,0.007463196830572654,0.00740544293915528,0.0067147196745601405,0.004288724316114266,0.006139836111715942,0.005296762064588766,0.0060814183824661845,0.008120728203548613,0.007752962044408096,0.007933525934816436,0.0021982989819383,0.00205822919930536,0.0043972618017089835,0.005317341037392658,0.0065188875140069795,0.004901114716488139,0.007244794183718446,0.004289720072862841,0.0036016521595972364,0.006999506104652708,0.005780036006564029,0.007759600422731932,0.007039336374595724,0.006104320787683418,0.009336547193559181,0.009748126649637017,0.008981725872150145,0.005399325009692031,0.0048967997705776445,0.00660784178354638,0.0054368318472217065,0.006118261382163474,0.0039146516975661055,0.003072241488271313,0.005062759228673545,0.0075674193702568796,0.007093771076851179,0.003423079782686048,0.0042110552897253834,0.004438087828400576
