HitRate: 650132/3000000 0.216711
CumReqs: 93801,93709,93692,93571,93703,93583,93908,93478,94185,93937,93545,93774,93698,94040,93172,94235,93593,93597,93023,93763,93887,93510,93617,94330,93426,94207,93633,94092,93903,93944,93812,93632
CumProbs: 0.02021186911616446,0.020324464136110595,0.02041017953568808,0.02169087738009656,0.020862707381749033,0.019957868635715657,0.01980808905619578,0.02015583194149762,0.020049853777251606,0.020490948564447126,0.02016993343725196,0.020349022433331983,0.020791896178453426,0.01986280285972261,0.020502511790965666,0.019749188193160377,0.02011532810676941,0.01999483624920086,0.020896854696083367,0.02015103743294115,0.020140038266252772,0.019597217458146386,0.019783726010454063,0.02032029877121085,0.02054475119440212,0.02055700864840396,0.02028107491840496,0.02076458266590773,0.02011908127410094,0.02055922149850695,0.02017472794580844,0.02063903596447646
