HitRate: 36500/3000000 0.012167
CumReqs: 23275,23252,23750,23444,23484,23350,23545,23067,23472,23731,23613,23477,23286,23480,23347,23491,23412,23137,23511,23175,23445,23582,23106,23255,23288,23463,23489,23476,23413,23392,23405,23448,23526,23551,23469,23191,23246,23434,23622,23662,23509,23423,23347,23467,23706,23381,23382,23456,23673,23466,23583,23373,23265,23462,23358,23218,23448,23243,23280,23644,23403,23482,23501,23465,23628,23656,23154,23456,23554,23649,23211,23510,23252,23432,23303,23524,23302,23369,23580,23281,23504,23456,23327,23574,23395,23619,23064,23402,23735,23448,23450,23601,23341,23449,23376,23627,23507,23260,23413,23587,23224,23735,23250,23465,23346,23422,23404,23531,23430,23417,23304,23642,23416,23354,23575,23527,23680,23550,23308,23386,23295,23475,23134,23777,23521,23551,23421,23567
CumProbs: 5.815972222222223e-05,5.729166666666666e-05,6.25e-05,5.555555555555556e-05,7.031250000000001e-05,4.947916666666667e-05,6.510416666666665e-05,6.249999999999999e-05,6.770833333333334e-05,5.989583333333334e-05,6.0763888888888894e-05,7.378472222222222e-05,5.989583333333335e-05,5.729166666666665e-05,6.510416666666665e-05,6.857638888888888e-05,6.510416666666667e-05,6.336805555555557e-05,6.25e-05,6.944444444444444e-05,5.729166666666666e-05,6.684027777777778e-05,6.163194444444445e-05,6.944444444444443e-05,5.729166666666666e-05,6.597222222222222e-05,5.8159722222222236e-05,5.4687499999999994e-05,5.815972222222222e-05,5.381944444444445e-05,6.944444444444444e-05,6.42361111111111e-05,6.85763888888889e-05,7.552083333333332e-05,6.85763888888889e-05,6.0763888888888874e-05,6.597222222222224e-05,6.510416666666667e-05,5.5555555555555565e-05,6.0763888888888894e-05,5.555555555555558e-05,6.336805555555554e-05,5.3819444444444464e-05,5.902777777777778e-05,6.25e-05,6.42361111111111e-05,6.076388888888891e-05,6.510416666666667e-05,7.118055555555554e-05,5.642361111111112e-05,5.5555555555555565e-05,6.944444444444444e-05,4.947916666666668e-05,5.64236111111111e-05,6.336805555555555e-05,6.510416666666665e-05,6.423611111111112e-05,5.8159722222222236e-05,6.597222222222223e-05,5.729166666666666e-05,5.989583333333334e-05,5.4687499999999994e-05,6.25e-05,6.944444444444446e-05,6.68402777777778e-05,6.163194444444445e-05,6.597222222222223e-05,5.902777777777777e-05,5.989583333333335e-05,5.815972222222222e-05,7.031249999999998e-05,5.989583333333332e-05,5.729166666666667e-05,5.989583333333333e-05,5.468750000000001e-05,6.163194444444445e-05,6.250000000000001e-05,6.250000000000001e-05,6.510416666666665e-05,6.0763888888888914e-05,7.118055555555556e-05,5.46875e-05,6.944444444444447e-05,6.684027777777777e-05,6.684027777777778e-05,6.163194444444445e-05,5.729166666666666e-05,5.815972222222223e-05,6.249999999999999e-05,6.163194444444444e-05,5.555555555555557e-05,5.034722222222222e-05,5.902777777777779e-05,6.163194444444445e-05,6.249999999999997e-05,6.42361111111111e-05,5.2083333333333343e-05,6.25e-05,6.510416666666667e-05,6.336805555555557e-05,5.989583333333332e-05,6.857638888888888e-05,7.031250000000001e-05,7.118055555555554e-05,7.031250000000001e-05,6.857638888888888e-05,6.770833333333333e-05,6.250000000000001e-05,6.944444444444444e-05,5.9895833333333344e-05,6.336805555555557e-05,4.9479166666666665e-05,6.163194444444444e-05,5.468749999999999e-05,6.510416666666667e-05,5.6423611111111115e-05,5.3819444444444444e-05,6.944444444444446e-05,5.64236111111111e-05,6.770833333333334e-05,5.729166666666668e-05,6.597222222222222e-05,6.25e-05,7.118055555555556e-05,5.64236111111111e-05,5.815972222222223e-05,5.9895833333333344e-05,5.642361111111111e-05
