HitRate: 2030496/3000000 0.676832
CumReqs: 3000000
CumProbs: 0.11170128257096398
