HitRate: 1530535/3000000 0.510178
CumReqs: 374042,375221,375603,374651,375095,375944,375242,374202
CumProbs: 0.012483927668007109,0.012326953725681539,0.012506257294622427,0.012613572813579613,0.012385943933307072,0.012123654140079414,0.012474262605740779,0.012420604846262187
