HitRate: 303830/3000000 0.101277
CumReqs: 3000000
CumProbs: 0.09959516787900763
