HitRate: 2706463/3000000 0.902154
CumReqs: 93696,93531,93985,94353,94051,93259,93652,93949,93519,94304,93653,93630,93340,93765,93628,94235,93905,94016,94395,93413,93488,93679,93696,93619,93411,94314,93095,93187,93715,93795,94048,93674
CumProbs: 0.02939874164275548,0.029423794153386914,0.029546020038590283,0.029572401091452268,0.029556268792939242,0.02943195519851736,0.0294315756150226,0.029514324816806034,0.029405953729149503,0.02961054923264114,0.029397982475766513,0.02951432481680612,0.029443152911602623,0.029440495827141533,0.02947048292320047,0.029611308399630172,0.029576576509890675,0.029524004195913906,0.02958872318171228,0.02941392498253225,0.02953804878520733,0.02953577128424064,0.02948016230230831,0.02939058059762568,0.029374638090859925,0.02973087720037233,0.029375776841342977,0.029327000362310195,0.0295564585846865,0.029553232124984057,0.029546589413831547,0.029455109791676537
