HitRate: 14828575/30000000 0.494286
CumReqs: 1401106,688571,693216,748757,957553,944938,882282,935780,1064516,1094690,842559,751205,714337,717735,732110,726126,783537,947416,1015214,934936,863128,935981,934897,910423,789352,821637,832574,880996,1244814,1109779,1752477,1347358
CumProbs: 0.09308833688640342,0.02200761565831791,0.0233080596180272,0.02836030438782915,0.04899625812573446,0.04737989688851796,0.042148241484315535,0.04793894788687353,0.05905051535255042,0.062331604748845575,0.03707627686758358,0.028193285278864454,0.02475873416836893,0.023156463294752697,0.02513451050826339,0.025893025093471918,0.03148759896440158,0.04723383011691638,0.05133835636474884,0.044006304088633735,0.03779108800824447,0.04617768574738403,0.04731797257189139,0.0447018284195439,0.03247519021741031,0.03296752017961581,0.03810144242352655,0.04051485855490099,0.07565779097008889,0.06268526288204831,0.1265819972387552,0.08633319006464821
