HitRate: 27861999/30000000 0.928733
CumReqs: 30000000
CumProbs: 0.9327897906980315
