HitRate: 2967740/3000000 0.989247
CumReqs: 3000000
CumProbs: 0.995400779386783
