HitRate: 1328069/30000000 0.044269
CumReqs: 469665,469027,468863,468848,468793,468541,469140,469362,466423,468661,470154,469693,469663,468705,469025,469263,468437,467824,467499,468897,467910,468009,468385,468958,468911,470817,469041,467719,468748,469146,469359,468430,468244,468681,467614,469415,469575,469012,468453,468333,468223,469007,468134,468690,467518,469461,469826,468369,469707,467627,468474,468467,468467,469734,469664,468767,468825,467265,468094,468871,468884,467823,470146,468714
CumProbs: 0.0020692746280854043,0.0020762835434577492,0.0020565373172582806,0.0020598799498392365,0.0020625255848113343,0.002053666689690693,0.002102517208522313,0.0020901674464603205,0.0020862051257200245,0.002065225473170878,0.0020589331370825187,0.0020754109428246575,0.0020809369807396967,0.002049700108431879,0.002102102992047133,0.002052554375347952,0.002081963999534285,0.0020717838222984665,0.0020780980414906447,0.0020830454127751296,0.0020686003843472336,0.002069221837369267,0.0020672235521886403,0.002105387270227083,0.002058750777883954,0.0020776901384821633,0.0020672576477299845,0.002076589250987889,0.0020811855518573876,0.002103204010292075,0.00206915958160717,0.0020835866836307853,0.0020673699940171168,0.0020627787794026946,0.002070893236667427,0.0020687226649721397,0.002061452987745953,0.002070571477187549,0.0020663142133317066,0.0020830390439699814,0.0020712156309119537,0.002067566562720392,0.0020944876426179956,0.0020455213682163717,0.0020726600497705033,0.002068568430187092,0.0020755348016806056,0.002074341883622666,0.002040508127894181,0.0020691430039421,0.0020730451761218683,0.0020647396769464337,0.002056219611048968,0.00209393016953071,0.002059698919848658,0.002062374390386118,0.0020809651360776454,0.002061620744645284,0.0020572717003338975,0.002060742667675268,0.002077904735043559,0.0020883747360452894,0.0020764224055454645,0.002058531283869268
