HitRate: 24905559/30000000 0.830185
CumReqs: 435798,374868,357528,312987,583461,596665,713559,446989,508746,447774,465712,417435,357832,341179,398217,391764,396787,436952,490005,511714,739564,686243,668053,326206,352555,353281,354382,396087,427615,473543,1060803,1040218,1092237,471151,470896,420961,576419,566000,613209,492590,534101,430017,351567,313689,313220,309172,314672,337721,355427,348452,363841,367685,373393,496729,492620,476728,405028,451798,512691,415710,378387,326702,384155,378510
CumProbs: 0.035957194786267764,0.029874596004756893,0.028023428604150837,0.023655917991604193,0.05071874443451429,0.05195923186350159,0.06368680071690981,0.03701844950967841,0.04330226594226335,0.03714493584069812,0.038834627607096425,0.0341237844570278,0.028201115948835315,0.02656285845812084,0.03217103144616917,0.03152148419025743,0.032022356065377594,0.035972240186637264,0.041321871381888246,0.04361915239812634,0.06642663810295464,0.06098545156436663,0.05907302372543219,0.025066278487561027,0.027481269351270533,0.027732929914442244,0.027726252789084003,0.031915143008862217,0.03494128036823623,0.03975032682924992,0.09846377714894278,0.0963274760851083,0.1015757549321228,0.039524208457405355,0.03931651778523811,0.03439955848164582,0.04994446031274348,0.04882564818558885,0.05357748713589287,0.041535568551101784,0.04565200175553086,0.035230058750538605,0.027483543655977733,0.02369131550332817,0.023645916882443514,0.02330226360964283,0.023730416049639654,0.026168995535247687,0.027826205565188118,0.02696059936209752,0.028682656233944108,0.02919603678495351,0.02969011490370454,0.04214257464588916,0.04153938821669954,0.03999662236593344,0.032833262324485295,0.037470861199883417,0.04348689283208122,0.03390927087073983,0.030217957700030867,0.024957111861617864,0.03069774851998023,0.03029166849874436
