HitRate: 10592201/30000000 0.353073
CumReqs: 1876475,1876993,1874927,1877080,1872599,1874400,1873624,1875934,1876439,1872016,1876264,1875663,1876161,1874403,1874498,1872524
CumProbs: 0.04621111111110718,0.04640694444444022,0.046357638888885236,0.04612083333332947,0.04639027777777388,0.04638263888888498,0.046043055555551535,0.04617916666666279,0.04644930555555147,0.046239583333329407,0.04635347222221827,0.046211111111107296,0.04657986111110685,0.04622847222221834,0.04636874999999601,0.04615347222221875
