HitRate: 3318936/30000000 0.110631
CumReqs: 3753609,3749310,3750016,3747918,3749524,3751927,3748828,3748868
CumProbs: 0.011138888888889325,0.01115000000000045,0.011138888888889325,0.011213888888889367,0.011102777777778216,0.011188888888889331,0.011211111111111567,0.011158333333333811
