HitRate: 907859/3000000 0.302620
CumReqs: 23402,23535,23626,23509,23528,23742,23792,23434,23169,23007,23398,23409,23605,23316,23625,23364,23578,23279,23449,23492,23435,23770,23411,23668,23292,23400,23438,23412,23534,23660,23081,23576,23329,23266,23346,23422,23300,23665,23399,23367,23455,23514,23704,23604,23440,23547,23697,23401,23623,23486,23583,23397,23087,23179,23383,23270,23220,23550,23360,23525,23395,23321,23648,23321,23373,23339,23595,23381,23426,23452,23349,23366,23515,23268,23147,23711,23396,23533,23595,23349,23377,23277,23421,23367,23268,23462,23689,23316,23303,23596,23454,23602,23754,23293,23427,23153,23706,23246,23256,23493,23449,23419,23343,23664,23551,23392,23607,23515,23507,23262,23435,23378,22985,23291,23197,23306,23520,23752,23510,23397,23366,23271,23578,23380,23365,23397,23618,23550
CumProbs: 0.007715033863519905,0.007687335431222021,0.007734860109796296,0.007734568547351042,0.007755269480963147,0.00782845165471862,0.007814748219792295,0.007684711369214849,0.0075989920103140185,0.0076675091849456355,0.007681795744762449,0.007722031362205682,0.007573334515132816,0.007642726377100161,0.007659345436478889,0.007690542618119672,0.0077887991621658674,0.007637769815531064,0.007639227627757268,0.007685294494105332,0.007731361360453395,0.007736609484467736,0.007721448237315206,0.00770832792727936,0.007668966997171843,0.0076491407508954634,0.0076680923098361225,0.007592286074073481,0.007699581053922135,0.007685877618995817,0.007708619489724616,0.007667217622500396,0.007684419806769614,0.007698123241695926,0.007677713870529068,0.007691125743010155,0.007673631996295697,0.007700455741257855,0.0076441841893263715,0.007694916054798289,0.007586163262723418,0.007705120740381722,0.0076928751176816084,0.0077453563578249625,0.007707161677498399,0.007750604481839295,0.007652056375347866,0.007779177601472905,0.007700164178812625,0.007782093225925323,0.007713867613738958,0.007680046370090996,0.007637478253085823,0.0075946185736354005,0.007596367948306851,0.007643309501990637,0.007715033863519908,0.007665176685383709,0.007621733881042811,0.007763433229429892,0.007694332929907796,0.007722031362205681,0.007727571048665255,0.007727571048665269,0.007674798246076652,0.007689667930783943,0.007735443234686766,0.00767275730895998,0.007694916054798281,0.007702205115929304,0.0076470998137787745,0.007715616988410388,0.007625815755276189,0.007754977918517921,0.007680046370090994,0.007661386373595583,0.007747105732496409,0.007690251055674436,0.0077348601097962915,0.007655555124690763,0.007711535114177016,0.007636020440859615,0.0076546804373550425,0.0076954991796887645,0.007738358859139177,0.007629897629509555,0.007701038866148337,0.0076083220085617275,0.00766284418582178,0.007701913553484058,0.007665468247828946,0.0077094941770603255,0.007772763227677608,0.0076613863735955755,0.007717074800636593,0.00774885510716786,0.007689667930783948,0.007584413888051983,0.007599575135204502,0.0076552635622455165,0.0077170748006366,0.007727862611110515,0.0077395251089201495,0.007681504182317198,0.007727279486220028,0.007735443234686772,0.007732819172679597,0.007746522607605927,0.007684128244324369,0.007556423893308846,0.007615027944802268,0.007631938566626247,0.007607738883671248,0.007677713870529074,0.007650307000676419,0.007698706366586417,0.007618235131699921,0.007775678852130028,0.007636895128195344,0.0077086194897246,0.0076736319962957015,0.007643017939545399,0.007718532612862798,0.007723197611986643,0.0076520563753478665,0.007644475751771611,0.007671299496733769,0.007695790742134009
