HitRate: 1280843/3000000 0.426948
CumReqs: 187440,187838,186241,187830,188536,188302,188462,188051,188824,188433,187656,187390,186187,186375,185191,187244
CumProbs: 0.03101451706527353,0.03163492722828432,0.03158100746089819,0.031347022297487995,0.031200906384633003,0.03122753343025577,0.03137731056188392,0.03159232395528787,0.031856264545023674,0.03192582770171319,0.03178104314113932,0.0314651798124391,0.0310677711565191,0.03148148887788305,0.030768549731333108,0.031043806815458604
