HitRate: 547817/3000000 0.182606
CumReqs: 374973,374874,374645,374603,374931,375728,375014,375232
CumProbs: 0.05722222222222396,0.05722222222222395,0.056666666666668405,0.05691666666666842,0.05658333333333505,0.05708333333333506,0.05622222222222393,0.05638888888889062
