HitRate: 2770699/3000000 0.923566
CumReqs: 23488,23490,23504,23464,23394,23722,23369,23443,23549,23426,23431,23539,23435,23521,23587,23452,23463,23512,23535,23442,23392,23417,23373,23733,23736,23364,23383,23371,23299,23382,23350,23819,23457,23410,23452,23265,23285,23731,23159,23427,23536,23423,23477,23544,23593,23256,23288,23260,23316,23551,23559,23451,23418,23599,23632,23488,23542,23434,23358,23436,23339,23511,23513,23503,23366,23693,23643,23204,23253,23568,23512,23363,23570,23215,23695,23381,23432,23337,23428,23556,23447,23417,23277,23397,23379,23321,23512,23596,23453,23250,23530,23566,23327,23315,23327,23342,23207,23254,23403,23368,23283,23460,23253,23507,23332,23459,23339,23316,23566,23414,23359,23324,23412,23295,23443,23461,23337,23495,23376,23237,23057,23740,23555,23637,23662,23341,23518,23320
CumProbs: 0.006843750000000289,0.006842013888889176,0.0068385416666669535,0.006847222222222509,0.006861111111111401,0.006842013888889179,0.006847222222222509,0.00683333333333362,0.0068576388888891785,0.00684895833333362,0.006857638888889177,0.006835069444444732,0.006850694444444734,0.006854166666666956,0.006848958333333622,0.0068298611111113966,0.006850694444444733,0.006843750000000285,0.006848958333333621,0.0068472222222225095,0.00684895833333362,0.006822916666666955,0.0068402777777780656,0.006843750000000288,0.006842013888889178,0.006831597222222508,0.006848958333333621,0.006831597222222509,0.006855902777778066,0.006843750000000287,0.0068576388888891785,0.0068402777777780656,0.006829861111111396,0.006855902777778067,0.006835069444444733,0.006831597222222509,0.006842013888889178,0.006838541666666954,0.0068402777777780656,0.0068645833333336225,0.006833333333333621,0.006843750000000288,0.006845486111111399,0.006875000000000289,0.006840277777778066,0.006866319444444732,0.006836805555555842,0.0068559027777780664,0.006833333333333618,0.0068402777777780656,0.006850694444444733,0.006850694444444731,0.006838541666666956,0.0068454861111114,0.0068559027777780664,0.006848958333333622,0.006843750000000286,0.006829861111111403,0.006842013888889174,0.006836805555555842,0.006866319444444735,0.006842013888889177,0.006869791666666955,0.006852430555555843,0.006840277777778067,0.006862847222222511,0.006861111111111399,0.006859375000000289,0.006848958333333621,0.006833333333333619,0.006847222222222508,0.006850694444444734,0.006842013888889174,0.006828125000000287,0.006859375000000291,0.006859375000000291,0.006835069444444733,0.006866319444444736,0.006835069444444733,0.0068506944444447345,0.0068402777777780656,0.006847222222222508,0.006828125000000286,0.0068402777777780656,0.006840277777778065,0.0068576388888891785,0.006850694444444732,0.006866319444444732,0.0068402777777780656,0.006840277777778065,0.006836805555555841,0.006838541666666954,0.006847222222222511,0.006852430555555842,0.006838541666666951,0.006855902777778064,0.0068402777777780656,0.006822916666666952,0.006854166666666954,0.00684895833333362,0.006836805555555844,0.006855902777778066,0.0068454861111113974,0.006869791666666954,0.006828125000000285,0.006847222222222511,0.006868055555555844,0.006835069444444731,0.006840277777778065,0.006848958333333622,0.006862847222222511,0.006866319444444732,0.006845486111111398,0.006848958333333622,0.006852430555555843,0.00684722222222251,0.006857638888889176,0.006847222222222511,0.006836805555555844,0.006835069444444731,0.006854166666666954,0.006843750000000285,0.006842013888889178,0.006843750000000288,0.006850694444444733,0.006862847222222512,0.006854166666666956,0.00683159722222251
