HitRate: 395795/3000000 0.131932
CumReqs: 375874,375900,374918,374744,374686,374217,374949,374712
CumProbs: 0.017748988157515556,0.016442635440894905,0.017453871045265974,0.015682821583152456,0.015811133371087055,0.01718788417676371,0.018036475920212264,0.01667533060225739
