HitRate: 2967485/3000000 0.989162
CumReqs: 3000000
CumProbs: 0.9839468034668455
