HitRate: 2469544/3000000 0.823181
CumReqs: 3000000
CumProbs: 0.5308311863807406
