HitRate: 364255/3000000 0.121418
CumReqs: 3000000
CumProbs: 0.08131944444444417
