HitRate: 1745658/3000000 0.581886
CumReqs: 3000000
CumProbs: 0.41872395833326104
