HitRate: 332762/30000000 0.011092
CumReqs: 30000000
CumProbs: 0.008902430555555377
