HitRate: 2705729/3000000 0.901910
CumReqs: 3000000
CumProbs: 0.9175176712528139
