HitRate: 2225434/3000000 0.741811
CumReqs: 190274,189164,187564,183580,185048,189429,193346,190615,186468,185269,187569,188032,187426,184249,185152,186815
CumProbs: 0.044009099485434154,0.04478817391643212,0.0456750652340877,0.04338980188647076,0.041027248120105414,0.044269548711636894,0.04410327688643016,0.04427929120139518,0.043150461388077425,0.042802979253368026,0.0443517103752644,0.04240516092157457,0.04369279331795102,0.04333102219826294,0.04358140418504889,0.04286078469260004
