HitRate: 2782654/3000000 0.927551
CumReqs: 12529,21410,15367,22233,14846,51072,28069,38126,26224,29663,17806,12280,17416,10734,16321,15785,11350,16405,22942,17135,14540,19625,14946,15987,19791,20318,14935,19904,12768,17939,12900,15435,12252,15209,13757,30698,20061,22866,20913,11649,19111,16593,11294,19959,19194,18654,13852,21050,32429,13737,18030,16217,15783,16824,21302,14296,10441,11725,21551,16146,17154,14195,35396,15966,14588,55861,19393,15265,28896,15264,16106,111671,15027,47082,16861,13572,12910,14167,20148,12918,15810,56543,37958,19364,46736,14805,16924,13000,21041,12948,18224,12316,128220,13503,233989,14104,15151,14879,20134,19790,81210,15915,29705,15510,24239,12678,14275,21591,11822,22378,16554,22290,16543,23242,17854,12234,14313,15594,15326,41001,14010,34436,14947,10984,19111,14365,14792,62808
CumProbs: 0.0037843112467488334,0.006775931401002599,0.0046853272283101915,0.007054134425671708,0.004537511188240146,0.01656157387459609,0.008978611019001862,0.012354773498393132,0.008336824659951394,0.00954560687419598,0.0055380272206546404,0.003725405451676154,0.0054228630819731834,0.0031727499585783928,0.0050045657506704545,0.004823215325390495,0.003384987317604355,0.005084651157454666,0.007271446066670268,0.005297329758391322,0.004462500063428474,0.00615907520990423,0.00458406220981446,0.004964412736800684,0.006157530863216903,0.006345941159067411,0.004597078846178843,0.006241146205286433,0.0038418933160895593,0.005560530558098152,0.003923302448605752,0.004715552299190209,0.003722537379256881,0.004705403735245096,0.004219817012567192,0.009814543818741313,0.00628438791253077,0.007239014786236981,0.006628997844753827,0.0034825017798595344,0.005941984189861013,0.005149293097365926,0.0033675582621334145,0.0062391606166884135,0.0059711061559643815,0.005784460827756509,0.004219817012567177,0.006680843769255955,0.010412426607681408,0.004232833648931571,0.005615685796930275,0.005029275297667246,0.004868222000277497,0.005200477159002116,0.006728939137517604,0.004373148576520448,0.003120683413120881,0.0035153743022034675,0.0067514424749611,0.004972575712147828,0.005318288749147507,0.00439785812351724,0.011380731980618007,0.0048871954024357145,0.004412198485613591,0.018220422837710804,0.006049867837016637,0.004727024588867276,0.00932300033026951,0.004677826115829035,0.005051337393200094,0.03685053878946652,0.00460810989394524,0.015376618723526966,0.005267987171332664,0.004162896806092451,0.0038685884516843094,0.004365206222128624,0.00635278040868259,0.0039014609740282563,0.004849027977163889,0.018453619187492904,0.012199015103931149,0.006076342351656045,0.015176074275133391,0.00451147791551138,0.005232908439435416,0.003953306898530429,0.0066250266675579135,0.003912933263705336,0.005754015135921205,0.003710182605758476,0.04221626104400928,0.0041306861466145,0.07760364165773723,0.004342261642774468,0.004648704149725674,0.004552734034157806,0.006359399037342442,0.00623673378617982,0.026570043513071115,0.0049196266828690225,0.009537664519804282,0.00478394479534203,0.007706731211533312,0.0038377015179383326,0.00437447230225242,0.006792036730741518,0.0035610428399564355,0.007077299625981204,0.005112890639736728,0.0070461920712799365,0.0050835480526780314,0.007342265393330697,0.005571561605864576,0.00368966485691294,0.004471986764507598,0.004833363889335601,0.004748866063444792,0.013314474654071819,0.004236363584216813,0.011177540080760615,0.004552292792247163,0.003248422946256055,0.005949264681386886,0.0043687361574138855,0.004557808316130357,0.02055084198884494
