HitRate: 1536978/3000000 0.512326
CumReqs: 23505,23335,22717,22562,22002,22855,22982,23806,22834,23678,23590,23379,22502,22328,22844,23356,23633,23554,23105,23558,23350,23257,22031,22824,22544,23088,22273,23585,22860,23509,22776,23808,24612,23772,23984,23378,23723,23720,24896,24704,24062,23522,22597,22322,22840,23703,25201,24947,24103,22851,22475,22849,23783,23651,25399,24771,25275,24076,24442,23719,23424,23631,22435,23969,23351,24192,23319,23559,23545,22667,22885,21897,22868,23610,25114,25307,24340,23503,23739,23921,23344,23085,23051,23179,22082,22680,24022,24880,22948,21589,21157,22207,22207,22102,21825,23023,23089,23117,22166,22629,23792,23928,24020,23970,24163,25142,24883,25340,24104,23301,24277,23567,24437,23473,24147,23762,24551,24814,24091,23441,23716,24064,23622,22388,22386,21850,22882,22824
CumProbs: 0.002218756057414731,0.002025242928667237,0.0019759732543462674,0.0016314096766936977,0.0016391890989549025,0.0016829483491741857,0.0018706269112257745,0.0020683538936980862,0.0017529631495250366,0.002183748657239305,0.0022563565983438915,0.0021075751475983333,0.0021811555164855724,0.0016540996582888807,0.0018388609369925173,0.0019886148155207287,0.0019464762782725306,0.0019393451411997584,0.0020790505993072443,0.0017241144586397316,0.0019406417115766259,0.0020534433343641066,0.00204501562691447,0.00212021670877279,0.002225887194487503,0.00198634581736121,0.001831081514731312,0.0015393531799360945,0.0016508582323467118,0.001969490402461931,0.0020174635064060323,0.0023253989709120892,0.0026310654372586314,0.002409027760220052,0.0020761333159592913,0.0021331824125414675,0.0022780741521564248,0.0021639759589920735,0.002354247661797395,0.0022738602984316036,0.002195093648036895,0.0020946094438296556,0.002000283948912536,0.002178886518326048,0.0025056222532966886,0.002301412418940041,0.0025497056461101877,0.0017967223997443188,0.0016275199655630952,0.0017354594494373246,0.0018809994742407148,0.0015831124301553773,0.002123133992120743,0.0020910438752932687,0.0022395011834446116,0.0020988232975544755,0.0023626753692470347,0.001976621539534703,0.0020712711770460384,0.0018997997447052959,0.002362999511841253,0.0021017405809024277,0.0020307533527689245,0.0019600902672296406,0.0017717634199896184,0.0019753249691578352,0.0017925085460195,0.0023283162542600457,0.002066409038132785,0.0019108205929086715,0.001808391533136129,0.0017581494310325069,0.0017782462718739555,0.0017351353068431068,0.0023850412082480027,0.002498166973629701,0.002280343150315943,0.002037560347247482,0.001930269148561684,0.001746156155046482,0.0019072550243722849,0.0018949376057920434,0.0022197284851973808,0.0023059504152590764,0.0020015805192894046,0.002272563728054739,0.0017377284475968426,0.0022129214907188263,0.002133182412541469,0.0019156827318219242,0.0018171433831799836,0.0017432388716985296,0.0017105004696826214,0.001828812516571793,0.0016790586380435808,0.0016667412194633392,0.0015396773225303118,0.0017743565607433525,0.0019532832727510853,0.0017529631495250368,0.001953607415345303,0.0021724036664417133,0.0023532752340147457,0.002487146125426329,0.0021649483867747237,0.002433338454786319,0.0018745166223563788,0.0020848851660031464,0.0018589577778339663,0.0018933168928209577,0.002121837421743876,0.0023111366967665456,0.002379206641552096,0.0017114728974652724,0.0022190802000089456,0.0024660768568022305,0.0026706108337530956,0.002226859622270153,0.0018148743850204664,0.0020459880546971213,0.0020220015027250706,0.0021312375569761685,0.0018576612074570973,0.0017211971752917805,0.0016161749747655033,0.0017600942865978078,0.0022317217611834065,0.001974352541375183
