HitRate: 1255078/3000000 0.418359
CumReqs: 374772,374230,375737,374905,375325,375093,374722,375216
CumProbs: 0.0627228096450302,0.062221144422955094,0.0626242087780088,0.06187737383252905,0.06217251021151881,0.06273213675407281,0.062361717280668014,0.06258256989835446
