HitRate: 1680754/3000000 0.560251
CumReqs: 3000000
CumProbs: 0.4414485677080157
