HitRate: 29401412/30000000 0.980047
CumReqs: 234390,233968,233853,234782,234067,233968,234537,234726,234229,234700,234319,235079,234130,234999,234118,234862,234244,234337,234080,234524,233486,234117,235024,234205,234476,234113,234116,234332,233979,234256,234381,235245,233992,233876,234612,234001,233764,234345,233943,234616,234368,234168,234879,234642,234137,234598,234563,234631,234291,234717,234739,234230,234008,234232,233965,234922,234712,233162,234389,233946,233689,233765,234883,234226,233518,233786,233014,233859,234481,234547,234085,234816,233726,234396,234559,235189,234731,234442,233763,233723,233685,234118,234514,234882,234219,235216,233370,234750,234451,234099,235383,235293,234382,234938,234911,234508,234513,234150,234908,234536,233737,234431,233691,234152,234100,234953,235438,234636,233985,234072,234606,234415,233978,234980,234462,234312,234651,234733,234420,234523,234233,234813,234708,235575,234564,234664,233577,235477
CumProbs: 0.00765902636474616,0.00765585760528593,0.00765420295285144,0.007657624312483206,0.0076533107691680565,0.007662820332322499,0.007656942409804153,0.007658747191922848,0.00765324839060894,0.007657235117773144,0.007658148208286981,0.007659157497320534,0.007658239621382961,0.0076517242986464265,0.00765719178881398,0.00765946150478708,0.007660863619170219,0.007655935823405187,0.007658164196094631,0.0076540910669525945,0.007656892871811179,0.00765735967428933,0.007652223115395337,0.007654507531742224,0.007656974599991657,0.007659449572965841,0.007655889378942792,0.007652291525308308,0.007657263682475254,0.0076560264978407,0.007655997438347346,0.007654061242485851,0.007652641971269337,0.0076540109024915955,0.00765444187871734,0.00765644944550829,0.0076595348753623555,0.007658719775901503,0.007654333227272206,0.007651333822063473,0.007651629288548105,0.007654775372109164,0.007655864475262178,0.007656619586434428,0.007652425960289009,0.007653332939832179,0.007656271593813445,0.0076591942197039705,0.007654229636994034,0.0076589183369442666,0.007660901056613835,0.007656704261796846,0.007656943796793134,0.007654783077723843,0.007654744772767805,0.007658185788145912,0.007653252646383635,0.0076570891589571085,0.007657260916906702,0.007654725913733,0.007658463677333125,0.007658395033316655,0.007655649856017949,0.0076558444880273,0.007660156406452307,0.007654135819793001,0.0076536013068642375,0.007658059999398732,0.007657322533747619,0.007658473006888524,0.007654553292882728,0.007654606869094073,0.007655502638251088,0.007656916753764055,0.007657341485691352,0.007660049362265066,0.007660236035431981,0.007654468122864555,0.007657715171380358,0.007654665700699632,0.007658306909063633,0.007651109981635029,0.007655993706253895,0.007658782091390973,0.007652645425313913,0.007659200800509421,0.007658351698796442,0.007655506840857357,0.0076542244197129825,0.0076555394413364685,0.007658810355664743,0.0076544178942254525,0.007655594751080536,0.0076580258984054106,0.007654671201997324,0.007659742765689324,0.0076585222089171475,0.007657215343618702,0.007657348342511147,0.007658515462910022,0.007654797956591281,0.007653839210731115,0.007650468026977057,0.00765258387669669,0.007654594208378084,0.0076557137584203514,0.0076591865211423,0.007655811368478614,0.007652440020201,0.007654488937871067,0.0076528495931774704,0.007657637791069704,0.007655379131267447,0.007657193716438353,0.007657780545678266,0.007658938451539051,0.007655283005040455,0.007653722709764193,0.007656063122839186,0.007661124252647086,0.007659496936752655,0.0076593786330798885,0.007657351218756677,0.0076558094495347805,0.007657668913956668,0.0076576131003337254,0.007652164476118312,0.007657630457633538
