HitRate: 2814132/3000000 0.938044
CumReqs: 3000000
CumProbs: 0.9770407219270804
