HitRate: 363524/3000000 0.121175
CumReqs: 94010,93576,94456,93545,93516,93647,93892,93567,93859,93808,93662,93573,93288,93868,93250,93352,93938,93487,93665,93554,93608,94214,93916,93578,94048,93734,93600,94105,93657,93772,94077,94178
CumProbs: 0.0025694444444444445,0.0026041666666666665,0.0022569444444444442,0.0022569444444444442,0.00232638888888889,0.0024652777777777776,0.002847222222222222,0.0026388888888888894,0.0028125,0.0022222222222222222,0.0022916666666666667,0.002395833333333334,0.0024305555555555565,0.0023958333333333336,0.0022916666666666667,0.0026041666666666665,0.002361111111111111,0.0025,0.0025000000000000005,0.0023611111111111116,0.0022916666666666667,0.002604166666666667,0.002604166666666667,0.0022916666666666667,0.002013888888888889,0.0022916666666666667,0.0024999999999999996,0.002638888888888889,0.002326388888888889,0.0022916666666666684,0.002326388888888889,0.0022569444444444447
