HitRate: 2466513/3000000 0.822171
CumReqs: 3000000
CumProbs: 0.5271031802916419
