HitRate: 35194/3000000 0.011731
CumReqs: 187404,187124,187439,187119,187825,188087,187400,187833,187591,187100,187708,187717,187562,187799,187147,187145
CumProbs: 0.0005104166666666666,0.0005208333333333332,0.0004687499999999998,0.0005104166666666665,0.0005104166666666666,0.0005833333333333333,0.0005208333333333333,0.00042708333333333324,0.0005208333333333333,0.0005520833333333335,0.0005104166666666666,0.0005729166666666666,0.0005208333333333333,0.0005312499999999999,0.0005208333333333332,0.0005104166666666667
