HitRate: 1435244/3000000 0.478415
CumReqs: 3000000
CumProbs: 0.030145503077139698
