HitRate: 1003292/3000000 0.334431
CumReqs: 46987,46823,47467,46751,47025,46797,46315,46330,46820,46886,46977,47383,47377,47559,46122,46452,46144,46353,46327,46854,47296,47100,47540,47235,47042,46909,47050,46752,46335,46037,46736,47337,47241,47366,47441,46671,47053,47006,46987,47131,47333,47215,46967,47593,47202,46584,46890,47001,47226,47091,47498,46325,46638,46467,46201,46034,46407,46368,46561,47116,46811,47069,46697,46692
CumProbs: 0.0018731010301396582,0.0020375411100199696,0.0019185774450163767,0.0018704647162337623,0.0019409861132165009,0.001933736249975284,0.0018665102453749168,0.001998325940669755,0.0018816690503338223,0.0019864625280932202,0.0018770555009985032,0.001926156847495832,0.0019383497993106028,0.00199206469514325,0.0018559649897513287,0.0019159411311104808,0.0018510219011777735,0.001945929201790057,0.0019208842196840367,0.001928793161401727,0.00192846362216349,0.0020563248465994845,0.0021143237525292125,0.002034245717637598,0.0020316094037317015,0.0020101893532462898,0.0018849644427161938,0.0020470977479288455,0.0018441015771747946,0.0019334067107370468,0.001873760108616133,0.0018829872072867722,0.0020032690292433103,0.0019205546804458,0.0018803508933808743,0.0019851443711402707,0.001972292340849023,0.0019535086042695095,0.0019858034496167453,0.0019548267612224573,0.0019815194395196634,0.0019805308218049534,0.0020154619810580855,0.001944281505598871,0.0018994641691986263,0.0019208842196840373,0.001925827308257594,0.0018529991366071947,0.001971962801610788,0.0019278045436870164,0.001976576350946108,0.0018856235211926673,0.001894850619863306,0.0019689969484666535,0.0019765763509461062,0.001892543845195647,0.001939997495501788,0.001838169870886526,0.0019360430246429432,0.0019208842196840378,0.00201249612791395,0.001866839784613154,0.0018734305693778946,0.001915941131110483
