HitRate: 598513/3000000 0.199504
CumReqs: 187805,187287,187191,187173,187516,188290,187464,187421,187404,187167,187742,187432,186886,187741,187667,187814
CumProbs: 0.02506944444444446,0.023888888888888918,0.02437500000000003,0.02597222222222224,0.025833333333333357,0.024583333333333367,0.025555555555555574,0.025694444444444468,0.026041666666666685,0.02625000000000003,0.025486111111111143,0.02451388888888891,0.026736111111111124,0.02548611111111114,0.024375000000000025,0.0240277777777778
