HitRate: 1883199/3000000 0.627733
CumReqs: 3000000
CumProbs: 0.628527952549111
