HitRate: 39749/3000000 0.013250
CumReqs: 3000000
CumProbs: 0.01328982891228919
