HitRate: 2280615/3000000 0.760205
CumReqs: 312263,340182,415380,318920,358500,536465,329156,389134
CumProbs: 0.07507391269445826,0.08378711194007206,0.10901996495870295,0.07715390057852858,0.09037612355907894,0.14949652918271805,0.08041753156787787,0.10044943988201163
