HitRate: 1699421/3000000 0.566474
CumReqs: 3000000
CumProbs: 0.10184945660913297
