HitRate: 2178806/3000000 0.726269
CumReqs: 172240,202983,114933,181133,249642,171016,242277,146996,207243,262012,154220,152675,162067,220605,208044,151914
CumProbs: 0.017881861191310487,0.03119285587792275,0.019729044419284733,0.026421352774853916,0.03927436540799538,0.03631522430508436,0.024966820344352082,0.02344065567377086,0.034977757526193844,0.031283059439504254,0.023101397425616878,0.02979337415044496,0.022637777649547223,0.028860828506447906,0.029724726587035486,0.01647740500271605
