HitRate: 1929446/3000000 0.643149
CumReqs: 3000000
CumProbs: 0.3589954538494782
