HitRate: 2489628/3000000 0.829876
CumReqs: 45952,45611,46170,46743,48570,47643,47085,45838,45002,47348,48561,50300,46515,47106,47816,49283,47149,46287,45034,46243,47411,48665,48844,45893,45895,44947,48183,49021,49203,47044,46080,46828,45240,46365,43717,45282,46044,46241,45949,45268,45212,46976,48076,47166,46987,45805,47289,46817,48542,47539,48374,48667,47429,47656,45724,47333,46121,47656,47184,47519,46272,45964,45905,45411
CumProbs: 0.023654267251675118,0.02349160918232395,0.024358505742565654,0.025807975711129874,0.025916239240326523,0.025108467180252815,0.02465386546784955,0.024354564109221127,0.024302534549073336,0.025973524311600413,0.026131715196494487,0.026726639055963234,0.024855677095089904,0.02477395389707984,0.025277694638511632,0.024534039814175658,0.024144080888622885,0.02425050498892543,0.02301703652764175,0.025277431862955294,0.02556517109710636,0.02698941461226557,0.026364271563822067,0.024894830652978962,0.02441605358939593,0.024406330893812778,0.02481100525051839,0.024537718671963967,0.02521804458723093,0.024507762258545517,0.02507194137792683,0.024251818866706937,0.024834917826142007,0.024544550836427884,0.02405027001502296,0.02362457361381305,0.024680405799036086,0.02463836171002785,0.024052109443917117,0.023687902522881884,0.024908232206350335,0.024857516523983995,0.025574893792689627,0.02532998697421576,0.024885633508508354,0.025226453405032576,0.024767647283728624,0.02507378080682092,0.02499757589549312,0.0252908334163267,0.025817698406713045,0.026017407829502938,0.025071415826814165,0.024528258751937034,0.025127387020306598,0.024141978684172526,0.023566500215870118,0.02346112721779291,0.024385834400421164,0.024968933359856216,0.02434825749586991,0.024414214160501824,0.023417769251003,0.0231838990058938
