HitRate: 2770684/3000000 0.923561
CumReqs: 3000000
CumProbs: 0.876435329871869
