HitRate: 2957276/3000000 0.985759
CumReqs: 82978,101054,67568,128872,120301,87583,88023,92273,113918,117293,69672,87986,76730,99660,151398,73412,168995,53144,60093,65545,115308,72866,68620,90759,116752,79699,75324,117882,74320,83737,72926,125309
CumProbs: 0.022699240549165826,0.030826172333445936,0.02181091398085438,0.03814301898722502,0.03997660390176695,0.028108395560720773,0.027739770250060917,0.034453267279748775,0.03737809761350891,0.037153232993460135,0.022556752077055712,0.028366655916420336,0.023473703561639293,0.0340153060607853,0.04858602455254481,0.023724648660958234,0.05430560087833965,0.01745897254361642,0.019543502557477256,0.021366909724011292,0.03704891107637954,0.023856959385060474,0.023259652798848878,0.026506990522608277,0.03711284005605391,0.025768149628162346,0.021609903457699055,0.03497869352065479,0.024081505950483986,0.02690487685879074,0.023367791371432443,0.04172876683224591
