HitRate: 1883011/3000000 0.627670
CumReqs: 3000000
CumProbs: 0.6254492213035027
