HitRate: 351234/30000000 0.011708
CumReqs: 30000000
CumProbs: 0.00832643229167834
