HitRate: 1392917/3000000 0.464306
CumReqs: 94441,92614,94647,92645,93672,94215,93428,93391,93340,94609,94462,92655,93667,94949,93364,94456,92649,94403,93517,95363,92941,91692,93924,92673,93958,94474,92529,94106,94990,93855,95282,93089
CumProbs: 0.0006722026480609989,0.0006387415995375092,0.0006301278642740363,0.0006589507476556567,0.0006364225169665737,0.0006725339455711329,0.0005850714028958716,0.0006403980870881774,0.0006649141028380605,0.0006211828315004298,0.0006695522679799299,0.0006288026742335021,0.0006437110621895127,0.0006513309049225844,0.0007238850596418353,0.0006079309310950874,0.0006231706165612314,0.000679491193283937,0.000658619450145523,0.0006582881526353895,0.0006685583754495295,0.0006258209966423004,0.0006659079953684612,0.0006549751775340538,0.0006635889127975259,0.0006470240372908487,0.000696718663810883,0.0006228393190510981,0.0005870591879566729,0.00064437365720978,0.0006420545746388448,0.0005993171958316147
