HitRate: 2756046/3000000 0.918682
CumReqs: 46196,45781,45919,48042,50881,43971,46835,44026,43499,54301,48667,47446,43913,50362,50948,47758,42968,47924,43899,46130,53383,47681,46504,44147,45702,44954,53342,46071,47344,48198,42235,50107,43580,45312,43467,47035,47105,44943,44840,44966,47893,48577,47364,46127,46049,46187,49444,46161,49075,47119,49943,49436,44286,48817,43432,48329,45445,49546,46743,46089,46818,46167,43974,46597
CumProbs: 0.010792217056712001,0.01042698626802785,0.010154012885103442,0.011428521811143115,0.010631037941943517,0.010188745084918868,0.01044760851166826,0.00989840560208677,0.01016079651787989,0.012421102958993503,0.010728993599235476,0.010935216035639593,0.010130134497730339,0.011047824339728663,0.010708642700906094,0.01082559252997214,0.009940735470611807,0.010693176018175769,0.009549184186755016,0.011006851197758918,0.012200227875792244,0.011384835216062783,0.010434855282048548,0.009809947030681826,0.01050730448010102,0.010221849212867945,0.01148224818273261,0.009720945768654801,0.0109132370654439,0.011019333082067592,0.009719589042099512,0.011406000150325332,0.009939107398745478,0.010381128910459064,0.010468773445930772,0.010078578888629291,0.01082315042217262,0.010101643240069229,0.009939107398745454,0.010212623472291989,0.011090968244186922,0.01066549879644787,0.01065708709180509,0.010468773445930765,0.010524670580008734,0.01036674760897294,0.010840787867391375,0.011332465571028596,0.010721395930525847,0.010648132696540165,0.011399759208170974,0.010694261399420042,0.010203126386404955,0.010895056929602992,0.009650667333090755,0.010075865435518737,0.010303795496807482,0.010538780536183756,0.011063291022458996,0.010475014388085117,0.01058056771408669,0.010255767376750206,0.010175177819365964,0.009656365584622958
