HitRate: 2217000/3000000 0.739000
CumReqs: 96462,104732,84294,98992,107509,113799,99217,92645,98178,107960,93955,89440,76527,89798,108465,107088,129042,98480,95030,59627,80877,85132,87271,78510,93403,95378,88312,88147,86855,92112,77353,95410
CumProbs: 0.053795515769406096,0.04852882423639601,0.050828795225662055,0.03914725019685854,0.0349272659455427,0.03490505201210162,0.05201608023540137,0.05535612748145385,0.05024957519996687,0.05408595466036717,0.037631066351693006,0.0357697376600771,0.036184839819304565,0.038807410170334435,0.05026847362095403,0.05036163952090842,0.06403945459820135,0.03440341497782748,0.03935347507149072,0.03016187989556136,0.036838658875212406,0.04326379045961293,0.042288035144432023,0.030142318372083372,0.04588934477185129,0.048607401881553325,0.04282813212317129,0.03952322930913012,0.03509436777321897,0.040674375233121965,0.029914542666500895,0.043780347299929544
