HitRate: 2962287/3000000 0.987429
CumReqs: 3000000
CumProbs: 0.9458596303601046
