HitRate: 2770826/3000000 0.923609
CumReqs: 3000000
CumProbs: 0.877916666666727
