HitRate: 350230/30000000 0.011674
CumReqs: 936869,937136,937892,938048,937297,937138,936791,939569,935772,937262,937895,937633,938351,937254,937727,935785,937702,938057,936872,936434,937200,936666,938905,938959,938461,936760,938492,937082,937593,937345,938398,936655
CumProbs: 0.00026510416666666555,0.00025312499999999896,0.0002708333333333322,0.0002739583333333322,0.00025729166666666565,0.00026197916666666557,0.00024999999999999903,0.0002604166666666656,0.0002598958333333323,0.00025885416666666564,0.0002624999999999989,0.000249999999999999,0.00026197916666666557,0.0002572916666666656,0.00025364583333333223,0.0002583333333333323,0.00025989583333333225,0.0002578124999999989,0.0002609374999999989,0.00026302083333333223,0.00027239583333333223,0.00026510416666666555,0.0002697916666666656,0.00026249999999999895,0.00025885416666666564,0.00025989583333333225,0.0002635416666666655,0.0002640624999999989,0.0002567708333333322,0.00024843749999999904,0.00025989583333333225,0.00026510416666666555
