HitRate: 504828/3000000 0.168276
CumReqs: 187582,187268,187660,187662,187119,186909,187527,187856,186907,187755,187962,187602,187116,187779,187403,187893
CumProbs: 0.03540712483773901,0.035595103970218124,0.03563643488696874,0.03560398246344619,0.03550754365769539,0.03557428543437386,0.035610717872101724,0.03544723113473391,0.03551672830586222,0.03540038942908347,0.03558745009674629,0.03551519753116764,0.03552530064415104,0.03549070513605644,0.035640414901174325,0.035666131916041344
