HitRate: 3480056/30000000 0.116002
CumReqs: 30000000
CumProbs: 0.0839979166666584
