HitRate: 30206/3000000 0.010069
CumReqs: 3000000
CumProbs: 0.009999999999999938
