HitRate: 1291739/3000000 0.430580
CumReqs: 372975,377553,377546,376385,373653,372674,373696,375518
CumProbs: 0.0016851067456201195,0.0017047474603557164,0.0015889005327627095,0.0015875689588823296,0.001615199116900202,0.0015369691514279123,0.0015855715980617612,0.0014610694402462882
