HitRate: 1511104/3000000 0.503701
CumReqs: 186972,185858,188314,186895,188829,186780,188573,187181,187239,188042,187193,188189,187001,187590,187045,188299
CumProbs: 0.03155150073708503,0.030822072866881253,0.03156248709934733,0.031219579428735787,0.03203356899635253,0.031240886313123307,0.03141267306849765,0.0314179997895945,0.031217581908324486,0.03194767561866537,0.031778885143908024,0.031680340803615786,0.031768897541851374,0.03161408970997336,0.031577468502432315,0.03164305375593763
