HitRate: 506272/3000000 0.168757
CumReqs: 46692,46955,46721,46984,47107,46703,47179,46669,46809,46763,46819,46741,46742,46999,46767,47202,47403,46841,47127,46890,47138,46904,46771,46853,46503,46706,46870,46534,47062,46767,46722,47110,46910,46658,47076,47111,46938,46393,47003,47260,46826,47329,47037,47134,46882,46681,47001,46324,46310,47089,46809,46827,47061,46848,47123,46831,46767,47046,46754,46676,47053,46572,46947,46671
CumProbs: 0.008287535708028133,0.008298446271571586,0.008335991446118152,0.008314170319031254,0.008276946043412456,0.008376424711014433,0.008341125828962116,0.008295558181221858,0.008340804930034385,0.008259296602386314,0.008213728954646046,0.008294595484438618,0.008345939312878331,0.008226244012828237,0.008368081338892977,0.008395678646679339,0.008327648073996694,0.008314491217959002,0.008375462014231196,0.008403701119873049,0.008408835502717014,0.008223355922478486,0.008281438628400943,0.008258013006675308,0.0082387590710104,0.008257692107747561,0.008311924026537016,0.008231378395672197,0.008330215265418682,0.008289140202666882,0.00826411008630252,0.00826058019809729,0.00833246155791292,0.008305506047982051,0.00828689391017266,0.008394715949896096,0.00837610381208668,0.008327006276141198,0.00827822963912344,0.008257371208819825,0.00830261795763232,0.008446701576191318,0.008291386495161143,0.008404663816656286,0.008295879080149619,0.008299729867282587,0.008296841776932854,0.008258333905603066,0.008239079969938154,0.008308394138331796,0.008308073239404043,0.008235870980660673,0.008291065596233394,0.00834850650430034,0.008292990989799869,0.008357170775349546,0.008217258842851264,0.008286893910172644,0.008222393225695249,0.008330215265418661,0.008335028749334917,0.008296520878005108,0.008330536164346427,0.008327327175068932
