HitRate: 2498343/3000000 0.832781
CumReqs: 41439,33326,41105,43373,50290,41604,40144,38963,44346,47978,45238,59061,58297,61685,48352,44412,37558,31591,43819,55966,59159,49827,39729,53732,53631,54227,49201,53568,54305,52743,46736,48053,43544,55715,62854,58225,44854,36859,37726,41233,43049,42070,42049,36059,46879,46953,51281,41657,39272,36603,46087,48271,48936,39542,42283,55644,61190,56539,41021,39631,48824,48874,51546,41272
CumProbs: 0.03973909270940111,0.030751997109541098,0.03031569179983821,0.030318428972420187,0.033380777658100415,0.030826448203795417,0.03264694168864063,0.034327291937244084,0.03647501440436768,0.036252892849271315,0.033671465386396746,0.04006536368127737,0.03869362964138841,0.042313266664932556,0.04121442873155155,0.036561509057985574,0.032300689356910814,0.02705886700214948,0.03718106807211284,0.04260655470718447,0.04280814746791149,0.03628710750655688,0.030419841216614514,0.04123605239495531,0.03751705600665529,0.038867029524510696,0.036021054331504945,0.04131283008590514,0.04078578750508257,0.042834287466076156,0.037659115263704336,0.038573878340888074,0.038217498470603344,0.04744532839912282,0.04553081303605993,0.03915429578708079,0.03291039454973971,0.034799591066413414,0.039434582259563165,0.044724989427670815,0.04253566193729054,0.03672245480585689,0.03327963913116374,0.029489613114337707,0.034732667196762365,0.034705979764080776,0.035905682507137604,0.03172218793152912,0.035962615696861634,0.03233887291444207,0.040502079566867195,0.042750529985041176,0.04176364241029918,0.0332477510705731,0.03127178618302199,0.03684617500660115,0.04159380085153272,0.04047662386184837,0.04029268586428049,0.03702997614553995,0.04060403924557865,0.03545076442387028,0.04047908731717143,0.03797183723129491
