HitRate: 30025/3000000 0.010008
CumReqs: 3000000
CumProbs: 0.010000000000000016
