HitRate: 1859619/3000000 0.619873
CumReqs: 3000000
CumProbs: 0.16540689962562355
