HitRate: 1148045/3000000 0.382682
CumReqs: 46717,47030,47423,47209,46860,46806,46575,46763,46714,46515,46751,46812,46829,46632,46842,46733,46904,47274,47048,46933,46853,46398,47289,47013,46903,47074,46764,47274,47049,46946,47218,46980,46892,46791,47033,46652,46681,46926,46768,46932,46822,46923,46916,46998,47012,46546,46789,47064,46586,46730,46812,46667,46569,46999,46992,47036,46670,47025,46756,47268,46904,46311,47169,46630
CumProbs: 0.017869291917646423,0.017888537113900926,0.01781554405954293,0.01783466555981362,0.017978756027576245,0.01790532162811775,0.017929714693155328,0.01785123859729993,0.017925125300889078,0.017864223203442546,0.017945163833272083,0.01801674127389844,0.017951721565008513,0.01802757633680486,0.018272442627943232,0.017884397150376347,0.01804399030559613,0.017937547307315494,0.017953083468641946,0.017922223490761325,0.017923929518792004,0.018032121730192564,0.017782946966877728,0.017879486528320374,0.01787973109915169,0.01793037852826899,0.018056811828349412,0.017846143679078417,0.01781010854334473,0.0178916770930504,0.017991565777509985,0.01778095931347313,0.01813936126550653,0.017769356847192906,0.01796728935561515,0.017977610971683045,0.01795145534737999,0.017937839240687953,0.017813377589487905,0.017985855634526475,0.018083657166268096,0.017994694743376692,0.018078568975371946,0.01790525619945249,0.017756770292556352,0.01782125116437955,0.017936325158442838,0.018016012010119594,0.017882632909279477,0.017950561426885787,0.0178342223701239,0.017966898356950152,0.01777668171104006,0.018015640759410027,0.017828972940427786,0.017830300502149773,0.01797514524415119,0.018083365232895502,0.017858071010074385,0.01783675786653092,0.01786413412063311,0.017902815807896332,0.01797734703266474,0.017959546475296
