HitRate: 2898412/3000000 0.966137
CumReqs: 93809,94275,94180,93541,92424,94638,94043,93316,93816,91910,95168,93973,93205,92170,94360,95118,95405,93271,94007,92915,93369,93266,94215,92624,92643,94191,94411,94403,92714,94113,94611,93896
CumProbs: 0.028296420188673232,0.028348890976132624,0.028314344991842568,0.028239386724043414,0.02797344782611248,0.02856398861416502,0.02832216672413466,0.028117823968003917,0.02826024467682231,0.02774922483373929,0.028492289401487573,0.02820516664526554,0.02790891853470274,0.02770620530613282,0.02833292160603629,0.02840103585807988,0.02870640932298345,0.028197019007461275,0.028231564991751345,0.0279975648340131,0.028143570503465366,0.0279314060150425,0.028390280976178264,0.027924561999286914,0.027941509085919785,0.028273606802821292,0.028181375542877123,0.028336180661157978,0.027810495070027336,0.028331292078475453,0.028411790739981502,0.028107069086102273
