HitRate: 332650/30000000 0.011088
CumReqs: 30000000
CumProbs: 0.008916666666667811
