HitRate: 30358/3000000 0.010119
CumReqs: 3000000
CumProbs: 0.011740121884010388
