HitRate: 2969094/3000000 0.989698
CumReqs: 12426,21393,15334,22578,14877,51119,28205,38402,26051,29505,18088,12461,17457,10585,16196,15541,11049,16580,22759,17350,14836,19642,14899,15952,19650,20221,14811,19815,12681,17681,12836,15338,12177,15151,13917,30497,20014,23113,21397,11597,18763,16444,11194,20110,19085,18641,13900,21350,32418,13913,18291,16335,15748,16728,21392,14168,10440,11813,21441,16073,17061,14260,35467,15515,14357,55469,19066,15130,29081,15226,16406,111926,15147,46982,17059,13619,12680,14039,20130,12976,15901,56470,37598,19610,46592,14801,16905,13280,20811,12866,18246,12539,128123,13303,234296,14267,14986,14757,20082,19608,80226,16067,30236,15528,23921,12739,14379,21532,11713,22447,16403,22382,16628,23545,18009,12478,14635,15880,15485,40608,13667,34602,14671,10834,19208,14303,15046,63763
CumProbs: 0.004137807749694485,0.007130385002664369,0.005057785267190733,0.007454842661863767,0.0049374752778532875,0.016954177066542814,0.009325434436259118,0.012735449421028739,0.008632557828304434,0.009865516385160304,0.0059222276158012324,0.004102210776293125,0.005787912259879631,0.003523614069285495,0.005382826483331168,0.005181985636134899,0.0037171604547192004,0.005469192910600076,0.00756396780983193,0.005718274464919567,0.004855291008661601,0.006510453012335444,0.004942727290322353,0.0053163009920564755,0.00652436111942942,0.00669777479039841,0.004953523093730984,0.006594096173879671,0.004204430500459366,0.005908514027687569,0.004269886137342225,0.005081224804321144,0.004067780916773751,0.0050467949448017866,0.004583645252623212,0.010155544184840423,0.006652646386960614,0.007654030097727236,0.007072126568053905,0.0038447649058192175,0.006272556299385276,0.005484851688517086,0.0037176467521700465,0.006654202538803335,0.006340832461482991,0.006165959898161473,0.004599984846971373,0.007037988487005062,0.010772947428424988,0.00457780968321315,0.006032519877651397,0.0054204659060260564,0.005202993686011082,0.005539608781481502,0.007108404357886426,0.004721753728661348,0.0034705103876539233,0.003871997563066185,0.007122993281411633,0.005310173644175897,0.005702810205982894,0.004743442594968728,0.01176110384852876,0.005238590659412487,0.004750737056731322,0.01850809194095214,0.006387419757273324,0.0050425155272343985,0.009662341310200002,0.005052338735741342,0.00539060724254461,0.037203700178947585,0.00498863376968151,0.015728221192978915,0.005658459878466431,0.004515466350015661,0.004204819538420043,0.004664856926913241,0.006695246043654069,0.004274262814399794,0.005250553576703106,0.01882768662564308,0.012531982567597891,0.006429241338045427,0.015508998302140975,0.0049009057095502255,0.005580165988881432,0.004349249881319062,0.0069731164070632075,0.004281070978711508,0.006056932009683469,0.004084606808572769,0.042669878045352126,0.004465961269520299,0.07801796441139136,0.004716793494662793,0.004978129744743383,0.004906449500489809,0.0066930090753802365,0.006572893605023127,0.026895750373014414,0.005314355802253102,0.009960247128583656,0.005153877643476419,0.00802040659718896,0.004199470266460815,0.004749472683359126,0.0071650093811640655,0.003908469871879065,0.007460970009744327,0.005467442239777057,0.0074218716946969875,0.005470165505501757,0.007719874772570767,0.005949849311008839,0.00409083141594349,0.004846245876075985,0.005247538532507909,0.005115460144860204,0.013631695622924005,0.004562053645805988,0.011539060432475944,0.004870852527088435,0.003590820376991357,0.006354740568576931,0.004726324924699237,0.0049706407640004715,0.02106796172216578
