HitRate: 907728/3000000 0.302576
CumReqs: 23302,23282,23377,23252,23603,23522,23519,23309,23250,23467,23219,23320,23562,23607,23314,23823,23304,23269,23173,23664,23382,23541,23593,23355,23819,23558,23706,23251,23463,23613,23656,23273,23285,23405,23225,23360,23521,23762,23546,23471,24056,23377,23421,23463,23346,23386,23426,23510,23433,23338,23389,23358,23269,23435,23261,23429,23624,23804,23350,23680,23638,23578,23564,23559,23213,23295,23392,23049,23322,23473,23437,23351,23324,23335,23341,23251,23226,23719,23462,23475,23508,23148,23625,23530,23608,23530,23717,23240,23718,23144,23300,23585,23160,23489,23186,23640,23198,23604,23307,23475,23532,23283,23632,23288,23324,23643,23533,23736,23193,23381,23576,23176,23195,23370,23272,23333,23451,23023,23501,23672,23753,23483,23265,23398,23577,23390,23520,23506
CumProbs: 0.007201086510797854,0.007122025791509337,0.007050510286094828,0.007089548566573388,0.0071948535080323716,0.00715319080533676,0.007150566383119716,0.007142365063691444,0.007175498394181655,0.007144661433131358,0.007154831069222415,0.007113168366526803,0.007128258794274821,0.007237500369059377,0.007193869349700978,0.007205679249677685,0.007160079913656508,0.006997365736199645,0.0070314832250212445,0.007149254172011189,0.007118417210960902,0.007163688494204947,0.0070856119332478205,0.007160079913656506,0.007212568357997439,0.007189604663598283,0.007304423135594049,0.0072529188495845205,0.007228314891299711,0.00717517034140452,0.007197805983026548,0.007094469358230353,0.007232907630179541,0.007171233708078955,0.007149254172011192,0.007092172988790438,0.00713350763870892,0.007311312243913799,0.007234219841288066,0.007161720177542157,0.007206663408009079,0.007121041633177945,0.007222081888534226,0.007172217866410344,0.007200430405243596,0.007122025791509338,0.007063304344402924,0.007218145255208656,0.0072771947550922,0.0072037109330149035,0.007142365063691449,0.007151550541451104,0.007154831069222417,0.007062976291625795,0.007123009949840733,0.007144333380354232,0.007110215891532638,0.0071732020247417426,0.007210600041334652,0.007270961752326718,0.007247341952373302,0.0071397406414743965,0.007207319513563338,0.007147613908125538,0.007178450869175831,0.007094469358230351,0.007179435027507224,0.007064616555511448,0.007113496419303935,0.007133835691486042,0.007208959777448996,0.007063960449957188,0.007122353844286465,0.007139412588697276,0.007142365063691451,0.00712530631928065,0.007234875946842326,0.0071791069747301015,0.00718205944972427,0.007310000032805278,0.007111528102641156,0.007111856155418285,0.007237500369059381,0.0071620482303192895,0.007187636346935493,0.00724274921349347,0.007165984863644867,0.007200102352466468,0.007108247574869844,0.0071650007053134694,0.007173202024741739,0.006983587519560147,0.007091844936013308,0.007165984863644866,0.007070521505499802,0.007166312916421995,0.007092829094344698,0.007168281233084774,0.00714203701091431,0.007147285855348414,0.007215520832991612,0.007227658785745447,0.007261776274567052,0.007252590796807383,0.007162048230319296,0.007153190805336765,0.00722142578297996,0.007112184208195414,0.007192885191369583,0.007050182233317697,0.0072053511969005545,0.0071003743082187045,0.007092172988790436,0.00710463899432141,0.007173202024741737,0.0070895485665733934,0.007169921496970434,0.007201742616352121,0.00714105285258292,0.007248654163481818,0.007217161096877267,0.007310328085582405,0.007092829094344702,0.007104638994321402,0.007199446246912199,0.007157455491439464,0.0072056792496776835,0.007130883216491872
