HitRate: 2939922/3000000 0.979974
CumReqs: 3000000
CumProbs: 0.9799212123371428
