HitRate: 3321420/30000000 0.110714
CumReqs: 937493,938408,934916,938067,938291,937556,937246,937868,936837,937893,939672,938903,936188,937988,937341,936502,936233,937596,937118,938275,938009,939097,937419,937243,938028,938662,937737,938020,935013,937418,936260,936703
CumProbs: 0.0027798611111112268,0.002786805555555668,0.002803472222222339,0.002800694444444562,0.002786805555555665,0.0028069444444445576,0.0027777777777778898,0.0028229166666667816,0.002779861111111224,0.002810416666666773,0.00278750000000012,0.0028138888888890002,0.0028006944444445504,0.002800694444444558,0.0027937500000001165,0.0028090277777778915,0.0027923611111112263,0.0027826388888889998,0.0027756944444445614,0.002787500000000113,0.0028111111111112246,0.0027986111111112243,0.002781944444444554,0.0028013888888890033,0.0027819444444445586,0.002768055555555675,0.002793750000000113,0.002780555555555669,0.0027937500000001112,0.0028118055555556667,0.002775694444444556,0.002812500000000113
