HitRate: 303073/3000000 0.101024
CumReqs: 93929,94129,94469,94308,94100,93393,93869,92860,94452,92474,93182,93488,93022,93841,93934,93262,94105,93252,93557,93938,94369,93849,94183,95187,93680,93470,93585,93996,93141,93253,93523,94200
CumProbs: 0.0031275693842006446,0.0031025834762527273,0.0031568861828595337,0.003143893510726617,0.003285147176992177,0.0031562198919809228,0.0031212396208538384,0.003086259349726754,0.00321285461666287,0.003195197908379674,0.003034288661195086,0.0031212396208538393,0.0031452260924838393,0.0031049154943278653,0.003190867017668702,0.003118574457339394,0.0031688794186745346,0.0031788737818537007,0.0031798732181716177,0.0030789301500620315,0.0032291787431888413,0.0031588850554953676,0.0030852599134088376,0.0032475017423506465,0.003147224965119673,0.0030556099693106425,0.0030859262042874478,0.003144559801605228,0.0030972531492238376,0.00318120579992884,0.003105248639767171,0.003446722715055375
