HitRate: 1883020/3000000 0.627673
CumReqs: 375886,375893,374907,374745,374687,374220,374949,374713
CumProbs: 0.08063528900149503,0.07729224674287463,0.08000205298860696,0.07740599340893563,0.07935043717906883,0.07766712523681328,0.077840519544833,0.07806489177941055
