HitRate: 1753539/3000000 0.584513
CumReqs: 186372,187507,186762,186021,188681,186396,188259,187759,187553,189411,187225,184972,188180,187676,188251,188975
CumProbs: 0.006269233336421626,0.006264584294273739,0.006581715383647257,0.00664945856923071,0.006918438864929719,0.006389444283388346,0.006358229286109692,0.0067822883448845515,0.0064701383720980376,0.006556145651833893,0.006447557310236889,0.006448221459115164,0.006694620692953017,0.006356568913914018,0.006465821404389293,0.006411693270810358
