HitRate: 16806590/30000000 0.560220
CumReqs: 469191,467866,467916,469628,468734,468481,468581,468674,468495,468316,467997,469373,469025,469912,468088,470065,468396,468783,467914,469981,468153,468906,469149,468219,469193,468716,469159,467917,469033,469238,468183,470035,468025,468249,469192,468286,467501,468283,468564,468966,468510,469781,467598,468908,469936,468657,468561,468651,469241,468646,468268,467805,468863,469400,468213,469146,468997,469731,468700,468505,468989,469137,468227,469147
CumProbs: 0.0068661458333326994,0.00688776041666603,0.006867968749999368,0.0068651041666660355,0.006863020833332701,0.0068695312499993675,0.006809895833332708,0.006846614583332704,0.006910156249999364,0.006861979166666035,0.006841145833332704,0.006843229166666038,0.006856770833332703,0.006856249999999371,0.0068888020833326995,0.006861458333332703,0.006823697916666039,0.0068671874999993695,0.006885937499999366,0.006895312499999364,0.0068692708333327,0.006866927083332701,0.006879427083332701,0.006857812499999368,0.006887760416666034,0.006855468749999369,0.006867708333332703,0.00685703124999937,0.0068773437499993675,0.006885937499999366,0.0068614583333327026,0.006849479166666036,0.006873177083332703,0.0068755208333327,0.0068513020833327045,0.006882812499999365,0.006822916666666038,0.006881249999999366,0.0069044270833326996,0.006887760416666035,0.0068942708333327,0.0068687499999993675,0.006853124999999369,0.0068833333333327,0.00686015624999937,0.006857552083332704,0.006874999999999369,0.006899479166666032,0.006904427083332699,0.0068700520833327025,0.006846354166666036,0.0068872395833327,0.006856770833332704,0.006888020833332698,0.006876562499999366,0.006871874999999369,0.00686874999999937,0.006882552083332699,0.006872395833332704,0.006860677083332703,0.006870833333332703,0.006877083333332703,0.006875260416666035,0.006857291666666036
