HitRate: 396368/3000000 0.132123
CumReqs: 47046,47237,47151,46989,46736,46864,46541,46681,46758,46827,47332,46873,46455,46530,46799,47130,47025,46979,46674,46821,46714,47176,46820,46967,46986,46822,47409,46939,46941,47311,47085,46431,46699,47115,47010,46523,47102,46552,46792,46967,46862,47028,46987,46877,46616,46869,47233,46521,46662,46900,46352,47207,46664,47029,46794,47058,46653,47164,46590,46930,46968,46547,46721,46959
CumProbs: 0.002081829830236928,0.002090395017585967,0.0020843284348592912,0.002082955843458882,0.002078031441236268,0.002087741521720595,0.002043241728751025,0.0020033164085759016,0.0021288230195769075,0.002072144163433638,0.002021712279993579,0.002069753684291948,0.0020346487098056067,0.0020570195625167625,0.00206031437865661,0.00204885085334773,0.0019716154607625695,0.002107327424457162,0.0020253748746750606,0.0020858913444665207,0.0020237580379590552,0.0020511963570636915,0.002056016377236726,0.0021147043165712946,0.002036280845761726,0.0021300097414857014,0.0020322650664946046,0.0020156611592648914,0.002058055082361016,0.002033703032307561,0.0020491609070968754,0.0020737568226975537,0.0021210144935820754,0.0020101915181658316,0.002034171178204563,0.0021118685861401566,0.0020393413990688887,0.0020814083415970157,0.002059821493562827,0.0020682865848196236,0.002121213871977196,0.0020283048961676218,0.002063189008219534,0.002109777527233204,0.0020579743544557275,0.0020379389144723676,0.0020739456218308895,0.002025481481082248,0.00202266213494371,0.0020737889945038938,0.0021445471662473728,0.0020969075568862145,0.002036154708409712,0.002097277342774955,0.0020749508144580343,0.0020242880318480125,0.0020686885967673312,0.002060682862482363,0.0021300018206025233,0.002088736460601703,0.0021034586698024968,0.002146984139888278,0.002032241303845065,0.0020989171283511366
