HitRate: 1500327/3000000 0.500109
CumReqs: 3000000
CumProbs: 0.49999999999967215
