HitRate: 2809864/3000000 0.936621
CumReqs: 3000000
CumProbs: 0.864062499999582
