HitRate: 302960/3000000 0.100987
CumReqs: 23390,23425,23298,23004,23721,23430,23489,23416,23560,23243,23449,23421,23411,23481,23813,23529,23334,23248,23329,23359,23528,23439,23354,23519,23551,23287,23441,23647,23453,23402,23316,23377,23484,23379,23600,23124,23371,23151,23756,23496,23457,23357,23517,23342,23096,23470,23598,23555,23372,23032,23184,23408,23180,23451,23351,23271,23563,23442,23649,23488,23393,23457,23355,23485,23129,23501,23257,23566,23754,23199,23573,23525,23486,23389,23324,23602,23372,23568,23534,23727,23614,23407,23410,23470,23558,23286,23426,23598,23649,23390,23461,23598,23292,23339,23423,23418,23442,23606,23317,23541,23321,23702,23735,23782,23569,23470,23592,23551,23330,23356,23273,23376,23647,23510,23217,23417,23391,23212,23814,23345,23417,23159,23445,23541,23417,23392,23458,23312
CumProbs: 0.0016163901670911399,0.0016032487836188554,0.0016426729340357142,0.0015845588160138247,0.0016055850295694791,0.0016461773029616588,0.001612593767421366,0.001609089398495428,0.0016266112431251377,0.0016079212755201165,0.00162661124312514,0.0016181423515541098,0.001605292998825654,0.0016143459518843412,0.0016412127803165707,0.001605585029569485,0.0016315757657702275,0.0016169742285787989,0.0015968241072546255,0.0015977001994861126,0.0016388765343659376,0.0016382924728782814,0.0016096734599830818,0.0016245670279183436,0.0016409207495727415,0.001601496599155882,0.0016263192123813124,0.0016385845036221143,0.0015909834923780546,0.0016353721654399982,0.0016254431201498266,0.0016312837350263986,0.0016187264130417686,0.0016292395198195992,0.0016283634275881162,0.0016169742285787997,0.0016160981363473118,0.0015860189697329689,0.0016143459518843425,0.0016289474890757716,0.0016324518580017168,0.0016391685651097735,0.0016187264130417677,0.0016082133062639416,0.0016099654907269123,0.0016233989049430247,0.0016566904097394834,0.0016330359194893704,0.0016006205069244023,0.001616682197834972,0.0016274873353566278,0.0016090893984954272,0.0015962400457669695,0.0016301156120510846,0.0016108415829583964,0.0016017886298997153,0.0016327438887455417,0.001620186566760911,0.001609089398495428,0.0016058770603133066,0.0016169742285787984,0.001637416380646797,0.0016006205069243945,0.0015994523839490814,0.0016085053370077668,0.0016210626589923964,0.0016152220441158275,0.0016236909356868558,0.0016236909356868556,0.0016286554583319424,0.0016324518580017168,0.0016245670279183408,0.001645009179986342,0.0016254431201498246,0.0016347881039523466,0.0016254431201498242,0.0015912755231218786,0.0016356641961838235,0.0016204785975047424,0.0016409207495727421,0.0016260271816374865,0.001611425644446055,0.0016344960732085092,0.001637124349902971,0.0016123017366775428,0.0016201865667609169,0.0016175582900664577,0.0016356641961838274,0.0016336199809770283,0.001626319212381309,0.0016079212755201143,0.0016044169065941676,0.0016061690910571412,0.0016339120117208551,0.001609089398495425,0.0016099654907269125,0.0016233989049430268,0.0016683716394926295,0.0016079212755201143,0.0016251510894059954,0.0016397526265974271,0.001625735150893657,0.0016686636702364541,0.0016517258870944003,0.00162485905866217,0.0016172662593226283,0.0016193104745294287,0.0016201865667609093,0.001609089398495427,0.001622230781967711,0.0016269032738689684,0.001600328476180568,0.0016298235813072515,0.0016295315505634254,0.0016155140748596543,0.001609965490726912,0.0016280713968442862,0.0015848508467576528,0.0016441330877548588,0.0016146379826281665,0.001622814843455369,0.0016222307819677138,0.0016207706282485692,0.0016604868094092556,0.0015909834923780537,0.0016061690910571418,0.0016406287188289145,0.0015950719227916569
