HitRate: 30063/3000000 0.010021
CumReqs: 3000000
CumProbs: 0.010000000000001943
