HitRate: 2405593/3000000 0.801864
CumReqs: 186194,188545,186344,188456,189166,187417,188644,189422,187686,187823,187434,186562,185754,186189,186150,188214
CumProbs: 0.0314508297890583,0.031435542714412845,0.03122584392960236,0.03153324706105991,0.03164324753296525,0.03098723263404936,0.03164092123899747,0.03174261351816071,0.031361101307443656,0.03159838329215793,0.03129330645466817,0.03112415165043911,0.030772881261303304,0.030866597675434145,0.031021462388146806,0.03127203748124841
