HitRate: 571876/3000000 0.190625
CumReqs: 187241,187687,188270,187719,187236,187556,187509,187329,187019,186825,187207,187100,188157,187858,188292,186995
CumProbs: 0.025520833333333333,0.02583333333333333,0.02729166666666669,0.025729166666666674,0.02614583333333333,0.02604166666666667,0.026250000000000002,0.02739583333333333,0.026666666666666686,0.02645833333333333,0.02635416666666666,0.026458333333333327,0.027083333333333348,0.027604166666666676,0.02666666666666667,0.02687500000000001
