HitRate: 18293893/30000000 0.609796
CumReqs: 488463,291661,290919,357094,1105144,326404,708773,304479,514151,525533,355868,372997,344558,308103,540759,326704,322125,659952,489461,387724,1344578,327362,328671,324699,402517,335191,325833,528887,425795,466790,2290440,362753,625093,426591,358350,478962,890742,326483,622930,528790,448802,310580,295651,334665,309301,284622,348597,382005,335660,323207,431571,350733,337481,805547,330871,293311,593055,469124,475543,302648,357000,319650,474163,343884
CumProbs: 0.010017083824416611,0.003833369667145123,0.0036423218147662462,0.005641186176548124,0.030780767414697298,0.004709640708573564,0.01771996284999472,0.004257461956069776,0.011267863232100392,0.011391689927571868,0.005745212580752329,0.006279953556170582,0.005529672267242841,0.003896797154801304,0.011943768637024175,0.005012402137060411,0.004814033168582708,0.015968984823758955,0.010311425969389814,0.006721549968131515,0.03871193215135677,0.004909673567073724,0.0047076440405466055,0.004758159741628496,0.007634459867854523,0.005050006051568015,0.004727144831609837,0.011732354770770372,0.008192694970389916,0.009502941807476416,0.0704609504479241,0.0059434151602277925,0.015006224778963037,0.008259184015687428,0.005664647025864814,0.00980963001641629,0.02359978413356407,0.0047599234650523,0.014545360520542006,0.01149554994277384,0.008812127947951399,0.003904916938110913,0.0038025211461287117,0.005228641284379342,0.004259758124300775,0.003237563927902578,0.00547146939425718,0.006499220983330396,0.0049914038449769636,0.004598160077068723,0.008194758194017765,0.005520321205316624,0.005259256860792608,0.020808275842882622,0.005031237372114661,0.0037237858702658965,0.013763598432389328,0.009297052056097193,0.009794155839207406,0.004139658542479594,0.005704280886199812,0.004533601144197275,0.009865403609969152,0.0052843816001317545
