HitRate: 1458589/3000000 0.486196
CumReqs: 139582,145840,153732,169720,207750,401957,144015,151285,163433,188935,267144,141289,148204,159477,178163,239474
CumProbs: 0.015157906662135057,0.017490020458892287,0.019093411170421903,0.024799909367773577,0.036840000799696106,0.10284725137780973,0.01384840427304291,0.0193049974343083,0.01810845212152715,0.03200850343536122,0.057608442125325704,0.01704052460065175,0.017049521181950862,0.022637397788840233,0.028786394503422033,0.04933258695029222
