HitRate: 2590259/3000000 0.863420
CumReqs: 38324,44267,42535,40372,35163,45329,46339,51468,42238,55148,48631,51537,43496,45075,54596,54830,50577,54327,54874,61066,55267,50346,49426,45792,52223,48963,49060,40498,45866,49344,51257,51171,41181,43344,41917,39007,34960,33780,47819,47964,52488,42818,53683,49608,50253,44337,45789,40660,44422,41443,59493,51313,64428,50754,48969,32978,37679,41073,48777,42798,40033,45037,45168,46622
CumProbs: 0.03002787660272463,0.03631386289111675,0.036540299245537804,0.035409402583276475,0.028583927182591857,0.03611235766765933,0.03565537260731814,0.038894106434853394,0.03500099467501881,0.04285532901639232,0.03592370354263664,0.03742651099360069,0.033776799038120926,0.03312653345732064,0.03858233878682547,0.04440722766337728,0.04128492478766136,0.02697728285627473,0.03419471675922017,0.038971727069399574,0.03880312065793513,0.039046520462289944,0.042485731425407854,0.034406502861425575,0.030696904787239684,0.037935671513586934,0.03358326149569306,0.025349562728524587,0.03345911988481298,0.0393372123088848,0.03233773303539344,0.033929470087526205,0.03087502101154588,0.033377386898767826,0.034749113145696967,0.027106821928497362,0.024807503396545236,0.029596593739253198,0.02754555842906101,0.026130652491390936,0.030990680897458954,0.03107318494941029,0.038272113270609594,0.03824101361239739,0.03836258500359055,0.03420705381371761,0.035877696610239984,0.03277389931627018,0.03620925494985749,0.0347876664410014,0.04936415335164351,0.04132476319280929,0.05007070674358817,0.034027652479567995,0.032784437216986685,0.0263298445171302,0.028446163407371012,0.0314875043629478,0.03145126426536174,0.033345773196618154,0.03152939894384533,0.02922288379676959,0.028617083016553663,0.029276858410195727
