HitRate: 3965774/30000000 0.132192
CumReqs: 30000000
CumProbs: 0.13201587813746232
