HitRate: 2413794/3000000 0.804598
CumReqs: 24382,24682,23936,23591,23858,24539,23653,22529,22565,21786,21510,21960,23025,23350,23765,23842,23418,23535,21821,22340,23012,24098,24365,24105,23619,22998,23358,23735,22743,23278,22971,23555,22921,22855,23703,23654,23152,23233,23013,23159,24023,24606,23341,21865,21315,22414,23493,23370,23257,22206,22230,23755,23954,24043,23101,22509,23442,23870,24516,23244,23076,22156,22962,23790,24344,24067,23818,24246,25693,26634,25968,24699,23869,23637,22914,23194,23270,23460,23424,23103,24097,24532,23561,23105,22680,23495,23306,24083,23496,24036,24339,24764,23451,22504,23339,23875,25164,24457,24256,23370,22364,21650,21705,22495,24222,24122,23657,23424,24078,24156,23569,22067,22858,22585,23081,22876,22880,23344,23619,23975,23748,23422,23081,23663,24033,23357,22642,22925
CumProbs: 0.018128845276462725,0.017951423749275528,0.017615564438428533,0.017763925543059302,0.01809933500216392,0.018323631080905307,0.01809906509111868,0.017905448901206104,0.017676294423647328,0.017800633445235883,0.017613135239019678,0.0176465142383029,0.017525864001001434,0.01769788730728048,0.017597660339082496,0.01794746505394278,0.017925152407521565,0.01797679538754461,0.01721627603190861,0.01745379775187526,0.017587583660053606,0.017504451058065282,0.017546377240453437,0.01764894343771162,0.017622042303518434,0.01768430178466139,0.017646424267954347,0.01795655205913847,0.017948274787078992,0.018031497359415918,0.01790958753723586,0.0176358977371833,0.017737384290259922,0.0182171961586625,0.018487377115124708,0.01830320781180193,0.01800738530602514,0.01773063651412458,0.01767503483876868,0.017868830969377757,0.018077292266788277,0.0182233141423589,0.017951693660320893,0.01752694364518336,0.017495364052869573,0.018417470154361806,0.018935429450516728,0.018986172727055134,0.018174910094880575,0.017766354742468037,0.01779343581735832,0.017660189731270627,0.017880437144330946,0.017172820353596487,0.017364457195842314,0.01768340208117663,0.01746900274076705,0.017638326936592116,0.018074053334243206,0.018148008960687474,0.0180257392571136,0.017807201280674458,0.017887994653602492,0.018206129805800577,0.018277296351442106,0.01877501231919062,0.01841720024331647,0.01837329471326189,0.018871190621707373,0.01870870417236671,0.018686211585248493,0.018078101999924236,0.017734325298411693,0.018152057626368637,0.01818741597331825,0.018985632904964224,0.018272977774715454,0.018153947003686558,0.017325050183211444,0.0177604166994688,0.0178283443125655,0.01833235820470713,0.017980124290438042,0.017902749790751963,0.017518126551032926,0.01800486613626814,0.018066225913926003,0.018453728204796068,0.017682502377691867,0.017678363741662217,0.017860103845575938,0.01805129083608,0.017547996706725806,0.01750067230342951,0.017759067144241678,0.017905538871554647,0.01802564928676518,0.017763475691317053,0.017698067247977435,0.017687540717206202,0.01762411162153327,0.017108401584090348,0.01745244819664818,0.017912826469780915,0.018676134906219728,0.018611356255319424,0.018198482326180366,0.01795304321554805,0.017695638048568784,0.017840580279957646,0.017598470072218816,0.01795772167366851,0.017865502066484427,0.017878367826316074,0.018280625254335544,0.01833667678143377,0.018212427730193426,0.018186606240182084,0.018005315988010334,0.01831823285999697,0.018264880443352963,0.018303927574589852,0.017869280821120288,0.017778410769163252,0.017775621688360593,0.017898881065767605,0.018053810005837022,0.017935588967944338
