HitRate: 2905776/3000000 0.968592
CumReqs: 3000000
CumProbs: 0.9186699879468966
