HitRate: 1086430/3000000 0.362143
CumReqs: 178663,175924,164131,166478,181516,200227,220736,186282,198972,205266,206730,189611,156131,178492,196939,193902
CumProbs: 0.011786596982090013,0.01561471680144061,0.012617000410869756,0.019577460611652765,0.014485074897924024,0.02204201268197981,0.022999709092217772,0.022896075277470375,0.010620966486956967,0.02958395521952874,0.019038964648206515,0.021720114723632607,0.010976187215319408,0.01169162708754658,0.02072243098937637,0.012966223040629455
