HitRate: 1147663/3000000 0.382554
CumReqs: 93557,93152,93967,93538,93580,93930,93625,94256,94257,92828,93766,93648,94192,93789,93366,93851,93689,93103,93702,93796,94187,93145,93733,94413,93725,93832,93860,93816,94261,93575,93590,94271
CumProbs: 0.03578903216466572,0.035373233291392595,0.0364490255551862,0.036119809865844656,0.036378019100410934,0.036045310579044094,0.03566372410393182,0.034825314250205824,0.03616617124496313,0.03622290264711327,0.03611531908181213,0.035642224746558704,0.036822650108849435,0.035809077983245736,0.03550140504049505,0.035451919637701744,0.035093199280320404,0.03577083038783822,0.034823882406021495,0.03686254649452981,0.03537349362669881,0.03497622194938599,0.03567825949186324,0.03559119902653689,0.036206588301255935,0.03546780009138205,0.03560200294174557,0.03566628406777649,0.036700704712487736,0.03653226776935447,0.03576449556205314,0.03560495340854958
