HitRate: 2758604/3000000 0.919535
CumReqs: 66019,80840,68998,100683,72646,313069,79074,68204,95320,71870,188803,78116,68009,91030,70635,163193,76019,67187,87718,70105,133862,75077,67104,85091,69786,117592,74434,66642,82778,69327,107888,72881
CumProbs: 0.019814665841305593,0.024656410465681768,0.020571113424229015,0.03125049697195917,0.021933979319365162,0.10210332035780195,0.02407099625136859,0.02044868953932909,0.029401536239720354,0.021608415801922895,0.06068383941707001,0.02382974918406578,0.020465192759107294,0.02810318293098978,0.021299655562800255,0.05206525793182234,0.023009689190360953,0.02011382420710275,0.027056878797053294,0.021091714993595186,0.04229355147189208,0.022708730473315335,0.020006403249273864,0.026054083151622835,0.021091114876512385,0.03698131505456708,0.022429375971251986,0.019981198331794497,0.025294034866202332,0.02084446675546397,0.033621859624812775,0.02205850361405508
