HitRate: 1680042/3000000 0.560014
CumReqs: 3000000
CumProbs: 0.44002083333386816
