HitRate: 2786270/3000000 0.928757
CumReqs: 164954,186843,189203,211068,209931,169221,150852,130148,182055,160855,208827,190433,266975,163908,222916,191811
CumProbs: 0.049128838605837256,0.05339623468228309,0.06370983534081245,0.0556833928519174,0.06181702194729509,0.04827826661901881,0.04860242259348765,0.047694951992315736,0.050784920538182045,0.05056833201712364,0.061465454961531794,0.054914015603099345,0.0714773268366514,0.0437382140438679,0.06433800434963297,0.05545496775780277
