HitRate: 10054/3000000 0.003351
CumReqs: 23370,23343,23522,23111,23385,23296,23375,23519,23182,23464,23350,23344,23561,23362,23247,23816,23612,23510,23240,23335,23259,23496,23476,23470,23305,23496,23439,23382,23654,23390,23224,23669,23253,23357,23670,23355,23437,23143,23584,23414,23371,23396,23672,23423,23312,23220,23332,23509,23739,23270,23121,23322,23212,23475,23517,23394,23121,23449,23604,23218,23492,23529,23479,23503,23210,23315,23496,23412,23562,23529,23412,23595,23641,23512,23548,23377,23392,23590,23245,23555,23551,23495,23623,23413,23454,23608,23321,23285,23746,23600,23656,23326,23501,23273,23507,23453,23203,23496,23454,23549,23291,23728,23684,23423,23799,23815,23544,23414,23660,23459,23202,23127,23304,23753,23632,23311,23256,23591,23283,23460,23346,23302,23616,23223,23441,23462,23697,23175
CumProbs: 0.00018000097226802606,0.00017376006264559465,0.0001793440344130334,0.00018098637905051535,0.00017671628299306216,0.000164891401603192,0.00017934403441303322,0.00017080384229812713,0.00017737322084805492,0.00018394259939798278,0.00017211771800811253,0.00017178924908061626,0.0001721177180081127,0.00016784762195065943,0.00017573087621057296,0.0001829571926154937,0.00017770168977555137,0.00017704475192055857,0.00017244618693560906,0.00018032944119552268,0.00017737322084805492,0.00018131484797801159,0.0001796725033405297,0.00017408853157309108,0.0001839425993979828,0.00017671628299306225,0.00017868709655804045,0.00018525647510796853,0.00018000097226802614,0.0001717892490806163,0.0001704753733706306,0.00017211771800811263,0.0001773732208480549,0.00018328566154299017,0.00018657035081795414,0.00017835862763054423,0.00016456293267569537,0.00018755575760044332,0.00017835862763054418,0.00016817609087815577,0.00017835862763054418,0.00018525647510796847,0.00017638781406556598,0.00018197178583300442,0.00017573087621057298,0.0001836141304704865,0.00017770168977555135,0.00017507393835558037,0.00016850455980565237,0.00018722728867294692,0.00016981843551563781,0.00016916149766064498,0.00017605934513806955,0.00017310312479060182,0.00017408853157309102,0.0001770447519205585,0.00018164331690550823,0.00018295719261549374,0.00018262872368799733,0.00017146078015311983,0.00017901556548553688,0.00018394259939798286,0.0001714607801531198,0.00016948996658814147,0.00018032944119552235,0.0001819717858330044,0.0001826287236879974,0.00017343159371809816,0.00017737322084805494,0.00018164331690550818,0.00018361413047048646,0.00016948996658814157,0.00017868709655804058,0.00017803015870304788,0.0001704753733706305,0.00017803015870304772,0.00017605934513806947,0.00017868709655804063,0.00017343159371809822,0.00017573087621057296,0.00018295719261549376,0.00017605934513806928,0.00016751915302316302,0.00017638781406556568,0.00017441700050058734,0.00017408853157309102,0.000180657910123019,0.00017211771800811258,0.00017573087621057304,0.00018591341296296128,0.0001780301587030478,0.0001763878140655658,0.00016817609087815583,0.00017310312479060184,0.00017605934513806958,0.00017540240728307666,0.00018459953725297556,0.00018985504009291803,0.00016817609087815585,0.00017441700050058743,0.00017211771800811258,0.00016587680838568106,0.0001767162829930621,0.00017605934513806928,0.00018394259939798308,0.00018328566154298992,0.00017310312479060182,0.00017868709655804058,0.00017376006264559462,0.00017244618693560904,0.00018032944119552265,0.00018164331690550815,0.00016948996658814152,0.00018394259939798292,0.00017343159371809816,0.00018197178583300445,0.000173431593718098,0.0001747454694280836,0.00017310312479060176,0.00018558494403546485,0.00017967250334052973,0.0001754024072830766,0.00018065791012301894,0.00018000097226802597,0.0001731031247906017,0.00017014690444313424,0.0001721177180081126,0.00016554833945818452
