HitRate: 2797089/3000000 0.932363
CumReqs: 3000000
CumProbs: 0.9150597371660336
