HitRate: 1501667/3000000 0.500556
CumReqs: 3000000
CumProbs: 0.4999999999965937
