HitRate: 2110095/3000000 0.703365
CumReqs: 3000000
CumProbs: 0.3778601045184266
