HitRate: 2998084/30000000 0.099936
CumReqs: 30000000
CumProbs: 0.10000000000204465
