HitRate: 23484804/30000000 0.782827
CumReqs: 776180,671504,632488,939500,1301944,596160,746556,1463991,986670,832979,702415,720775,717484,716291,765080,694538,891198,1260847,894219,647677,1051122,1108382,644208,977921,746586,735619,1017649,887208,1831590,613944,2809924,617351
CumProbs: 0.01922711017527585,0.015709701179837655,0.014422967962283137,0.02452175333830528,0.0367577590727851,0.012926693002406104,0.018276118104986264,0.04204288210320494,0.026235805449336992,0.020861575295354644,0.016740082591268152,0.01730437280444002,0.017289054944012415,0.01715791429377085,0.018723267862931162,0.016305384771477287,0.022983675443196582,0.03534364055141646,0.023127926864298834,0.014987324058725725,0.02833550528515586,0.030374921928324063,0.014787796573542915,0.02581915964570605,0.018124652465747296,0.017747931924134118,0.0272632221135878,0.022798444627746342,0.05413163872776747,0.013695814304048698,0.08698495753164442,0.013954801440998945
