HitRate: 363546/3000000 0.121182
CumReqs: 3000000
CumProbs: 0.07916666666666698
