HitRate: 2159474/3000000 0.719825
CumReqs: 179168,190898,205755,201731,214751,197260,212041,194815,187084,192834,165240,163687,148568,172729,180801,192638
CumProbs: 0.07463509874893849,0.06565196776353721,0.08156803964454512,0.08848934306802336,0.08174692421611654,0.05982325672330015,0.10029838478536852,0.07535562452327926,0.07741412709316561,0.0757765685151184,0.05888328147454089,0.06810813938100617,0.058989681219713465,0.08119929802768126,0.06905210462020948,0.08000097089767472
