HitRate: 1574691/3000000 0.524897
CumReqs: 187104,187169,187332,188045,187802,188321,188447,188398,188634,188912,187645,186587,186216,186521,185559,187308
CumProbs: 0.05596812171708027,0.056942549631183004,0.056344665655237984,0.056851487813835096,0.05651416027876878,0.056510504512378906,0.056887713135334785,0.05638255268873312,0.057019320725370554,0.05750387594322925,0.05681725654672984,0.056579631731387595,0.05619045878206479,0.056343336285641615,0.05568795707465576,0.05607845939357484
