HitRate: 1898421/3000000 0.632807
CumReqs: 189013,190584,188090,188859,189866,187624,185445,184461,184066,187438,188381,188825,186249,185575,185669,189855
CumProbs: 0.028038835972120903,0.027019282729390286,0.027335629491595584,0.029642685210292518,0.029981147399642905,0.027959348639773514,0.02774107898925496,0.0274779374575725,0.027332744870663672,0.027886912603037505,0.026273127448322456,0.028351657086520456,0.027314475604761215,0.028391080239257314,0.028435631606984303,0.028869606800526318
