HitRate: 2495948/3000000 0.831983
CumReqs: 371610,376465,379685,378464,377537,375164,371127,369948
CumProbs: 0.20916216027852552,0.21209105046791335,0.2121172169982533,0.20943238002454403,0.2095863599915496,0.20929022531644287,0.20844610311170186,0.2059766368107961
