HitRate: 1072105/3000000 0.357368
CumReqs: 46923,46970,46762,46616,46154,46671,46782,47097,46972,46673,46544,47019,47090,46125,46426,46842,46394,46888,46623,46973,46434,46735,46231,46135,46366,47283,46976,47143,47328,47325,46842,47494,46765,46410,46428,46827,47086,47230,47590,47281,47012,46672,46898,47651,47276,46988,47320,47048,46950,47006,46928,47049,47217,47176,47161,47001,46598,47019,46607,46842,46942,46942,46624,46620
CumProbs: 0.0050394532971350615,0.005160402589219761,0.004991495847156341,0.0048566720726878594,0.00488381779909091,0.00481715995981231,0.004990590989609572,0.005029198244938354,0.005008386521362682,0.004989384512880548,0.005029801483302866,0.005036437105312502,0.005029198244938354,0.005002052518535304,0.0048820080839973735,0.004979732699048352,0.0049839553675999375,0.005013212428278781,0.005066297404355854,0.004983352129235426,0.004990892608791829,0.005122096953073235,0.004895580947198898,0.0049537934493743266,0.005079568648375124,0.0050035606144465845,0.005038246820406037,0.005018943192741646,0.005034627390218964,0.005074742741459026,0.004961635548112985,0.005041564631410855,0.004937807632714754,0.004940823824537315,0.004935997917621217,0.004983653748417682,0.00497370031540323,0.0049263461037890215,0.00489769228147469,0.005037945201223781,0.0048180648173590775,0.005043977584868904,0.005109730566600736,0.0050370403436770135,0.0049730970770387175,0.0049260444846067645,0.005037341962859269,0.005090426938936344,0.005066900642720368,0.005060265020710733,0.0049785262223193275,0.005129034194265127,0.0050117043323674995,0.005086505889567015,0.005011101094002987,0.005015927000919085,0.005024975576386769,0.005002354137717561,0.005025277195569024,0.004937506013532497,0.004815048625536517,0.004906137618577862,0.00493810925189701,0.004870244935889384
