HitRate: 1744942/3000000 0.581647
CumReqs: 94014,93560,94440,93545,93495,93674,93901,93617,93824,93806,93634,93569,93276,93885,93284,93326,93948,93550,93674,93546,93582,94171,93896,93599,94049,93721,93628,94106,93710,93771,94026,94173
CumProbs: 0.013263888888888907,0.013437500000000002,0.013472222222222241,0.013645833333333352,0.013298611111111124,0.012847222222222234,0.01326388888888891,0.012986111111111111,0.013194444444444451,0.012881944444444458,0.012916666666666677,0.013090277777777784,0.012465277777777785,0.01277777777777779,0.0132638888888889,0.012986111111111129,0.013125000000000006,0.01298611111111112,0.01302083333333334,0.013923611111111116,0.013263888888888898,0.01305555555555557,0.013576388888888902,0.012256944444444447,0.012812500000000003,0.013194444444444451,0.013020833333333348,0.013402777777777788,0.013333333333333345,0.013333333333333341,0.013090277777777791,0.013437500000000008
