HitRate: 5483858/30000000 0.182795
CumReqs: 468563,468322,469011,468863,468624,469005,467577,469325,468359,468828,469317,469018,467935,468275,467931,467277,467566,469883,469693,468669,469131,469969,468700,467715,469371,468146,467606,468423,467160,468145,468281,468578,469242,468324,468395,468732,467884,468141,468690,470034,470594,469504,469308,468362,468711,469304,470559,468641,469700,468916,468755,469161,469475,468478,467847,468523,469438,467884,469896,468037,467725,469416,470193,468865
CumProbs: 0.007056944444444285,0.007045138888888679,0.007047916666666468,0.007056249999999827,0.007074305555555401,0.007048263888888678,0.00704236111111094,0.007040277777777607,0.007049305555555346,0.007030902777777568,0.007066666666666506,0.0070805555555554225,0.007047222222222031,0.007046874999999794,0.007054861111110925,0.007083680555555391,0.007053124999999814,0.0070329861111109405,0.0070420138888887315,0.0070909722222220715,0.007065277777777654,0.007041319444444274,0.007048958333333181,0.007037847222222056,0.0070802083333331685,0.0070541666666664865,0.007060763888888703,0.007074305555555413,0.0070454861111109235,0.007035416666666481,0.007084722222222076,0.007067013888888666,0.007071874999999844,0.0070468749999998345,0.007057638888888701,0.0070559027777776055,0.007056597222222054,0.007066319444444286,0.007056597222222047,0.007030902777777591,0.0070479166666664855,0.00704097222222206,0.007018749999999798,0.00703888888888875,0.007060069444444286,0.007046180555555366,0.0070638888888887655,0.007033333333333146,0.007075694444444263,0.007063541666666491,0.007051736111110955,0.007031249999999812,0.007082986111110947,0.007073263888888709,0.007037847222222081,0.0070777777777776074,0.007062152777777623,0.0070343749999998385,0.007048958333333156,0.007075694444444253,0.007056944444444238,0.007058333333333154,0.007045138888888722,0.007081944444444302
