HitRate: 500121/3000000 0.166707
CumReqs: 93779,93857,93996,93565,93331,93389,94368,93839,93870,93805,93986,93760,93386,93798,94165,93689,93655,94075,93940,93650,93796,93399,93621,93933,93292,93842,93657,93691,93763,93582,93574,93947
CumProbs: 0.015625000000000038,0.015625000000000038,0.015625000000000038,0.015625000000000038,0.015625000000000038,0.015625000000000038,0.015625000000000038,0.015625000000000038,0.015625000000000038,0.015625000000000038,0.015625000000000038,0.015625000000000038,0.015625000000000038,0.015625000000000038,0.015625000000000038,0.015625000000000038,0.015625000000000038,0.015625000000000038,0.015625000000000038,0.015625000000000038,0.015625000000000038,0.015625000000000038,0.015625000000000038,0.015625000000000038,0.015625000000000038,0.015625000000000038,0.015625000000000038,0.015625000000000038,0.015625000000000038,0.015625000000000038,0.015625000000000038,0.015625000000000038
