HitRate: 116985/3000000 0.038995
CumReqs: 23445,23782,23308,23564,23716,23684,23539,23558,23502,23578,23597,23418,23426,23531,23252,23456,23483,23433,23442,23418,23685,23206,23470,23487,23382,23416,23748,23263,23093,23645,23235,23391,23548,23549,23702,23414,23358,23421,23316,23506,23521,23276,23399,23200,23566,23006,23518,23375,23386,23739,23466,23609,23381,23669,23439,23539,23713,23445,23338,23431,23533,23202,23386,23505,23777,23717,23447,23601,23409,23479,23299,23369,23438,23353,23579,23484,23388,23370,23257,23426,23417,23403,23150,23305,23157,23393,23491,23489,23470,23461,23469,23651,23338,23212,23449,23286,23292,23531,23286,23512,23631,23261,23037,23508,23653,23499,23307,23426,23179,23329,23579,23304,23535,23497,23364,23523,23551,23478,23213,23301,23381,23370,23446,23204,23707,23419,23105,23429
CumProbs: 0.0006640625000000004,0.0006796875000000004,0.0006367187500000005,0.0006940104166666676,0.0006458333333333341,0.0006393229166666675,0.0006458333333333341,0.0006458333333333333,0.0006705729166666672,0.0006796874999999994,0.0006614583333333339,0.0006575520833333338,0.0006588541666666667,0.0006653645833333335,0.0006679687499999998,0.0006380208333333338,0.0006471354166666671,0.0006666666666666668,0.0006393229166666667,0.0006406250000000004,0.0006406249999999997,0.0006315104166666673,0.0006601562499999998,0.0006562500000000007,0.0006692708333333342,0.0006250000000000002,0.0006549479166666669,0.0006640625000000004,0.0006341145833333336,0.0006848958333333337,0.0006510416666666678,0.0006432291666666664,0.0006471354166666672,0.0006614583333333336,0.0006393229166666672,0.0006302083333333335,0.0006575520833333338,0.0006614583333333335,0.0006927083333333339,0.0006575520833333334,0.0006822916666666668,0.0006679687500000005,0.0006627604166666667,0.0006796875000000001,0.0006458333333333334,0.0006783854166666672,0.000653645833333334,0.0006523437500000004,0.000653645833333334,0.0006393229166666666,0.000674479166666667,0.00068359375,0.0006354166666666666,0.0006419270833333338,0.00065625,0.000657552083333334,0.0006484375000000007,0.0006210937500000006,0.0006497395833333341,0.0006510416666666663,0.0006549479166666666,0.0006367187500000007,0.0006875000000000006,0.0006354166666666672,0.0006471354166666664,0.0007018229166666668,0.0006731770833333337,0.0006484374999999997,0.0006575520833333341,0.0006575520833333336,0.0006315104166666669,0.0006432291666666665,0.0006731770833333341,0.0006575520833333341,0.0006484374999999999,0.0006718750000000002,0.0006588541666666674,0.0006640625000000008,0.0006835937500000014,0.0006445312500000006,0.0006289062499999999,0.0006783854166666669,0.0006666666666666678,0.0006510416666666665,0.00065625,0.0006497395833333334,0.0006536458333333337,0.0006536458333333337,0.0006458333333333334,0.0006510416666666668,0.0006536458333333338,0.0006497395833333338,0.0006406250000000006,0.0006419270833333339,0.0006510416666666668,0.0006627604166666673,0.0006250000000000006,0.0006315104166666674,0.0006393229166666673,0.0006536458333333337,0.0006783854166666668,0.0006640625000000006,0.0006197916666666671,0.0006679687500000003,0.0006757812499999998,0.0006393229166666667,0.0006666666666666672,0.0006640624999999999,0.0006705729166666668,0.0006497395833333337,0.0006627604166666673,0.000669270833333333,0.0006653645833333335,0.0006640625000000003,0.0006705729166666662,0.0006562500000000001,0.0006653645833333341,0.0006432291666666671,0.0006653645833333335,0.0006445312499999995,0.0006744791666666663,0.0006510416666666668,0.0006341145833333338,0.0006614583333333344,0.0006614583333333333,0.0006601562500000009,0.0006523437500000003,0.0006627604166666678
