HitRate: 3317215/30000000 0.110574
CumReqs: 1874611,1873878,1874003,1874887,1874140,1875084,1875693,1874742,1874056,1875412,1875324,1876720,1872668,1877669,1875153,1875960
CumProbs: 0.005547222222222433,0.005588888888889116,0.005612500000000219,0.005663888888889118,0.005601388888889119,0.005577777777778002,0.005581944444444681,0.005579166666666885,0.0056250000000002175,0.0055486111111113295,0.005593055555555788,0.005615277777778011,0.00561388888888911,0.005561111111111338,0.005568055555555765,0.005593055555555781
