HitRate: 2025799/3000000 0.675266
CumReqs: 94978,93181,97655,92045,93612,90167,93744,86972,95093,94869,98641,92702,99189,93359,91355,97198,97226,91679,91230,93294,95976,91659,90441,88063,92051,94951,101850,92465,87634,94326,94132,98263
CumProbs: 0.0028085519825180537,0.00321476815544894,0.003617321723541925,0.003671261903881929,0.003101227405473996,0.003916656428021325,0.003820096845931196,0.0028594954861725012,0.004041850920662319,0.003097231836559922,0.003654280735997112,0.003633636963274395,0.003279696150302648,0.004207999994672575,0.0030975648006360944,0.0033259781568906743,0.0035980098071239004,0.0026440677288886625,0.0028651558754674397,0.003953282476400338,0.003484802021225128,0.0029047786005320098,0.0023970083843684025,0.003378586480925986,0.0033636030974982085,0.0036026713041903196,0.004167711341455658,0.0036905738202999538,0.0034461781883890763,0.004487689818657775,0.0031927925264215317,0.003415878457457346
