HitRate: 2706172/3000000 0.902057
CumReqs: 3000000
CumProbs: 0.9040079144439009
