HitRate: 2738866/3000000 0.912955
CumReqs: 3000000
CumProbs: 0.9160279707898279
