HitRate: 2484309/3000000 0.828103
CumReqs: 3000000
CumProbs: 0.5736407782981259
