HitRate: 10132/3000000 0.003377
CumReqs: 23630,23616,23421,23845,23517,23681,23716,23461,23286,23234,23205,23500,23518,23405,23390,23471,23366,23424,23623,23360,23350,23784,23271,23489,23436,23441,23460,23461,23364,23382,23297,23590,23367,23399,23269,23543,23127,23448,23540,23241,23465,23789,23458,23492,23717,23525,23743,23434,23720,23280,23594,23263,23283,23147,23187,23557,23374,23506,23447,23219,23652,23428,23296,23489,23218,23468,23446,23574,23644,23015,23237,23329,23590,23401,23452,23115,23526,23682,23410,23524,23419,23267,23522,23480,23173,23576,23590,23464,23410,23188,23567,23697,23381,23287,23538,23444,23388,23429,23381,23495,23243,23502,23767,23472,23424,23528,23568,23540,23530,23138,23319,23310,23241,23136,23446,23323,23346,23474,23504,23580,23245,23343,23613,23105,23442,23421,23494,23626
CumProbs: 9.148360796712446e-05,7.618089536171454e-05,8.41649193297545e-05,8.41649193297545e-05,8.64935929870995e-05,9.214894329779445e-05,9.813696127382441e-05,9.514295228580943e-05,9.381228162446945e-05,8.183624567240949e-05,9.248161096312945e-05,8.948760197511447e-05,9.381228162446943e-05,9.347961395913442e-05,8.616092532176448e-05,9.015293730578446e-05,9.481028462047441e-05,8.483025466042449e-05,8.982026964044944e-05,8.34995839990845e-05,9.481028462047446e-05,9.015293730578446e-05,9.647362294714941e-05,9.447761695513943e-05,9.481028462047444e-05,8.017290734573451e-05,8.915493430977947e-05,8.682626065243448e-05,8.782426364843948e-05,8.649359298709949e-05,8.31669163337495e-05,9.381228162446943e-05,8.449758699508947e-05,8.54955899910945e-05,8.915493430977945e-05,9.447761695513945e-05,8.54955899910945e-05,8.549558999109448e-05,8.782426364843946e-05,8.649359298709946e-05,9.414494928980444e-05,8.715892831776949e-05,0.00010612098524186436,8.41649193297545e-05,9.813696127382441e-05,9.547561995114443e-05,9.414494928980445e-05,9.54756199511444e-05,7.884223668439451e-05,8.848959897910948e-05,9.347961395913443e-05,8.25015810030795e-05,8.15035780070745e-05,8.982026964044944e-05,9.015293730578445e-05,0.00010479031458052438,8.815693131377447e-05,9.148360796712444e-05,9.148360796712443e-05,9.347961395913446e-05,8.882226664444448e-05,9.248161096312945e-05,9.248161096312942e-05,9.181627563245946e-05,8.449758699508951e-05,8.982026964044946e-05,8.848959897910946e-05,8.882226664444448e-05,9.281427862846444e-05,8.782426364843948e-05,9.081827263645442e-05,8.848959897910946e-05,9.248161096312945e-05,9.148360796712444e-05,9.414494928980442e-05,9.081827263645444e-05,8.882226664444445e-05,8.449758699508949e-05,8.582825765642948e-05,7.984023968039952e-05,8.18362456724095e-05,8.483025466042449e-05,8.649359298709947e-05,0.0001017963055925094,9.148360796712447e-05,8.982026964044944e-05,8.982026964044944e-05,9.414494928980444e-05,9.547561995114439e-05,8.982026964044947e-05,9.381228162446943e-05,9.115094030178947e-05,9.148360796712446e-05,8.349958399908449e-05,8.782426364843947e-05,8.71589283177695e-05,9.481028462047443e-05,8.815693131377446e-05,9.980029960049941e-05,8.649359298709947e-05,8.848959897910948e-05,9.347961395913442e-05,8.616092532176448e-05,8.848959897910948e-05,9.048560497111945e-05,8.383225166441948e-05,8.51629223257595e-05,9.015293730578449e-05,8.549558999109448e-05,9.115094030178945e-05,9.148360796712444e-05,9.115094030178943e-05,8.782426364843948e-05,8.48302546604245e-05,9.481028462047444e-05,8.316691633374949e-05,9.913496426982939e-05,9.347961395913443e-05,9.115094030178945e-05,7.950757201506453e-05,8.416491932975448e-05,9.347961395913443e-05,8.017290734573451e-05,8.682626065243448e-05,8.28342486684145e-05,9.447761695513944e-05,8.516292232575948e-05,9.314694629379943e-05
