HitRate: 3321311/30000000 0.110710
CumReqs: 30000000
CumProbs: 0.08945069444445873
