HitRate: 1943780/3000000 0.647927
CumReqs: 91834,92182,90882,93304,94957,96768,95861,91747,91598,91207,94188,94496,95723,93814,94158,93026,93167,94945,94386,96723,95731,96469,93763,91475,91268,92892,93523,93163,93404,94134,94282,94930
CumProbs: 0.01927373589452226,0.019406139148754633,0.018817236507540074,0.01906453260883255,0.019943124968704047,0.020116385839671694,0.019872776139889185,0.019194785462184227,0.01914409744142237,0.018628922830406777,0.01813924582983509,0.01821850346229903,0.01853430519165143,0.0201071698358968,0.02091510616682762,0.020271521903215423,0.019172974253250253,0.019221204673005476,0.01981133611472334,0.020746146097621584,0.02021653308069208,0.019670638457093503,0.018932743754851884,0.01852908278951238,0.018812321305526875,0.018979130973852086,0.018854407722765452,0.01906146060757429,0.019334254319310528,0.019926843362035124,0.01852232438674407,0.01951427359304655
