HitRate: 1793807/3000000 0.597936
CumReqs: 280816,267498,224556,121771,166496,178315,195760,168969,180702,174644,153437,138223,143934,194710,199713,210456
CumProbs: 0.20705391338537965,0.19596764579202364,0.15195399451332037,0.04739392679490175,0.09333399307207903,0.09597870416462297,0.11705569667249253,0.0912611293553964,0.09880938188346337,0.09477755900870495,0.07775098603822343,0.064924602155951,0.07225965723029945,0.12109316496269218,0.12595619224034313,0.13691460777812053
