HitRate: 697582/3000000 0.232527
CumReqs: 374259,375255,376325,377148,375854,373926,373119,374114
CumProbs: 0.0016438080676781464,0.0016611218249232883,0.001770997592055917,0.0016291579653937955,0.0016155067337197426,0.0016687798329355621,0.001561567720763725,0.001605850984486875
