HitRate: 2738671/3000000 0.912890
CumReqs: 3000000
CumProbs: 0.607773588496433
