HitRate: 2281352/3000000 0.760451
CumReqs: 3000000
CumProbs: 0.2706284114065786
