HitRate: 2970590/3000000 0.990197
CumReqs: 24010,23163,23987,24158,23907,24639,23341,21423,28438,23339,24148,23799,21290,24616,24103,23232,24779,24258,23905,22917,23757,22727,21670,24359,25071,22644,23199,23138,23954,21484,23691,23675,26176,26091,22309,23043,22352,22552,24537,21778,20989,21098,26646,23376,23204,23549,20929,21659,23800,21908,23003,24443,23709,25548,22848,23380,22537,26603,23880,23033,22566,24733,23765,21599,25630,22510,22470,22192,24874,23829,24014,26458,22040,22299,26521,21602,24478,25300,23947,21677,22843,22969,24639,22864,23187,21004,19997,22293,25574,25177,22816,22591,25147,23010,25076,24386,26226,21825,25121,22877,22681,22226,22172,22805,23328,23297,22067,22501,22823,24484,23773,21575,23856,23350,22780,23258,23339,21662,23328,19447,26973,24805,23363,23343,24059,24166,21820,22792
CumProbs: 0.007961857492310279,0.008042015977692699,0.007705231095058429,0.007750742565684752,0.007727913959021202,0.00767535384141592,0.0078088144072436545,0.007924772599651506,0.007732935457527045,0.007825839804552155,0.007885660558519393,0.007793511423670656,0.007505391353732206,0.007958213924792863,0.00768911990196341,0.008178881622982033,0.007708132699735922,0.007734631372589655,0.007617202503838412,0.007668649677183938,0.00782332243063109,0.007762229740366893,0.00781818168809747,0.007808536171178719,0.00769404865511421,0.007894113635159749,0.007650458338269818,0.007760427830612711,0.007740434581944597,0.007700832315364763,0.007745774064524689,0.007656871017100415,0.007795618068162516,0.00790700523950311,0.007831272032487216,0.007705747819179185,0.007747655470297291,0.007789987100181064,0.007860539816654064,0.007717433733907609,0.007848125188422091,0.007962241723066586,0.007631273299123773,0.007920320822612096,0.007841487270872305,0.00773049757962451,0.007702024755643153,0.007654353643179345,0.007756042300255463,0.00786295119588379,0.0077183744367939474,0.00771402865444587,0.008000784042732242,0.007752637220793786,0.007875909046909263,0.007724614874251006,0.00764921290064571,0.0077504775789562505,0.007864965095020642,0.0076596136297408185,0.007646616030705998,0.007787774460997794,0.007847581965628651,0.007889569112765367,0.007748675669202181,0.007622806973146986,0.007567623486929145,0.007731756266585107,0.008011052278463097,0.0078057273118561825,0.007677221997852081,0.007730073600858813,0.0077009250607197426,0.008094231612550901,0.0077775459732762715,0.007953974137136157,0.007987971934407577,0.007771583771884183,0.007808655415206473,0.007940049084551612,0.007767516225601163,0.007649809120784948,0.007815796807540588,0.007681541281527259,0.007711855763271837,0.007837088491178564,0.007819294632357324,0.00768229649370358,0.007952808195530707,0.007813319181628779,0.00789172875460291,0.007766456278687033,0.007781984500979234,0.007911655756588913,0.00769273697080798,0.0076989906576014604,0.007726218043958658,0.007923911392783731,0.007848946647280603,0.007460847084665065,0.007686708522733754,0.007828728159893234,0.00775282271150375,0.00793586229424075,0.007791603519225232,0.00785157001589312,0.007748755165220732,0.007890231579586689,0.007818857404255248,0.007584860873620438,0.00768645678534157,0.00774605230058963,0.007681037806743028,0.00782194449964263,0.007675022608005233,0.007720785816023631,0.007752014501981723,0.007721898760283449,0.007729199144654665,0.007762878957851748,0.007976537757071144,0.007580886072692418,0.007744979104339011,0.007865163835067029,0.007856843251790958,0.007782461477090597,0.008073628894407145,0.007943202426621252
