HitRate: 2105735/3000000 0.701912
CumReqs: 32812,53132,39373,60225,23723,24758,37607,24708,34324,71553,43613,43045,29725,36068,104255,69025,62719,43414,48159,69330,51418,52060,38913,64380,45825,63187,43020,45293,26949,75052,26967,63874,29999,30356,33813,46526,59268,43806,99167,62987,30900,38639,42485,40416,71709,57630,35790,29194,35914,39061,96047,24329,48379,33380,41921,34195,22176,26385,47812,80014,37212,46658,20770,64556
CumProbs: 0.0032252552579107173,0.003934332712571979,0.003176387754002979,0.002621558747050497,0.002328353723604068,0.0038784841366774213,0.006866050515036895,0.00395394620053495,0.006209497316276469,0.004088248728281386,0.007106066418583746,0.009398185054256226,0.003752159976915923,0.005531336037556837,0.008476351119996652,0.004361175399766102,0.004281059287917361,0.0032654795298347745,0.0033133497377443957,0.009590330749893456,0.007863678945153376,0.011937300665462376,0.005804927573040297,0.0067054858593400424,0.008511588911930119,0.009998889677122095,0.003434022553516565,0.006335821476037969,0.0034852170814199104,0.005838835636976277,0.003553365641291246,0.007858027601164042,0.003112228378124113,0.0027980801387172253,0.007195158194415542,0.003348255097678495,0.009273190622492213,0.00657184819559235,0.007428193025975572,0.011785711673748575,0.0024124590194452775,0.0026159074030611667,0.005005096182550377,0.0031208716101077936,0.012892710231658567,0.006347124164016629,0.006854747827058235,0.005026704262509582,0.007065177282660942,0.007552190161741463,0.014736710532177089,0.003858205784715707,0.008405543104130334,0.004888080118771306,0.0021960457878538657,0.00408725143228327,0.001746597724702423,0.004190637784088075,0.00888756950322027,0.009561409165948059,0.006081510996518108,0.0049555638146438945,0.002322037515615993,0.007852708689174088
