HitRate: 1623602/3000000 0.541201
CumReqs: 3000000
CumProbs: 0.5438577040515145
