HitRate: 1813620/3000000 0.604540
CumReqs: 3000000
CumProbs: 0.11505336067038602
