HitRate: 331149/3000000 0.110383
CumReqs: 3000000
CumProbs: 0.08966840277779324
