HitRate: 1713785/3000000 0.571262
CumReqs: 3000000
CumProbs: 0.1025469159978329
