HitRate: 1324433/3000000 0.441478
CumReqs: 341795,368680,404218,402198,395930,382394,362899,341886
CumProbs: 0.061964008249662826,0.08043021805152976,0.07312488599461298,0.06835962724732084,0.07402561176788576,0.06830370635674061,0.06471711352340224,0.06461292757845243
