HitRate: 1109223/30000000 0.036974
CumReqs: 234427,234751,234534,234206,235598,234377,234127,234287,234595,234625,234618,234243,234325,233985,234307,234054,234182,234533,233652,233864,234002,234058,234474,233585,234607,235052,234033,232767,234177,234159,234216,235650,235094,234672,234249,235013,234777,234906,234219,234481,234133,234371,233925,234417,235484,234447,235638,234878,234176,233860,234745,233955,234842,234741,234138,234113,233924,234429,233534,233984,234771,233913,234893,234643,234515,234405,234665,234292,234719,234809,234586,234654,234268,234496,233726,234266,234396,234919,234239,235155,234429,234234,233552,234145,234816,234378,233796,235090,233002,234454,234430,234763,234485,234612,233684,234540,233537,234712,234307,234963,234429,234930,234158,234685,233970,233872,234361,233996,234072,234322,234215,234583,233613,234154,234014,234853,234273,234373,234439,234259,235323,234173,234285,235055,234329,234073,233967,233750
CumProbs: 0.0006975694444444743,0.0006965277777778054,0.0006883680555555838,0.0006953125000000277,0.0006951388888889178,0.0006987847222222505,0.0006970486111111375,0.0006916666666666947,0.0006906250000000279,0.0006975694444444724,0.0006991319444444721,0.0006980902777778058,0.0006963541666666955,0.0006975694444444718,0.0006925347222222502,0.000692534722222251,0.0007010416666666942,0.0006942708333333631,0.0006935763888889166,0.0006899305555555836,0.0006904513888889176,0.0006944444444444728,0.0006914930555555837,0.0006949652777778072,0.0007019097222222504,0.0007052083333333606,0.0006989583333333613,0.0006980902777778074,0.0006972222222222494,0.0007022569444444725,0.0006940972222222504,0.0007076388888889171,0.0006942708333333606,0.0007055555555555844,0.0006947916666666929,0.0007098958333333596,0.0006982638888889161,0.0006914930555555838,0.0006961805555555845,0.0007034722222222522,0.0006998263888889175,0.0006932291666666947,0.000695138888888917,0.0006944444444444724,0.0006927083333333617,0.0006979166666666956,0.0006932291666666948,0.000691493055555583,0.0006967013888889179,0.0006965277777778058,0.0006977430555555827,0.0006953125000000293,0.0006942708333333621,0.0006873263888889164,0.0006956597222222507,0.0006913194444444728,0.0006881944444444724,0.000692361111111139,0.0006892361111111377,0.0006967013888889171,0.0006942708333333601,0.000702777777777806,0.0006940972222222522,0.0006963541666666949,0.0006970486111111396,0.0006937500000000288,0.0006977430555555848,0.0006918402777778063,0.0006956597222222506,0.0006951388888889155,0.0007038194444444721,0.0006968750000000286,0.0006980902777778069,0.0006991319444444718,0.0006980902777778062,0.0006980902777778055,0.0006972222222222509,0.0006887152777778055,0.0007003472222222488,0.00069704861111114,0.0006939236111111396,0.0006970486111111394,0.0006973958333333621,0.0006998263888889158,0.0007003472222222501,0.0006972222222222506,0.0006937500000000267,0.0006944444444444734,0.0006892361111111397,0.0006960069444444732,0.0006968750000000286,0.0006968750000000289,0.000698958333333362,0.0006953125000000262,0.0007053819444444716,0.0006902777777778049,0.0006996527777778065,0.000696006944444473,0.0007027777777778049,0.0006972222222222523,0.0006944444444444722,0.000696875000000029,0.0006987847222222507,0.0007006944444444735,0.000695833333333362,0.0007052083333333617,0.000699305555555583,0.000696875000000027,0.0007006944444444731,0.000685763888888915,0.000684722222222252,0.0007036458333333625,0.000696180555555585,0.0006975694444444706,0.0006986111111111393,0.000698090277777805,0.0007005208333333611,0.0006904513888889179,0.0006972222222222491,0.0007064236111111375,0.000691493055555584,0.0006958333333333626,0.0006996527777778056,0.0007008680555555828,0.0006987847222222494,0.000697743055555585,0.0006970486111111396,0.0006975694444444736
