HitRate: 1192181/3000000 0.397394
CumReqs: 177758,199413,208808,105705,117760,148063,130360,102501,68541,85328,85286,87645,79811,93979,101347,94781,76977,63025,63361,66619,75050,67854,78795,74886,88294,75099,71950,54995,57654,67271,67470,63614
CumProbs: 0.13063965280454126,0.14783920525310007,0.1488684803003751,0.04916537119022502,0.055997225953853154,0.08417471294384989,0.06640889266992947,0.05034320826697729,0.010856686607066422,0.01896497566880393,0.01708896367325281,0.024545045439661992,0.025678580386547745,0.04032193325167973,0.04483941810318265,0.0431562702669753,0.024278899561742017,0.005916832577587854,0.007882115030313651,0.009433022674363023,0.01803596333649,0.014496456329258764,0.02400575861068521,0.020258731100394955,0.03365562855228967,0.020995545470806728,0.01619925698999338,0.0053792112422150675,0.009849396075364251,0.013968494856789205,0.013268987543107137,0.014217985798669137
