HitRate: 1680378/3000000 0.560126
CumReqs: 187420,187063,187367,186989,187754,188121,187370,187825,187641,187189,187740,187787,187555,187760,187141,187278
CumProbs: 0.027729166666666645,0.02757291666666663,0.027104166666666606,0.02783333333333334,0.027677083333333297,0.02746874999999997,0.027729166666666676,0.027666666666666676,0.027291666666666606,0.027614583333333283,0.027656249999999907,0.027906250000000007,0.027312499999999944,0.02777083333333331,0.027531250000000014,0.027572916666666614
