HitRate: 548620/3000000 0.182873
CumReqs: 23174,23482,23526,23166,23843,23278,23485,23500,23563,23440,23267,23401,23358,23063,23487,23545,23098,23481,23866,23551,23365,23510,23494,23370,23359,23387,23501,23475,23491,23337,23614,23156,23568,23292,23493,23225,23361,23562,23192,23562,23592,23583,23570,23695,23238,23353,23640,23368,23680,23640,23353,23475,23331,23470,23318,23385,23408,23477,23471,23570,23330,23556,23431,23477,23379,23634,23376,23565,23469,23399,23228,23507,23353,23436,23293,23400,23731,23501,23383,23497,23461,23589,23291,23458,23144,23478,23375,23523,23479,23278,23564,23604,23261,23183,23503,23380,23436,23509,23334,23656,23469,23451,23503,23450,23163,23486,23300,23653,23583,23405,23612,23419,23332,23443,23545,23148,23249,23433,23243,23345,23566,23393,23702,23264,23597,23595,23367,23328
CumProbs: 0.003680555555555552,0.0036458333333333304,0.003524305555555552,0.0035590277777777747,0.0034027777777777763,0.003420138888888886,0.0037152777777777735,0.003541666666666664,0.003593749999999998,0.0032638888888888865,0.0035590277777777725,0.0035763888888888894,0.0034722222222222186,0.0034722222222222186,0.0035069444444444414,0.0035243055555555544,0.003298611111111109,0.0034201388888888866,0.0036458333333333295,0.003506944444444443,0.0036631944444444416,0.003506944444444445,0.003576388888888885,0.003593749999999996,0.003593749999999996,0.0034722222222222194,0.0035243055555555527,0.0035937499999999954,0.0034895833333333298,0.0037152777777777757,0.0035243055555555527,0.003593749999999996,0.003576388888888887,0.0035937499999999976,0.003559027777777774,0.003576388888888887,0.0034201388888888845,0.003576388888888884,0.0033680555555555534,0.003489583333333332,0.0035590277777777755,0.003541666666666665,0.0035590277777777747,0.003506944444444442,0.003454861111111109,0.003611111111111108,0.003593749999999996,0.0034722222222222207,0.0037152777777777752,0.0034374999999999983,0.0035416666666666617,0.0035763888888888876,0.003611111111111107,0.0033854166666666646,0.0035590277777777764,0.0035937499999999984,0.003611111111111106,0.0035590277777777734,0.0034548611111111095,0.0035937499999999997,0.0037673611111111063,0.00350694444444444,0.0035416666666666648,0.003784722222222217,0.0034722222222222203,0.0035590277777777734,0.0036111111111111083,0.003645833333333329,0.0034548611111111078,0.0036631944444444416,0.0036284722222222187,0.003628472222222218,0.003749999999999995,0.0034722222222222216,0.003749999999999994,0.0034548611111111086,0.003576388888888883,0.0035243055555555527,0.0035937499999999967,0.0034548611111111078,0.00366319444444444,0.0034722222222222194,0.00362847222222222,0.003524305555555553,0.003524305555555551,0.003524305555555551,0.0035243055555555527,0.003472222222222218,0.003524305555555553,0.003576388888888884,0.003472222222222218,0.003559027777777773,0.0036111111111111057,0.00348958333333333,0.003489583333333331,0.003680555555555551,0.0035937499999999967,0.003697916666666663,0.003437499999999998,0.0035937499999999967,0.00348958333333333,0.003559027777777775,0.003472222222222219,0.003576388888888884,0.003715277777777773,0.003472222222222219,0.003715277777777773,0.0036111111111111083,0.003611111111111109,0.0034375000000000005,0.003593749999999997,0.0035416666666666613,0.003420138888888887,0.003628472222222217,0.0036284722222222183,0.0036458333333333286,0.0035243055555555535,0.003368055555555555,0.0034722222222222194,0.0036458333333333295,0.003506944444444444,0.0033680555555555547,0.0035590277777777747,0.0036111111111111088,0.003576388888888888,0.003611111111111107,0.0039409722222222155,0.0034374999999999987
