HitRate: 2809948/3000000 0.936649
CumReqs: 3000000
CumProbs: 0.8633723958327335
