HitRate: 909128/3000000 0.303043
CumReqs: 94000,93938,93911,94248,93751,93685,93726,93657,93724,93551,93807,94044,93808,93955,93609,93705,93840,93860,93237,93668,93947,93280,93767,93979,94242,93121,93757,93871,93471,93688,93830,93323
CumProbs: 0.029107419241697175,0.029210710068120326,0.0292071705070903,0.02906687517898897,0.02914410196509983,0.02913187439063229,0.028950713221547422,0.028972272366003398,0.028973237700829782,0.0289751683704826,0.02915375531336366,0.029345535165538672,0.028887644679556887,0.028986108831848212,0.02908779076689411,0.028952643891200235,0.028892149575413553,0.028930762968468877,0.028966158578769673,0.028917570059174915,0.02880848722379343,0.02899029194942926,0.029044672477982245,0.029017321324568038,0.029219076303282406,0.02911482014203285,0.029044672477982276,0.029087468988618633,0.028915961167797623,0.029023435111801735,0.028923362068133306,0.028829402811698476
