HitRate: 2564876/3000000 0.854959
CumReqs: 67670,73176,80712,87654,92590,93934,102478,97254,94702,107958,111752,115310,107408,99603,111084,104133,102073,97862,91146,96929,92146,85339,93801,83542,87735,80203,92676,86235,82368,94125,95056,91346
CumProbs: 0.048797106382429546,0.05115607199096276,0.060569066003834236,0.06509173608551834,0.06830035149936195,0.069484232076948,0.07461819265003046,0.07752541399905055,0.06406910719631083,0.08229260027729393,0.08436834928405681,0.0890639984496377,0.07896260631983473,0.07579620952985719,0.07192118486567854,0.06872136499847385,0.07206689775499517,0.05541898026191373,0.05580745023846189,0.060207569036978485,0.06432036664529316,0.05516127074539618,0.0539595058896447,0.06124866857412743,0.06620144088645014,0.050532467734270135,0.0598835997357815,0.057889942497647916,0.05997478023593735,0.06767000399024616,0.06610820809207876,0.07101495037699167
