HitRate: 1955378/3000000 0.651793
CumReqs: 186850,189354,183033,191295,184901,182793,196557,194745,186133,183062,185281,189486,187419,186888,186582,185621
CumProbs: 0.0065679874830744285,0.006562323414327295,0.007143390231680403,0.0072206881110530655,0.006032566396212937,0.006158508630708048,0.005952936253238515,0.006208152527374111,0.006600305992984551,0.0064377139018903335,0.006138184619321271,0.007470240316441524,0.00713506071881697,0.006213483415606708,0.006862519057925431,0.007008452123292783
