HitRate: 2727548/3000000 0.909183
CumReqs: 3000000
CumProbs: 0.9111234351323975
