HitRate: 1618287/3000000 0.539429
CumReqs: 31275,61197,30955,42745,52685,49917,44276,45589,33583,68963,36342,34312,48425,61515,82049,48072,35040,88026,60268,51147,67797,33162,54085,46656,57265,28503,49773,30049,46396,68754,30078,53407,43841,55108,44865,30817,38449,46077,59241,29854,46285,37748,56901,50940,39567,46273,43179,48407,51929,44454,69468,57503,56622,38818,28641,31776,58987,38404,39273,30912,35571,57907,35407,34470
CumProbs: 0.0024028601454224394,0.009891546942266486,0.002844310431034454,0.0029141706872353006,0.0059966713251259724,0.005739519048729527,0.0038339973938797756,0.002943445461262322,0.003964070537568019,0.009745173072131382,0.0015329336217785683,0.0034813694340088378,0.0038220213499596317,0.0030572178785037,0.007196937060233847,0.0023749160429421016,0.002080504963238535,0.0024045234848557935,0.00961044257802975,0.0045528926969751506,0.006374914712270557,0.0036543567350776,0.0035302716133494318,0.008300729108207216,0.001611110575146183,0.0025422479899374624,0.002842979759487771,0.0030565525427303573,0.0024178302003226215,0.010792411579370732,0.001053891864972766,0.004105121721516393,0.003116432762331084,0.007688287528846463,0.004090817002389552,0.0019481031443435977,0.0035335982922161365,0.0029161666945553256,0.002633398990885233,0.003517630233655944,0.00440419015163335,0.0036566854102842946,0.009671320801290488,0.004875247879159055,0.005240849886610152,0.004882899240552482,0.004691947873603503,0.0010382564742992433,0.008464401708449202,0.003842979426819884,0.013253488604960544,0.003985693950201613,0.003778441856805771,0.005544908335027167,0.0017544904343012523,0.0017894205624016757,0.0008250163589433271,0.005690616869388934,0.004408182166273399,0.0037375237067452747,0.001905188986963078,0.0022691276549808193,0.004682633172776722,0.0048210230136317336
