HitRate: 1348543/3000000 0.449514
CumReqs: 3000000
CumProbs: 0.014219236814634984
