HitRate: 1829843/3000000 0.609948
CumReqs: 3000000
CumProbs: 0.38421967242530897
