HitRate: 1147644/3000000 0.382548
CumReqs: 375361,374814,374571,374006,374966,375017,375470,375795
CumProbs: 0.1439200129708785,0.1428678215817887,0.14279239698234783,0.14298559852592882,0.14279322673973655,0.14352674615837335,0.14380763118565876,0.14373199827892377
