HitRate: 304303/3000000 0.101434
CumReqs: 46870,46751,46462,47077,46606,47005,46347,46482,46989,47080,47013,46810,46595,46527,46716,47207,47008,46605,47060,47187,47009,47329,46704,46751,46532,47042,47138,47236,46677,46959,46858,47130,47240,46924,47152,47350,46781,46585,47489,47098,46573,46959,46701,46811,46938,47153,46955,46829,46580,46471,46861,47008,46730,46739,46867,46548,46943,46848,46818,47051,46642,46785,46796,47013
CumProbs: 0.0024823191980343235,0.0024757794033838836,0.002436540635481183,0.0023916963293066835,0.0024275094904877073,0.002473910890626606,0.002458339950982688,0.0024676825147690318,0.0024518001563322307,0.002500692906814153,0.0024608313013257024,0.002453045831503754,0.0024577171133969193,0.002452111575125101,0.0024427690113387594,0.002510658308186257,0.002417232670322719,0.0024608313013256985,0.0024440146865102727,0.002496644462506739,0.0024486859684034502,0.0024854333859631083,0.0024564714382254126,0.0024729766342479827,0.0024704852839049353,0.0024296894220378553,0.0024446375240960282,0.0024278209092805864,0.0024228382085945245,0.0024851219671702214,0.00247453372821236,0.0024502430623678404,0.002515641008872316,0.002492284599406437,0.0024770250785553886,0.0024947759497494677,0.0024611427201185927,0.002464568326840252,0.0024854333859631083,0.002442769011338754,0.0024430804301316346,0.0024844991295844736,0.0024788935913126614,0.002460208463739951,0.002473288053040845,0.0024384091482384496,0.0024561600194325356,0.0024474402932319313,0.002434360703931029,0.0024433918489245123,0.002453980087882382,0.0024580285321897997,0.0024592742073613104,0.002509412633014753,0.0024293780032449766,0.0024751565657981176,0.0024944645309565826,0.002496333043713856,0.0024468174556461805,0.0024461946180604228,0.0024514887375393537,0.0024636340704616106,0.0024633226516687363,0.0024813849416556845
