HitRate: 2305198/3000000 0.768399
CumReqs: 12616,21479,15256,22358,14840,50856,28221,38326,26101,29740,17775,12399,17350,10661,16132,15634,11312,16482,22895,17189,14489,19574,14923,16045,19741,20197,15057,19988,12757,17874,13045,15340,12438,15313,13790,30670,19849,23021,20985,11567,19025,16677,11164,20018,19044,18529,13861,21187,32263,13758,17972,16218,15627,16701,21253,14190,10599,11722,21470,16104,17124,14341,35380,15808,14391,56039,19317,15309,29209,15300,16244,111998,14842,47517,16952,13681,12796,14168,20374,12817,15716,56676,37804,19399,46707,14671,16742,12999,20862,12960,18290,12344,127723,13498,233487,14273,15061,14895,20352,19948,80887,15959,29828,15510,24462,12697,14254,21712,11873,22420,16524,22225,16371,23173,17814,12341,14641,15747,15408,41145,13851,34755,14799,10928,18975,14362,14812,62846
CumProbs: 0.0024741111459056107,0.005424452200762794,0.0032393786611562355,0.005657966666444579,0.0030429853809157154,0.01519335219851015,0.007583191907962305,0.01105069135828322,0.007038747854823808,0.00820029195653712,0.004197549430665718,0.002345297459673545,0.0041432953904054146,0.0017266110356525196,0.003656595403508874,0.0035300026429014955,0.001916024263929725,0.0037108494437691803,0.005692549651171906,0.003887254393387482,0.003186710996342136,0.004818456780311433,0.003220659430890982,0.0036312133963695504,0.004762299089515676,0.004897775552621822,0.0032117757283922194,0.00492728213592129,0.0024674483690315394,0.004112202431659738,0.0026286241143662482,0.0033602604701572663,0.0026283068392770046,0.0033615295705142333,0.0028964042896861193,0.00843190277168346,0.004918081158333279,0.005842620768383158,0.005254392752929318,0.002214262847816783,0.004553532080794736,0.003696889339842554,0.002005813114185084,0.00482702320772096,0.0046829803172052905,0.004435188472507639,0.0028754641337961763,0.00532133779675929,0.00908866220641347,0.002781233432291433,0.004298760184133771,0.0037194158711787014,0.00347638315281967,0.003826972126431586,0.00532355872238398,0.0029271799733425466,0.001719948258778446,0.0022456730816516955,0.005440950505403357,0.0036876883622545464,0.0040344700347955615,0.0030816929418031797,0.010153120130818864,0.0035296853678122558,0.0029119507690589528,0.01696565084701345,0.004689325818990126,0.0034633748741607706,0.008037529835756207,0.003449097495144899,0.003760027082601621,0.0355259262925549,0.0033212356341805597,0.014065439256256425,0.003903435422938796,0.002843102074693539,0.002541690739914064,0.003061704611180969,0.00507291140188316,0.002507107755186736,0.003486535955675401,0.017195675286713594,0.010861912680184483,0.0046937676702395025,0.013802418207275185,0.0032292258583005054,0.003920568277757842,0.0026679662254321997,0.005317530495688389,0.0025658036466964223,0.0043987018372448625,0.0024284235330548284,0.04071242217638652,0.0028675322565651367,0.07615712604609579,0.0030036432698497665,0.0033186974334666213,0.003196863799197866,0.005024685588318442,0.004928868511367493,0.02528999736344404,0.0036607199796690132,0.008135250563242599,0.003436406491575239,0.006323927078762587,0.0024623719676036752,0.0030648773620733814,0.00545840063531164,0.002342759258959611,0.005729353561523926,0.003766372584386448,0.005683983223762384,0.003811108371969509,0.00599364371086214,0.004189617553434679,0.0024242989568946894,0.003201940200625734,0.0034916123571032682,0.003458615747822145,0.011972058217440686,0.0027495059233672817,0.009808559383902538,0.0031118340752811307,0.00191475516357276,0.004492932538749605,0.0030036432698497604,0.0033015645786475794,0.019139619758496554
