HitRate: 2950997/3000000 0.983666
CumReqs: 3000000
CumProbs: 0.9839421420342243
