HitRate: 2851724/3000000 0.950575
CumReqs: 23241,23211,23237,23563,23411,23376,23562,23223,23476,23118,23465,23621,23369,23382,23329,23664,23604,23415,23547,23437,23183,23467,23474,23236,23315,23537,23226,23456,23385,23482,23592,23521,23293,23528,23274,23435,23450,23874,23502,23245,23414,23748,23318,23367,23211,23791,23454,23356,23392,23354,23287,23431,23348,23512,23437,23496,23420,23251,23646,23561,23385,23639,23481,23360,23354,23201,23647,23767,23543,23469,23353,23248,23560,23278,23334,23782,23687,23336,23332,23392,23609,23745,23566,23262,23592,23550,23638,23414,23368,23084,23459,23176,23334,23472,23756,23213,23631,23442,23375,23352,23238,23524,23687,23531,23394,23729,23473,23554,23195,23335,23698,23352,23226,23314,23287,23157,23294,23087,23349,23454,23564,23473,23526,23650,23654,23554,23558,23437
CumProbs: 0.006675347222222215,0.006710069444444431,0.006640624999999986,0.006640624999999986,0.006640624999999987,0.006701388888888879,0.00662326388888888,0.006631944444444436,0.006684027777777768,0.006605902777777766,0.006614583333333327,0.006614583333333326,0.00670138888888888,0.006605902777777774,0.006588541666666658,0.006631944444444433,0.006657986111111103,0.006640624999999992,0.006614583333333328,0.006588541666666654,0.006675347222222218,0.0066579861111111015,0.006623263888888877,0.006605902777777768,0.0066145833333333195,0.006605902777777773,0.006692708333333323,0.006640624999999991,0.006640624999999992,0.006597222222222216,0.006684027777777769,0.006605902777777765,0.006614583333333325,0.006623263888888876,0.006631944444444434,0.00664930555555555,0.006675347222222212,0.006640624999999992,0.006640624999999991,0.006710069444444436,0.0066579861111111015,0.006623263888888874,0.006545138888888881,0.00668402777777777,0.006631944444444432,0.006684027777777774,0.0066579861111111,0.006571180555555549,0.006666666666666659,0.006684027777777766,0.006631944444444439,0.0065972222222222135,0.006631944444444437,0.006614583333333326,0.006649305555555547,0.006597222222222215,0.006640624999999991,0.006614583333333323,0.006640624999999994,0.006692708333333327,0.006597222222222214,0.006657986111111101,0.006727430555555542,0.006684027777777768,0.00658854166666666,0.006623263888888883,0.006579861111111102,0.006605902777777762,0.006623263888888879,0.006692708333333323,0.006588541666666658,0.006640624999999989,0.006579861111111105,0.0066753472222222145,0.00660590277777777,0.006657986111111102,0.006571180555555546,0.006605902777777768,0.006657986111111104,0.006597222222222214,0.006675347222222215,0.00656249999999999,0.006666666666666652,0.006588541666666661,0.006614583333333322,0.006614583333333326,0.006640624999999988,0.0066493055555555455,0.006640624999999994,0.006640624999999991,0.00667534722222221,0.006614583333333327,0.006631944444444429,0.006605902777777766,0.006631944444444437,0.006727430555555546,0.00664062499999999,0.006605902777777768,0.006571180555555543,0.006649305555555543,0.006666666666666659,0.006675347222222217,0.006605902777777774,0.0066579861111111015,0.0066753472222222145,0.006605902777777769,0.006631944444444433,0.006649305555555546,0.0066753472222222145,0.0066840277777777644,0.00662326388888888,0.006631944444444436,0.006623263888888881,0.006614583333333331,0.006588541666666656,0.006623263888888885,0.0066232638888888765,0.006605902777777773,0.006666666666666658,0.006666666666666654,0.006579861111111096,0.006614583333333326,0.006605902777777771,0.006718749999999992,0.006597222222222208,0.006571180555555544,0.0065798611111111014,0.006579861111111099
