HitRate: 30116/3000000 0.010039
CumReqs: 186726,186747,186619,186856,188839,187442,188300,187189,188398,188350,187016,187625,186901,187932,187870,187190
CumProbs: 0.0006375421334366021,0.0006398750110811687,0.0006492065216594359,0.0006232115993342632,0.0006145466252258726,0.0006342094510872208,0.0006345427193221591,0.0006712022251653509,0.0006222117946294492,0.0006628705192918983,0.000637208865201664,0.0006795339310388037,0.0006512061310690644,0.0006792006628038654,0.0006328763781474684,0.0006695358839906604
