HitRate: 1146738/3000000 0.382246
CumReqs: 93384,93676,93809,94122,94235,93580,93305,93570,93826,93970,93723,94060,93919,93603,93879,93312,93712,93863,93645,93672,93136,93468,93628,93439,94207,93895,93960,93974,93461,94340,94044,93583
CumProbs: 0.03578182712263721,0.03570276665926621,0.035987631238088964,0.0358456996925779,0.03604108616483317,0.035957484827740284,0.03573772259813558,0.03584227466940224,0.03591527086915792,0.035742008705513126,0.03590118689088253,0.03556572102877732,0.036443738729422616,0.03580483616922457,0.035871093213260895,0.03584567864288847,0.03576092977221182,0.03597624357312265,0.03563443654633317,0.03599225652757553,0.035772545728655104,0.03569982599595418,0.03579210479624949,0.036136020047087054,0.03530529752644331,0.03574654198398604,0.036274208871017496,0.03578765745259096,0.03559408884887399,0.03562773080970838,0.03544310919202109,0.03604271849229471
