HitRate: 2706755/3000000 0.902252
CumReqs: 23597,23312,23231,23308,23793,23255,23607,23303,23310,23177,23328,23776,23258,23466,23783,23724,23079,23179,23310,23579,23598,23379,23715,23549,23702,23616,23325,23608,23595,23487,23348,23209,23457,23312,23152,23751,23797,23455,23695,23502,24107,22939,23545,23483,23032,23506,23360,23598,23451,23243,23523,23352,23294,23257,23682,23558,23386,23926,23319,23698,23699,23173,23545,23427,23344,23185,22978,23359,23716,23375,23267,22962,23625,23624,23132,23320,23435,23614,23703,23320,23344,23175,23664,23596,23447,23604,23704,23418,23339,23445,23053,23401,23316,23363,23264,23358,23726,23479,23137,23183,24046,23121,23596,23339,23655,23541,23475,23422,23429,23344,23361,23138,23367,23355,23499,22993,23301,23323,23685,23994,23489,23261,23236,23665,23495,23604,23292,23269
CumProbs: 0.007126672497678117,0.007008807060075302,0.006987552636901028,0.007011061317078637,0.007159198205869056,0.007006230766357215,0.007107672331507174,0.007042620915125299,0.007003332435924353,0.006979823755746746,0.007019434271662442,0.007156943948865726,0.007018468161518156,0.007073536439742423,0.007132147121829068,0.0071559778387214395,0.00696919654415961,0.007006874839786735,0.007031671666823396,0.007116045286090976,0.007101875670641466,0.007048739612705767,0.007150181177855725,0.00711379102908765,0.007125384350819066,0.00712796064453717,0.007009451133504831,0.00711990972666812,0.00712635046096335,0.007082231431040988,0.0070284512996757744,0.007017180014659106,0.007060977007866712,0.0070184681615181556,0.00696468803015295,0.007202029088932377,0.007176910225180948,0.007085129761473844,0.007158554132439532,0.007114435102517171,0.007266758468599486,0.0069424674968343834,0.007103807890930026,0.007056790530574812,0.006974671168310561,0.007059366824292901,0.007052926089997671,0.00711057066194003,0.007099621413638125,0.006981111902605794,0.007123774167245261,0.007032637776967673,0.007005586692927689,0.0070088070600753,0.007108316404936694,0.0071472828474228685,0.007068705889020997,0.007198808721784752,0.007023298712239585,0.007164028756590477,0.007147282847422871,0.00695921340600199,0.007136333599120974,0.007061943118010995,0.007040366658121963,0.007000756142206267,0.006935060652394859,0.00703134963010863,0.007118943616523833,0.007065485521873379,0.007003654472639118,0.006915416412794392,0.0071199097266681196,0.007146638773993348,0.006964688030152942,0.00707611273346052,0.007114757139231929,0.007100587523782412,0.007162096536301912,0.007036824254259583,0.007030383519964348,0.0070162139045148245,0.007117655469664792,0.007111214735369549,0.007102841780785739,0.007084163651329562,0.007147282847422873,0.007082231431040991,0.0070358581441152925,0.007004298546068639,0.006973383021451517,0.007053570163427191,0.007031027593393867,0.007067417742161947,0.007002688362494832,0.0070413327682662475,0.007153401545003345,0.007098011230064317,0.0070100952069343525,0.006995281518055306,0.0072799619739047266,0.006983688196323889,0.007116045286090974,0.007050993869709098,0.007129248791396214,0.007129570828110973,0.007066773668732425,0.0070822314310409916,0.007057756640719091,0.007051637943138622,0.007049061649420531,0.006936992872683435,0.007076112733460513,0.007053892200141952,0.007099943450352887,0.00694826415770009,0.00704390906198434,0.0070068748397867356,0.007128604717966686,0.007285758634770433,0.007110248625225276,0.006989484857189599,0.007053248126712425,0.007152435434859056,0.007068061815591473,0.007160808389442865,0.007028773336390538,0.007015891867800067
