HitRate: 2179659/3000000 0.726553
CumReqs: 3000000
CumProbs: 0.43810308221928074
