HitRate: 2743206/3000000 0.914402
CumReqs: 154580,206901,116835,180770,247535,172449,238621,145080,221376,262224,169259,152637,161653,215885,209091,145104
CumProbs: 0.04449727285266153,0.05096882299786434,0.032887051818166646,0.04886077171909868,0.0630979295395146,0.05014220429759677,0.04207770089533,0.038034244549729535,0.06126447095614141,0.06518767463858725,0.03954671374090257,0.04379122243933644,0.04683383575379965,0.050256460108782985,0.04807865597291201,0.03304360121691916
