HitRate: 111381/30000000 0.003713
CumReqs: 3749817,3748066,3751558,3752001,3747174,3748650,3753667,3749067
CumProbs: 0.0010888888888888853,0.0010944444444444409,0.001105555555555552,0.0011083333333333294,0.0011083333333333297,0.0011333333333333295,0.0010999999999999962,0.0011277777777777738
