HitRate: 1941071/3000000 0.647024
CumReqs: 343542,347563,355728,358094,364424,404712,407667,418270
CumProbs: 0.21179611606051227,0.21590503426659302,0.2243889745390259,0.22596729080117595,0.23300792819511043,0.2740549390053345,0.2755283175044042,0.2847968391830416
