HitRate: 2810402/3000000 0.936801
CumReqs: 23418,23315,23635,23802,23563,23415,23243,23560,23703,23349,23178,23380,23389,23707,23475,23551,23530,23305,23424,23490,23325,23286,23317,23498,23301,23671,23184,23527,23411,23170,23325,23310,23364,23550,23414,23394,23417,23590,23233,23597,23457,23344,23559,23369,23432,23395,23572,23595,23579,23812,23295,23489,23293,23479,23589,23624,23199,23318,23292,23486,23395,23415,23256,23737,23535,23652,23418,23508,23524,23359,23642,23507,23739,23095,23497,23185,23449,23507,23269,23402,23349,23463,23276,23296,23599,23442,23555,23439,23518,23356,23450,23479,23412,23086,23219,23497,23233,23605,23405,23486,23369,23435,23495,23516,23432,23352,23268,23435,23430,23363,23681,23474,23615,23283,23615,23439,23196,23155,23450,23261,23451,23457,23602,23644,23523,23186,23311,23812
CumProbs: 0.006756510416666353,0.006751302083333023,0.006748697916666352,0.006744791666666356,0.006743489583333023,0.006725260416666361,0.006743489583333022,0.006730468749999696,0.006751302083333016,0.00674348958333302,0.006757812499999689,0.0067513020833330235,0.006733072916666349,0.006747395833333021,0.006738281249999686,0.006757812499999688,0.006751302083333014,0.006746093749999687,0.006755208333333023,0.006714843749999691,0.006721354166666358,0.006735677083333026,0.00673697916666636,0.006749999999999689,0.006738281249999691,0.006733072916666363,0.006733072916666356,0.006755208333333014,0.006733072916666354,0.006734374999999692,0.00675260416666635,0.006740885416666354,0.0067473958333330265,0.006753906249999688,0.006747395833333027,0.006753906249999682,0.006733072916666357,0.006764322916666352,0.006757812499999691,0.00674218749999969,0.0067239583333330265,0.006766927083333027,0.006738281249999693,0.006764322916666358,0.0067486979166663606,0.00673828124999969,0.006756510416666358,0.006726562499999689,0.006747395833333025,0.0067330729166663605,0.006760416666666357,0.006747395833333022,0.00673307291666635,0.006731770833333023,0.006739583333333023,0.006746093749999688,0.0067252604166663545,0.006753906249999689,0.0067252604166663605,0.00675390624999969,0.006755208333333021,0.006738281249999687,0.006768229166666355,0.0067356770833330235,0.006735677083333027,0.006743489583333022,0.006744791666666356,0.006747395833333023,0.006743489583333028,0.006738281249999686,0.0067604166666663515,0.0067421874999996825,0.00675520833333302,0.006740885416666357,0.006757812499999684,0.0067565104166663545,0.006753906249999694,0.006742187499999693,0.006746093749999689,0.006747395833333021,0.006746093749999696,0.006731770833333024,0.006744791666666358,0.006725260416666362,0.00672395833333303,0.006748697916666358,0.006739583333333027,0.00674609374999969,0.006747395833333018,0.006734374999999687,0.006734374999999692,0.006749999999999686,0.006744791666666355,0.006729166666666354,0.006768229166666348,0.006735677083333016,0.006742187499999689,0.006727864583333024,0.006730468749999693,0.006740885416666355,0.0067526041666663575,0.006743489583333021,0.00672526041666636,0.006765624999999687,0.006735677083333024,0.006763020833333021,0.006723958333333027,0.006759114583333019,0.006742187499999689,0.0067343749999996955,0.006739583333333027,0.006734374999999695,0.0067565104166663545,0.006747395833333028,0.00676171874999968,0.0067656249999996886,0.006774739583333017,0.0067239583333330265,0.006752604166666354,0.006740885416666356,0.006738281249999691,0.006760416666666362,0.006744791666666361,0.006727864583333017,0.006727864583333022,0.006748697916666353,0.006733072916666364,0.006744791666666352
