HitRate: 26997589/30000000 0.899920
CumReqs: 30000000
CumProbs: 0.9000000000247769
