HitRate: 2966334/3000000 0.988778
CumReqs: 181713,191685,181968,186288,193692,188667,190443,185117,192196,190358,188832,183186,187276,183871,190815,183893
CumProbs: 0.0604945336055171,0.0620381832443763,0.06140444746486939,0.0603990567287261,0.061768687630499024,0.060462402844488304,0.06077666182629437,0.06054076162352242,0.0615267457461664,0.0620430348977509,0.062176684217132114,0.0601858586021229,0.061304851259740514,0.06186068596336129,0.06204248565397178,0.06192632059486595
