HitRate: 2086707/3000000 0.695569
CumReqs: 49798,38923,35861,43864,46476,46993,38354,35730,42762,44869,45615,37946,35641,41900,43611,44537,37521,35128,41029,42807,43895,37661,35464,40058,41798,42753,36980,34740,39654,40954,41679,37091,34741,38455,40066,41503,36718,101075,104605,105593,40456,36413,67949,70969,72103,40231,36414,61115,63594,64965,39845,36328,53415,56151,57323,39137,36155,49042,51368,52697,39048,36223,45950,48261
CumProbs: 0.03592446963613751,0.025239826689510254,0.02223341449453058,0.030483221502991317,0.03267059987040804,0.03363478250085932,0.02457721535826451,0.02203105169749329,0.02890941390040702,0.031210656571449256,0.032106915198995285,0.024516055571416374,0.021927897402625043,0.028030629497674646,0.029745640110447523,0.030887101570058233,0.024081736532092793,0.021832352850820577,0.027241189115360828,0.029086974571901816,0.029988870046162307,0.02388501058176988,0.021704678272745446,0.026505298776831672,0.028093480338536873,0.02897198289893359,0.023625433790584252,0.021440028319517412,0.02575334342516721,0.027144799036549264,0.028382086890300244,0.023243255583366335,0.021606597139919824,0.025142872926027245,0.026422437130134212,0.02744947060144778,0.02313925576149078,0.08746807783245089,0.09072082022883791,0.09204970684169203,0.026827162724208334,0.02289292556008345,0.054151495328602556,0.05719511071189564,0.05853837128387247,0.026695824195769224,0.02306682228121435,0.047299908147581865,0.05020288420535723,0.051573201641561206,0.026038004184230717,0.02266660616451137,0.03993367686156038,0.04254156399385106,0.043716564691411296,0.02588862774630621,0.022582053463799306,0.035429272652301946,0.03774009796275811,0.03904249139605706,0.02536270994787823,0.022584308202485113,0.03241778729527962,0.03456824431671879
