HitRate: 36729/3000000 0.012243
CumReqs: 374933,374853,375650,375139,374823,374915,374432,375255
CumProbs: 0.0010972222222222223,0.0009166666666666668,0.001,0.00125,0.001125,0.0010277777777777778,0.000902777777777778,0.0010833333333333333
