HitRate: 2907747/3000000 0.969249
CumReqs: 374072,377035,375277,378132,374093,373741,373782,373868
CumProbs: 0.11664700042595745,0.11795836940242047,0.1175850114047013,0.11768699245640697,0.11657121240226985,0.11690420737320767,0.11663562148755746,0.11732587218489249
