HitRate: 1070930/3000000 0.356977
CumReqs: 3000000
CumProbs: 0.01028986811450741
