HitRate: 1378154/3000000 0.459385
CumReqs: 3000000
CumProbs: 0.018595085214750007
