HitRate: 1512497/3000000 0.504166
CumReqs: 3000000
CumProbs: 0.5206680440748869
