HitRate: 401158/30000000 0.013372
CumReqs: 468921,469402,469245,467545,469093,470126,467247,468594,467696,469948,469782,469603,468524,469444,469407,468036,467732,468749,468053,468360,467613,468890,468413,469885,470157,468314,468137,469574,468339,468969,468819,468792,467648,469208,468806,469759,468856,468575,468337,467559,468742,469715,466888,469267,468726,469183,469310,468655,468445,468368,468593,468271,469871,468739,470380,468072,467420,468842,468723,467276,469057,468808,468835,469657
CumProbs: 0.00020012794901872125,0.00021010083979458076,0.0002167156303487239,0.00020512239976523618,0.00020961212473788587,0.00021072934250178097,0.00021051545665976248,0.00020623219729332985,0.00021336710313722316,0.000212652667404571,0.00019946074791278562,0.0002044632883819038,0.00021599824268926058,0.00021211540695931856,0.0002115982837438864,0.00020680470887707878,0.00021457211644536136,0.00021687001161791968,0.00020210796816886372,0.0002085620829757987,0.0002092462040856786,0.00020917650258868472,0.00021366466723391105,0.0002068833795440865,0.0002045598919635994,0.0002123647012746571,0.0002114935785038425,0.00021112683265761222,0.00020768061950933607,0.00020900178714987187,0.0002097900617428453,0.00020132818314595854,0.00020401878224050735,0.00021666374512163477,0.0002073364229985321,0.00020215485394629921,0.00021223188572697308,0.0002043625414690082,0.00021012730568204725,0.00020442942395999054,0.00020757536142727387,0.00021283136232935307,0.00020434354898566325,0.00020339418469213555,0.00020630679787121076,0.00020586334750073414,0.00021109387806500667,0.00021077811792470132,0.0002045451865829309,0.0002092476304072347,0.00020808744179034275,0.00020288860279981592,0.00021611779870905142,0.00020399712483077078,0.0002139046657738435,0.00020691298236241533,0.0002122198913880754,0.00021136856405074014,0.00021731479716426155,0.0002082294695632158,0.00019842883274998,0.0002072264546373717,0.00020508673738606293,0.00020804840702060533
