HitRate: 2851958/3000000 0.950653
CumReqs: 3000000
CumProbs: 0.8494166666667538
