HitRate: 1745743/3000000 0.581914
CumReqs: 3000000
CumProbs: 0.4183810763887809
