HitRate: 1671689/3000000 0.557230
CumReqs: 20343,22628,23084,22592,22498,23973,23280,21759,21125,25999,23844,24801,23717,22718,25146,25202,21816,23598,26079,25140,24466,24475,23682,22395,24004,25633,24691,23878,22414,20530,21678,23609,22292,24258,21824,22543,24913,24852,25488,23898,24340,23490,23058,26054,23759,22911,25666,21208,21980,24911,22021,20542,21387,24867,19675,24668,22217,23181,22948,24190,21776,25024,25029,19900,21259,23297,25510,23094,28909,24135,22704,21508,21761,24094,22571,22384,22542,24458,22683,24196,24363,23247,21709,25051,26182,23913,23754,22040,23099,24054,26098,24953,27849,22059,23072,23788,22226,24946,22903,23314,22784,22759,25435,21182,24830,19532,22631,22675,20353,22474,24018,22803,24652,24012,25399,22755,22911,22025,21957,21655,23152,22433,24868,24432,22936,23129,25676,27140
CumProbs: 0.00035798254586028727,0.0003058459413147723,0.000341710611957547,0.0006189976488715913,0.0004190853180664958,0.0005300001328321133,0.000387205610828474,0.0005841292190800046,0.00041078331097326094,0.0003187970723802187,0.0004901504987845862,0.00030717426244968987,0.0005950878684430748,0.0003028572187612078,0.0004605953535326701,0.0004967921044591742,0.00043137228856448347,0.0002905702482632202,0.00046092743381639944,0.0005618798400701352,0.0003549938233067227,0.0004051379461498612,0.0004934713016218801,0.0007531580834982664,0.0002945552116679729,0.0005276755708460077,0.0006764475379567763,0.00031049506528698387,0.00035565798387418145,0.0005197056440365023,0.0005934274670244279,0.0002975439342215374,0.0003294236414595593,0.00032610283862226537,0.00020821433789833035,0.000264335905848598,0.0004101191504058021,0.000376246961465404,0.0002779511974815032,0.00031414794840800716,0.0005874500219172988,0.0004688973606259051,0.0004250627631736249,0.0002952193722354317,0.00024706773109466946,0.00044996878445332947,0.0003340727654317709,0.00039417929678679125,0.00032842740060837113,0.0004635840760862347,0.0003051817807473135,0.0003320802837293945,0.0002095426590332479,0.00020223689279120124,0.0002576943001740101,0.0004416667773600947,0.00046258783523504647,0.00048151641140762203,0.0003247745174873478,0.0003795677643026979,0.00030418553989612537,0.0003051817807473135,0.00036395999096741643,0.00047055776204455195,0.00018729328002337853,0.00038853393196339154,0.0003593108669952048,0.00034669181621348785,0.0005847933796474632,0.0005758272119867698,0.0005123998777944557,0.00032809532032464174,0.000284592803156091,0.0004483083830346826,0.0002640038255648687,0.0007624563314426895,0.0005031016298500326,0.0005373058990741601,0.00029754393422153747,0.0003187970723802188,0.00044498758019738855,0.00042373444203870733,0.00040480586586613183,0.0004260590040248131,0.00047088984232828134,0.0005957520290105336,0.00058678586134984,0.0003895301728145797,0.0005452758258836656,0.0006106956417783563,0.0004745427254493047,0.0005857896204986518,0.00036296375011622825,0.0003207895540825951,0.0005197056440365023,0.00033805772883652353,0.00034934845848332295,0.0004944675424730683,0.0002606830227275747,0.0004094549898383434,0.00046956152119336376,0.00039849634047527344,0.0005084149143897025,0.0005070865932547853,0.0007959964400993581,0.00037525072061421575,0.0003686091149396279,0.0003101629850032545,0.0003911905742332268,0.00044100261679263575,0.00038554520940982704,0.00029189856939813776,0.0003563221444416403,0.0004124437123919079,0.0005661968837586174,0.00033374068514804145,0.00022647875350344707,0.0006329450207882257,0.0005087469946734323,0.0005040978707012208,0.0003706015966420042,0.0003008647370588314,0.00029355897081678473,0.000522694366590067,0.0005867858613498399,0.0004702256817608226,0.0002985401750727257,0.0004097870701220728
