HitRate: 1512914/3000000 0.504305
CumReqs: 3000000
CumProbs: 0.594579515858022
