HitRate: 1689139/3000000 0.563046
CumReqs: 46347,46826,47063,47039,46960,47011,47079,47177,48046,47736,47555,46561,46428,45931,46347,46462,46198,46853,46473,46426,46732,47218,47333,46795,47081,46640,47141,47219,46862,46929,46879,46836,45894,46334,45943,47175,47365,46557,47036,47120,47439,47066,46712,46635,47037,46860,46685,46725,46527,46487,47598,47401,47562,47046,46988,46828,47442,46649,46905,46575,46309,46952,46567,47398
CumProbs: 0.02826470049264528,0.028229788597233754,0.02810182825954425,0.028065717672444514,0.027852949897832196,0.028113965012884722,0.028153821511509452,0.028241176168269155,0.028253312921609992,0.028295267130688535,0.028362094192291847,0.028009229326649652,0.028244622406872217,0.02794674752241512,0.028116961742104738,0.02789400508814479,0.027973418412471987,0.02816610810131114,0.028221247918957006,0.028076206224714177,0.028258107688361955,0.028263351964496523,0.028234133854602533,0.02803305332394753,0.028133593589275085,0.028221098082495892,0.02833677183038402,0.028210459693765257,0.02824087649534756,0.028208661656233387,0.028026910029046906,0.02831399668831275,0.028048186806508373,0.027783425779930686,0.02782433113378211,0.028122955200544652,0.028167007120076797,0.02827998381166687,0.02813134604236005,0.0281006295678562,0.028285078251340818,0.02806946358396961,0.028185287168318387,0.02830785339341203,0.028309351758021805,0.028203866889481576,0.02825960605297165,0.028071561294423276,0.02819592555704894,0.027940004881670203,0.02826529983848946,0.02826215327280853,0.028285228087801692,0.028224544321098565,0.028325384259348295,0.02809044068850876,0.028216902661588248,0.02821240756775853,0.027911086444697964,0.028143482795700888,0.027956037382996613,0.028209261002077726,0.028021366079990284,0.027885314573406973
