HitRate: 2751919/3000000 0.917306
CumReqs: 3000000
CumProbs: 0.6588734200262206
