HitRate: 2163860/3000000 0.721287
CumReqs: 3000000
CumProbs: 0.4283307961723997
