HitRate: 505315/3000000 0.168438
CumReqs: 93408,92979,93944,93619,94268,93921,93331,94188,93384,93754,93849,94145,93595,93629,93399,94193,94135,93959,93805,94010,94009,94137,93898,93325,93560,93483,94009,93691,93354,93618,94068,93333
CumProbs: 0.019475292419198906,0.019290661670799802,0.019405455061075494,0.019434012037474215,0.019570859330315087,0.019344665457850675,0.01943231558343066,0.019456348682379856,0.019526468782844007,0.01944616995811897,0.01938142196212623,0.019411958134908834,0.019401213925966755,0.019522227647735292,0.019357671605517456,0.019519400224329478,0.01948575388580037,0.01950554584964105,0.019528165236887485,0.019437404945561048,0.019456631424720573,0.01946539643727842,0.01950639407666276,0.019463417240894447,0.019331376567843377,0.019551350108815035,0.019386511324256523,0.019372374207227518,0.019402062152988474,0.019516007316242506,0.019399800214263865,0.019378594538720244
