HitRate: 16181125/30000000 0.539371
CumReqs: 30000000
CumProbs: 0.4605748263704052
