HitRate: 1883225/3000000 0.627742
CumReqs: 3000000
CumProbs: 0.6276238907537872
