HitRate: 122038/3000000 0.040679
CumReqs: 46757,46970,46601,46829,47051,46916,46746,46805,47067,47028,46689,47072,46948,46934,47041,46732,47019,46759,46728,46947,46593,47026,46772,46743,47246,47149,46997,46785,46832,46799,46782,46726,46876,46893,46843,46636,46964,46461,46990,47036,46611,46669,46455,46819,46784,47238,46627,46810,46920,47017,47156,47085,46848,46923,46793,46745,46895,47184,46874,47233,47086,46621,46757,47062
CumProbs: 0.0012638888888888882,0.0011631944444444433,0.0012795138888888882,0.0012135416666666653,0.0011979166666666653,0.0013090277777777779,0.0013003472222222212,0.001206597222222222,0.0012725694444444442,0.0012413194444444431,0.0011753472222222213,0.0012447916666666655,0.0012968749999999994,0.001201388888888888,0.0012899305555555563,0.0012118055555555552,0.0012690972222222222,0.001215277777777776,0.0012309027777777767,0.001286458333333333,0.0012621527777777785,0.0012968750000000003,0.0012274305555555545,0.001208333333333333,0.0011215277777777755,0.001265625,0.0011944444444444429,0.0012013888888888875,0.0012048611111111103,0.0012499999999999996,0.0012239583333333325,0.0012291666666666653,0.0012916666666666658,0.0011874999999999993,0.0011944444444444435,0.0012725694444444444,0.0011701388888888879,0.0011892361111111105,0.0012569444444444438,0.0012482638888888888,0.0012656249999999987,0.0012013888888888877,0.001291666666666666,0.0012239583333333317,0.0012673611111111115,0.0011979166666666655,0.0012413194444444433,0.0012170138888888886,0.0012013888888888877,0.0012482638888888886,0.0012795138888888878,0.0011406249999999986,0.0012256944444444438,0.0012048611111111101,0.001211805555555555,0.001230902777777777,0.0012725694444444444,0.0012534722222222214,0.001197916666666666,0.0012204861111111123,0.0011232638888888872,0.0012465277777777774,0.0012829861111111106,0.001177083333333332
