HitRate: 8997164/30000000 0.299905
CumReqs: 936858,937328,936664,937096,938259,937420,937391,935941,938539,937566,936566,938811,937710,938931,938937,936995,935865,937363,938062,937064,938145,936878,937787,937586,938416,937404,938400,937032,938419,936052,936231,938284
CumProbs: 0.028124999999997208,0.028124999999997208,0.028124999999997208,0.028124999999997208,0.028124999999997208,0.028124999999997208,0.028124999999997208,0.028124999999997208,0.028124999999997208,0.028124999999997208,0.028124999999997208,0.028124999999997208,0.028124999999997208,0.028124999999997208,0.028124999999997208,0.028124999999997208,0.028124999999997208,0.028124999999997208,0.028124999999997208,0.028124999999997208,0.028124999999997208,0.028124999999997208,0.028124999999997208,0.028124999999997208,0.028124999999997208,0.028124999999997208,0.028124999999997208,0.028124999999997208,0.028124999999997208,0.028124999999997208,0.028124999999997208,0.028124999999997208
