HitRate: 9794/3000000 0.003265
CumReqs: 23104,23294,23370,23449,23399,23610,23123,23498,23474,23267,23491,23677,23534,23349,23182,23421,23590,23153,23809,23418,23535,23438,23429,23377,23411,23363,23296,23565,23359,23272,23251,23526,23759,23537,23398,23409,23149,23482,23449,23428,23380,23667,23376,23568,23256,23446,23667,23483,23539,23636,23343,23823,23386,23409,23538,23322,23814,23370,23357,23330,23592,23706,23153,23786,23792,23363,23567,23407,23505,23345,23675,23574,23407,23040,23218,23509,23461,23624,23266,23217,23334,23426,23194,23309,23460,23318,23417,23430,23393,23182,23395,23319,23358,23651,23448,23519,23704,23548,23498,23284,23307,23392,23708,23611,23596,23294,23139,23412,23663,23441,23512,23359,23454,23484,23304,23270,23490,23379,23265,23463,23396,23526,23231,23370,23647,23595,23609,23334
CumProbs: 7.812499999999997e-05,7.812499999999997e-05,7.812499999999997e-05,7.812499999999997e-05,7.812499999999997e-05,7.812499999999997e-05,7.812499999999997e-05,7.812499999999997e-05,7.812499999999997e-05,7.812499999999997e-05,7.812499999999997e-05,7.812499999999997e-05,7.812499999999997e-05,7.812499999999997e-05,7.812499999999997e-05,7.812499999999997e-05,7.812499999999997e-05,7.812499999999997e-05,7.812499999999997e-05,7.812499999999997e-05,7.812499999999997e-05,7.812499999999997e-05,7.812499999999997e-05,7.812499999999997e-05,7.812499999999997e-05,7.812499999999997e-05,7.812499999999997e-05,7.812499999999997e-05,7.812499999999997e-05,7.812499999999997e-05,7.812499999999997e-05,7.812499999999997e-05,7.812499999999997e-05,7.812499999999997e-05,7.812499999999997e-05,7.812499999999997e-05,7.812499999999997e-05,7.812499999999997e-05,7.812499999999997e-05,7.812499999999997e-05,7.812499999999997e-05,7.812499999999997e-05,7.812499999999997e-05,7.812499999999997e-05,7.812499999999997e-05,7.812499999999997e-05,7.812499999999997e-05,7.812499999999997e-05,7.812499999999997e-05,7.812499999999997e-05,7.812499999999997e-05,7.812499999999997e-05,7.812499999999997e-05,7.812499999999997e-05,7.812499999999997e-05,7.812499999999997e-05,7.812499999999997e-05,7.812499999999997e-05,7.812499999999997e-05,7.812499999999997e-05,7.812499999999997e-05,7.812499999999997e-05,7.812499999999997e-05,7.812499999999997e-05,7.812499999999997e-05,7.812499999999997e-05,7.812499999999997e-05,7.812499999999997e-05,7.812499999999997e-05,7.812499999999997e-05,7.812499999999997e-05,7.812499999999997e-05,7.812499999999997e-05,7.812499999999997e-05,7.812499999999997e-05,7.812499999999997e-05,7.812499999999997e-05,7.812499999999997e-05,7.812499999999997e-05,7.812499999999997e-05,7.812499999999997e-05,7.812499999999997e-05,7.812499999999997e-05,7.812499999999997e-05,7.812499999999997e-05,7.812499999999997e-05,7.812499999999997e-05,7.812499999999997e-05,7.812499999999997e-05,7.812499999999997e-05,7.812499999999997e-05,7.812499999999997e-05,7.812499999999997e-05,7.812499999999997e-05,7.812499999999997e-05,7.812499999999997e-05,7.812499999999997e-05,7.812499999999997e-05,7.812499999999997e-05,7.812499999999997e-05,7.812499999999997e-05,7.812499999999997e-05,7.812499999999997e-05,7.812499999999997e-05,7.812499999999997e-05,7.812499999999997e-05,7.812499999999997e-05,7.812499999999997e-05,7.812499999999997e-05,7.812499999999997e-05,7.812499999999997e-05,7.812499999999997e-05,7.812499999999997e-05,7.812499999999997e-05,7.812499999999997e-05,7.812499999999997e-05,7.812499999999997e-05,7.812499999999997e-05,7.812499999999997e-05,7.812499999999997e-05,7.812499999999997e-05,7.812499999999997e-05,7.812499999999997e-05,7.812499999999997e-05,7.812499999999997e-05,7.812499999999997e-05,7.812499999999997e-05,7.812499999999997e-05
