HitRate: 642046/3000000 0.214015
CumReqs: 94084,93120,93532,93630,94356,93353,93660,93710,94033,94134,94377,94037,94745,94488,93982,93288,92836,93195,93796,93804,93448,94297,93618,94061,93935,93308,92602,93262,93747,93583,94299,93680
CumProbs: 0.0003664269013308958,0.0002931415210647166,0.0003174589426984943,0.0003514367099128137,0.00035476786356127644,0.00034344194115650315,0.00030413432810464356,0.0003241212499954197,0.0003191245195227257,0.0003587652479394317,0.0003757541315465914,0.0003784190544653615,0.000375421016181745,0.00034643997944011976,0.0003697580549793585,0.0004017371300046004,0.0003104635200367226,0.00034011078750804057,0.0003670931320605884,0.00029247529033502414,0.0003187914041578794,0.00028647921376779125,0.00034877178699404355,0.00034910490235888985,0.000339444556778348,0.0003237881346305735,0.00034977113308858233,0.0003474393255346585,0.0003534354021018912,0.0003900780922349809,0.00041106436022029575,0.0003874131693162107
