HitRate: 1343032/3000000 0.447677
CumReqs: 189418,191153,189265,189252,188053,187082,185204,184374,183480,188012,188548,189049,186494,184565,186245,189806
CumProbs: 0.0043111026180011535,0.003996377503967302,0.004606884404157568,0.0043293812677074476,0.004735499630272768,0.004482257247069193,0.004793326631161785,0.004330378284964159,0.003956829152784589,0.0048162580280660386,0.0041386186325908375,0.004916624431907878,0.004276871692187542,0.004709577181598386,0.0044383884877740795,0.003953838101014467
