HitRate: 2914085/3000000 0.971362
CumReqs: 3000000
CumProbs: 0.9979828611393886
