HitRate: 303596/3000000 0.101199
CumReqs: 187288,187865,187480,187340,187032,187311,187082,187621,187131,188181,187542,187710,187162,187910,188065,187280
CumProbs: 0.007202099159602189,0.007304003292388164,0.007302364962279073,0.007294173311733588,0.007252559726962445,0.007281066670860802,0.007246989404591519,0.00718899251872939,0.007209635478104037,0.0073295612420901475,0.00724633407254789,0.007250266064809714,0.007252232060940652,0.007254198057071559,0.0072568193852461105,0.007255508721158824
