HitRate: 1233021/3000000 0.411007
CumReqs: 45458,46752,46123,47211,47326,47298,46324,44443,43587,46424,47616,49164,46416,47087,49196,50760,48722,46066,44434,46050,48438,48498,48046,44914,45555,45068,47201,46767,48401,48154,47089,47379,45350,46319,42951,44607,45009,47002,46010,45053,45356,46781,48187,47350,46988,46086,46992,47678,49113,47786,48932,48740,48133,47297,45689,46617,45943,48397,48490,48050,47682,47144,46455,45846
CumProbs: 0.0007441132356645886,0.000616655557104867,0.0003843697617140429,0.000869241400516952,0.0006842114546182444,0.0007204853109185307,0.0005654062555429946,0.0008326347565441863,0.0005587505020934008,0.00043129282353367935,0.0005437750568318148,0.0005347897896748631,0.0004715601319037218,0.0005168192553609599,0.0006386195434885266,0.0008326347565441863,0.000658586803837308,0.0005527603239887663,0.0007351279685076371,0.0008323019688717066,0.0004888650908726658,0.000643611358575722,0.0007098361053991804,0.0005863718789092152,0.000502842173116813,0.0007753952768776796,0.000681216365565927,0.0004426076043979888,0.00065659007780243,0.0007577575302362556,0.00044660105646774495,0.0005001798717369753,0.0005624111664906774,0.0006492687490078767,0.0008625856470673586,0.0007604198316160934,0.0005723947966650683,0.0005218110704481553,0.0009650842501911034,0.000616655557104867,0.0006505998996977956,0.0005880358172716135,0.0008326347565441862,0.000608335865292875,0.0006875393313430411,0.0004479322071576639,0.00045691747431461546,0.0005893669679615323,0.0008655807361196756,0.0008699069758619116,0.0006319637900389327,0.0007331312424727589,0.0008925365375905304,0.0007717346124804029,0.0004785486730257954,0.0008635840100847976,0.0006555917147849909,0.0006083358652928747,0.0004998470840644956,0.0004119911385298572,0.0009125037979393123,0.0004432731797429482,0.0007281394273855636,0.0006119965296901513
