HitRate: 2957233/3000000 0.985744
CumReqs: 121372,54962,72044,97562,143187,43517,75066,75408,101894,50534,58766,55976,81028,180177,60424,52364,369447,64933,53665,58528,153756,72675,121699,92221,64271,58553,91510,76819,60280,43898,74844,218620
CumProbs: 0.040002990311768405,0.01791190440591527,0.023596651103166392,0.03207834869180167,0.04726143589219486,0.014039009058625877,0.0247113939079653,0.024730635365546684,0.03356025635930175,0.01640160770263937,0.019177739967787922,0.018280646437270644,0.02655825840205056,0.059600572575308215,0.019723755755877002,0.01705739442906178,0.12274409681544411,0.021190207170565734,0.017440961845766777,0.01906418382468447,0.05074950208785586,0.02375846860708882,0.04013862681603084,0.03030718829311869,0.020991483920134703,0.019109606281925838,0.03012896823519244,0.02521104093762044,0.01967423266013468,0.014128276804454425,0.024469771670139598,0.07249329545605084
