HitRate: 2898561/3000000 0.966187
CumReqs: 3000000
CumProbs: 0.9020693807744338
