HitRate: 2770427/3000000 0.923476
CumReqs: 47004,47037,46773,46910,46823,46563,46745,46962,46598,46826,46891,46903,46857,46795,46699,46954,47074,46247,47062,47243,47046,46758,46965,46719,46650,46871,46730,46632,47061,47066,46647,46799,46868,46638,46783,46765,46583,47461,46847,47033,46597,46758,47207,46785,46735,47105,46915,46603,47067,47009,47099,47060,46467,47146,46993,46904,46483,47038,47401,47064,47176,46557,47249,46694
CumProbs: 0.013680555555555578,0.013715277777777802,0.013784722222222255,0.013611111111111142,0.013611111111111143,0.01364583333333336,0.013715277777777809,0.013750000000000026,0.013715277777777805,0.013750000000000026,0.01364583333333336,0.013750000000000026,0.01378472222222225,0.013680555555555581,0.01375000000000003,0.013715277777777804,0.013645833333333366,0.01375000000000003,0.013750000000000024,0.013680555555555581,0.013611111111111135,0.013715277777777807,0.013611111111111136,0.013750000000000031,0.013750000000000031,0.01371527777777781,0.013784722222222249,0.0137152777777778,0.013715277777777809,0.013611111111111138,0.01371527777777781,0.013715277777777805,0.013645833333333364,0.013750000000000024,0.013715277777777804,0.013715277777777805,0.01364583333333336,0.013715277777777802,0.013680555555555585,0.013715277777777805,0.013715277777777809,0.013680555555555583,0.013680555555555585,0.013645833333333364,0.013784722222222247,0.013611111111111135,0.013819444444444474,0.013750000000000028,0.013680555555555583,0.013611111111111143,0.013680555555555586,0.013645833333333364,0.013645833333333359,0.013680555555555583,0.01371527777777781,0.013645833333333364,0.01375000000000003,0.01378472222222225,0.013680555555555583,0.013680555555555581,0.013680555555555581,0.013715277777777807,0.013645833333333362,0.013819444444444471
