HitRate: 396293/3000000 0.132098
CumReqs: 3000000
CumProbs: 0.13214309915664607
