HitRate: 1897387/3000000 0.632462
CumReqs: 3000000
CumProbs: 0.638385899987602
