HitRate: 110821/3000000 0.036940
CumReqs: 46594,46653,46940,46724,46911,46713,46724,46560,46812,47029,46992,47020,46918,47037,46897,46892,46963,46870,46870,46765,46759,47133,46703,46813,46641,46725,46890,47062,46792,46956,46794,46814,47092,46754,46754,46829,46648,46977,46734,47522,46855,47017,46911,47319,47022,46933,46783,47135,47139,47047,46999,46779,47040,46541,46736,47093,47158,46585,46831,46586,46981,46966,46807,46461
CumProbs: 0.0014444444444444387,0.0014097222222222165,0.0013784722222222167,0.0014201388888888831,0.00139930555555555,0.0014131944444444387,0.001364583333333328,0.0013784722222222167,0.0013749999999999945,0.0013611111111111055,0.00139930555555555,0.0014201388888888831,0.001395833333333328,0.001402777777777772,0.0013749999999999945,0.0014409722222222165,0.0014236111111111053,0.001381944444444439,0.0013923611111111055,0.0013749999999999945,0.0013958333333333277,0.0014270833333333275,0.0014166666666666611,0.0014097222222222165,0.0014027777777777723,0.0013993055555555497,0.0014062499999999945,0.0014374999999999941,0.0014340277777777717,0.0014062499999999943,0.0013680555555555499,0.0014444444444444385,0.0013715277777777723,0.0014270833333333277,0.0013923611111111053,0.001371527777777772,0.001416666666666661,0.0013784722222222167,0.0013958333333333277,0.001423611111111105,0.0014965277777777718,0.001381944444444439,0.00139930555555555,0.0014340277777777721,0.0014097222222222165,0.001416666666666661,0.0014131944444444387,0.0014166666666666611,0.0014305555555555495,0.0014270833333333275,0.001416666666666661,0.0013784722222222167,0.0014340277777777717,0.001434027777777772,0.00133680555555555,0.00133680555555555,0.001371527777777772,0.0013923611111111053,0.0014583333333333275,0.0014305555555555497,0.0013819444444444387,0.0014340277777777721,0.0013958333333333277,0.0014097222222222165
