HitRate: 999283/30000000 0.033309
CumReqs: 234872,233995,234867,235019,234700,234339,234905,235277,235046,234337,234330,233931,235047,234348,233135,233782,234035,233600,234776,233782,234675,235087,235108,233604,234952,233299,234547,235418,234196,234006,234773,235223,234853,235422,233818,234490,234041,234410,233951,234085,234626,233983,233911,233359,234903,234551,234574,235154,234035,235452,234400,234441,234304,234315,234710,234234,234697,233536,234684,234290,234809,233792,234183,234932,233112,233991,235387,233760,234792,234741,234188,234135,233539,234313,233945,234816,234125,234125,233144,235500,234195,233905,233412,234807,234143,234160,234932,233663,234370,234316,234341,234185,233756,234448,234219,235256,234038,234337,235261,234745,234378,235029,234684,234111,234001,234671,234309,233967,234774,233540,233639,234282,234786,234629,234969,234040,234392,234343,234810,233871,234186,233905,234452,234598,234081,235032,234307,234156
CumProbs: 0.0007812499999999903,0.0007812499999999903,0.0007812499999999903,0.0007812499999999903,0.0007812499999999903,0.0007812499999999903,0.0007812499999999903,0.0007812499999999903,0.0007812499999999903,0.0007812499999999903,0.0007812499999999903,0.0007812499999999903,0.0007812499999999903,0.0007812499999999903,0.0007812499999999903,0.0007812499999999903,0.0007812499999999903,0.0007812499999999903,0.0007812499999999903,0.0007812499999999903,0.0007812499999999903,0.0007812499999999903,0.0007812499999999903,0.0007812499999999903,0.0007812499999999903,0.0007812499999999903,0.0007812499999999903,0.0007812499999999903,0.0007812499999999903,0.0007812499999999903,0.0007812499999999903,0.0007812499999999903,0.0007812499999999903,0.0007812499999999903,0.0007812499999999903,0.0007812499999999903,0.0007812499999999903,0.0007812499999999903,0.0007812499999999903,0.0007812499999999903,0.0007812499999999903,0.0007812499999999903,0.0007812499999999903,0.0007812499999999903,0.0007812499999999903,0.0007812499999999903,0.0007812499999999903,0.0007812499999999903,0.0007812499999999903,0.0007812499999999903,0.0007812499999999903,0.0007812499999999903,0.0007812499999999903,0.0007812499999999903,0.0007812499999999903,0.0007812499999999903,0.0007812499999999903,0.0007812499999999903,0.0007812499999999903,0.0007812499999999903,0.0007812499999999903,0.0007812499999999903,0.0007812499999999903,0.0007812499999999903,0.0007812499999999903,0.0007812499999999903,0.0007812499999999903,0.0007812499999999903,0.0007812499999999903,0.0007812499999999903,0.0007812499999999903,0.0007812499999999903,0.0007812499999999903,0.0007812499999999903,0.0007812499999999903,0.0007812499999999903,0.0007812499999999903,0.0007812499999999903,0.0007812499999999903,0.0007812499999999903,0.0007812499999999903,0.0007812499999999903,0.0007812499999999903,0.0007812499999999903,0.0007812499999999903,0.0007812499999999903,0.0007812499999999903,0.0007812499999999903,0.0007812499999999903,0.0007812499999999903,0.0007812499999999903,0.0007812499999999903,0.0007812499999999903,0.0007812499999999903,0.0007812499999999903,0.0007812499999999903,0.0007812499999999903,0.0007812499999999903,0.0007812499999999903,0.0007812499999999903,0.0007812499999999903,0.0007812499999999903,0.0007812499999999903,0.0007812499999999903,0.0007812499999999903,0.0007812499999999903,0.0007812499999999903,0.0007812499999999903,0.0007812499999999903,0.0007812499999999903,0.0007812499999999903,0.0007812499999999903,0.0007812499999999903,0.0007812499999999903,0.0007812499999999903,0.0007812499999999903,0.0007812499999999903,0.0007812499999999903,0.0007812499999999903,0.0007812499999999903,0.0007812499999999903,0.0007812499999999903,0.0007812499999999903,0.0007812499999999903,0.0007812499999999903,0.0007812499999999903,0.0007812499999999903,0.0007812499999999903
