HitRate: 11083/3000000 0.003694
CumReqs: 375512,373911,375823,373741,375252,374881,375456,375424
CumProbs: 0.0012222222222222228,0.001083333333333334,0.0011388888888888894,0.0010000000000000005,0.0009444444444444451,0.0011111111111111118,0.0011111111111111118,0.0010277777777777783
