HitRate: 1822158/3000000 0.607386
CumReqs: 47558,47107,46972,47431,46310,46144,46642,47012,46455,46840,46998,48416,47289,46420,45413,46890,45803,46529,46815,47328,47925,46828,47668,46139,47614,47082,46541,46313,45470,47283,47722,47084,46918,47401,47268,46407,47496,46817,47469,47274,46947,47408,47112,47509,46138,46559,47564,46988,47651,47126,46056,46528,47167,46364,45246,46488,46685,46498,46528,47646,46724,46576,46902,46499
CumProbs: 0.0019131337583502836,0.0018121318389858882,0.0017862255025255407,0.0017688453021154334,0.0018052453444837716,0.001773436298450177,0.0018508273795215975,0.0018501715229023489,0.001768845302115432,0.001966914001128729,0.0018203300467265063,0.001841645386852108,0.0018495156662831005,0.0018357426772788628,0.0017475299619898283,0.0018140994088436358,0.001769173230425058,0.0018419733151617329,0.001846892239806104,0.0018144273371532608,0.0019200202528524028,0.0019354328834047623,0.0018823084972455658,0.0018403336736136095,0.001851483236140849,0.0019095265469444133,0.0017836020760485433,0.0017895047856217876,0.0017580236678978204,0.0018337751074211162,0.0018996886976556733,0.0018527949493793475,0.0018511553078312238,0.001857058017404466,0.0017822903628100435,0.0018878832785091868,0.0018613210854295887,0.0018937859880824308,0.0019151013282080337,0.0018924742748439311,0.0018675517233124556,0.0019511734422667443,0.0017895047856217859,0.0017934399253372816,0.0018229534732035011,0.00181508319377251,0.0018911625616054334,0.0016596451750104204,0.0020190546023590504,0.001953468940434119,0.001756056098040071,0.0017921282120987854,0.0018075408426511444,0.0018436129567098555,0.001785569645906291,0.0018639445119065846,0.0018344309640403655,0.001837382318826988,0.0018616490137392122,0.0018144273371532595,0.0018862436369610617,0.001836070605588488,0.0018190183334880071,0.001896737342869051
