HitRate: 2961059/3000000 0.987020
CumReqs: 3000000
CumProbs: 0.988320404323234
