HitRate: 1617407/3000000 0.539136
CumReqs: 3000000
CumProbs: 0.4608437499980187
