HitRate: 1142768/3000000 0.380923
CumReqs: 186514,187694,186829,186032,188662,186393,188223,187751,187502,189446,187130,184942,188036,187666,188239,188941
CumProbs: 0.000595781943808566,0.0006544271463311096,0.0006870818613720712,0.0006614245852684583,0.0006261041792037447,0.0006674223900719004,0.0006544271463311095,0.0005954487324305971,0.0006394326343225047,0.0006574260487328304,0.0006790847883008152,0.000591783407272938,0.0006051118623916978,0.0006394326343225047,0.0006547603577090783,0.0007250679584605367
