HitRate: 3965569/30000000 0.132186
CumReqs: 1876225,1873955,1871707,1873467,1875182,1873277,1876178,1879197,1875246,1875286,1874557,1874668,1873959,1874557,1875083,1877456
CumProbs: 0.008258647098661719,0.008173087372994076,0.008262918999045632,0.008265162179470197,0.00833462547796285,0.00818020337018571,0.008313191696993606,0.008228270847541321,0.008230942775286201,0.008232710498612947,0.008214223339852264,0.008359354845973532,0.008248573663356901,0.008330676778683915,0.008260111803048954,0.008247032744168206
