HitRate: 26999072/30000000 0.899969
CumReqs: 30000000
CumProbs: 0.9000000000094768
