HitRate: 2969378/3000000 0.989793
CumReqs: 16760,34728,37315,13717,21042,16052,21116,16128,14054,20721,12464,51766,17589,13284,34849,21735,11177,34468,16155,17822,15780,18900,14087,16049,14322,24923,16184,24623,48403,14670,24457,14238,22817,43943,26075,28607,15330,28407,16546,11500,23648,33045,10140,37822,20089,18606,36340,14587,17793,14487,32018,21586,69810,16930,13113,23034,36581,11715,25462,52881,14387,14212,18846,18662,16361,30883,40393,21034,36453,16598,14508,22478,37831,18770,16939,14203,17590,34582,20009,16299,31991,17139,19879,23457,18800,18899,20752,15519,13322,31764,35015,24299,42902,19160,17466,15088,40466,38951,18804,36415,28598,20971,26285,15239,14282,20745,13955,19082,39042,16640,22395,24482,16792,31969,17112,17940,24807,20459,12466,81127,15447,22907,22016,10592,24376,13613,19200,33845
CumProbs: 0.005869343867586876,0.010209938639504318,0.009458052464563722,0.006235190990763415,0.005611250827773384,0.008015334382165302,0.008129691513265466,0.010168215033512956,0.0049829086329585895,0.007472640415245588,0.005994036203840903,0.011523083872103866,0.005625318190343863,0.004637253438369655,0.010035292811673492,0.005221958100312734,0.004890178875606224,0.008591234980458903,0.006348591158423412,0.00680324448884757,0.006843628346022679,0.005989634172016126,0.004974774443717146,0.005493544324632614,0.006521610148405923,0.010206972052839786,0.008053995705148115,0.00786566530012293,0.010219125488529907,0.004803573684270962,0.0057393882324119835,0.006616540921670635,0.007758294002135977,0.011616483503864287,0.009758347592088682,0.011310542292042397,0.006878461815244838,0.010566503217311162,0.011736869504637454,0.005323300528626626,0.009350681166576807,0.009133833251034533,0.004852761605095658,0.008180889057314459,0.006612425978877917,0.007085453007353326,0.010630715464146494,0.008640231508595499,0.005360909191825228,0.005733933540803025,0.010596647565676454,0.0075135984504848315,0.01235803447365111,0.007771595793954341,0.006400649969568606,0.007150143735908721,0.006438737114487296,0.00440136195036804,0.007002579973434707,0.009879499163614048,0.008798513261599427,0.006814440961097517,0.012014484598630517,0.005165018775622714,0.006669748088944029,0.008288068962613403,0.010408699946027286,0.00834424271655132,0.009201012084534398,0.008415632189187913,0.0054256956167246725,0.010186971516940231,0.007895139774080115,0.007689009849067787,0.00733608173233353,0.005746661154557248,0.0061715529219921895,0.010267165053226356,0.010081418449489584,0.008505969537939839,0.009081870136233364,0.006457015116194515,0.006110594350853431,0.0072865110261327885,0.007024207347182561,0.007627381403520887,0.009411065559651427,0.006741711739644735,0.004807210145343615,0.0063489739437994405,0.00834969740816026,0.008447690464433555,0.014944802348771165,0.00646639335790817,0.00816347232270344,0.00504109201012085,0.008390176961679447,0.011548921884988413,0.006453282958777865,0.008619848187319883,0.009368767775595966,0.00801246349184481,0.00796203151854791,0.006690705588283727,0.00687434687245209,0.006491752889072667,0.005507803079891138,0.00682975237614023,0.0075039331197391075,0.006217869952496373,0.006557687670100285,0.007996864987770044,0.007543934191538157,0.00711100393120584,0.00715473716042155,0.006004275712650681,0.010101514681733216,0.006585152520833119,0.005495075466136896,0.01634857201915465,0.0047247198968010705,0.007131482948825471,0.005584647244136712,0.005379857067940587,0.013262556317298554,0.005853171185448044,0.005570579881566224,0.009118904621367923
