HitRate: 122265/30000000 0.004076
CumReqs: 1875097,1876068,1875774,1874584,1874945,1873894,1874554,1876380,1872465,1874387,1877091,1875941,1875207,1875069,1873348,1875196
CumProbs: 0.0005083333333333315,0.0004958333333333315,0.0005111111111111091,0.0004999999999999982,0.00048749999999999824,0.00047361111111110933,0.0004798611111111094,0.0004840277777777761,0.0004861111111111093,0.0004784722222222205,0.0004986111111111092,0.0004861111111111094,0.0004729166666666651,0.0004909722222222203,0.0005145833333333314,0.0005034722222222204
