HitRate: 2404982/3000000 0.801661
CumReqs: 3000000
CumProbs: 0.8671480000898308
