HitRate: 1215591/30000000 0.040520
CumReqs: 235085,234144,234855,234350,234447,234427,235068,233557,234033,234060,234902,235153,234632,234840,233743,233969,234294,234940,234515,235060,234127,234290,233820,233811,233744,234489,233798,234766,234943,234886,233577,234820,234865,234895,234950,234323,234279,233863,234332,234713,233681,234257,233745,233808,234985,234740,234279,233755,235123,234265,234498,234930,233974,234557,234299,234236,234642,234032,233840,234476,234246,234568,234280,234374,235425,234786,234943,235700,233808,233695,234501,234357,235619,234771,234365,233899,234216,233793,234458,235133,234412,233853,234563,234282,234173,234764,234812,233224,234237,233569,233591,234692,234007,234422,233654,234158,234614,233914,234187,234150,234469,234378,235444,233656,234540,234305,233461,233835,234881,234995,233086,234244,233944,234508,234646,235139,233112,234686,234343,234504,234434,234742,234029,233834,235494,234028,235165,234396
CumProbs: 0.0006098090277778058,0.0006166666666666937,0.0006060763888889175,0.0006123263888889165,0.0006092013888889179,0.0006164930555555833,0.0006150173611111399,0.0006170138888889161,0.000605208333333361,0.000612065972222251,0.000613107638888918,0.0006250000000000273,0.0005991319444444734,0.0006090277777778053,0.0006151041666666962,0.0006127604166666952,0.0006085069444444738,0.0006176215277778037,0.0006164930555555834,0.0006129340277778054,0.0006032118055555815,0.0006063368055555811,0.0006138888888889175,0.0006172743055555823,0.0006134548611111398,0.0006149305555555838,0.0006121527777778062,0.0006018229166666959,0.0006052951388889176,0.0006010416666666951,0.0006051215277778069,0.0006068576388889177,0.0006155381944444716,0.0006069444444444736,0.0006217881944444716,0.000614149305555583,0.0006050347222222511,0.0006032118055555836,0.0006158854166666951,0.0006082465277778053,0.000612847222222251,0.0006081597222222513,0.0006115451388889167,0.0006086805555555841,0.0006072916666666941,0.0006087673611111384,0.0006134548611111384,0.0006112847222222497,0.0006134548611111394,0.000614409722222252,0.0006048611111111403,0.0006242187500000287,0.0005995659722222519,0.0006090277777778072,0.0006047743055555835,0.0006038194444444718,0.000614062500000027,0.0006219618055555838,0.0006070312500000278,0.000617621527777805,0.0006130208333333605,0.0006164930555555848,0.0006046875000000263,0.0006123263888889162,0.0006230902777778049,0.0006001736111111378,0.0006200520833333612,0.0006177083333333594,0.0005997395833333613,0.0006170138888889177,0.0006105902777778041,0.0006114583333333608,0.000616059027777804,0.0006047743055555836,0.0006198784722222499,0.0006191840277778071,0.0006137152777778069,0.000608593750000027,0.0006219618055555845,0.0006103298611111392,0.0006131076388889166,0.0006192708333333618,0.0006133680555555837,0.0006159722222222508,0.0006035590277778062,0.0006085069444444723,0.000626996527777806,0.0006098958333333636,0.0006114583333333618,0.0006139756944444712,0.0006159722222222508,0.0006101562500000284,0.0006019965277778065,0.0006234375000000271,0.0006125000000000277,0.0006154513888889177,0.000623697916666696,0.0006078125000000284,0.0006108506944444721,0.0006092881944444742,0.0006063368055555841,0.0006125868055555827,0.0006107638888889165,0.0006047743055555827,0.0006097222222222511,0.0006200520833333618,0.0006025173611111387,0.0006086805555555827,0.0006156250000000283,0.0005992187500000268,0.0006128472222222513,0.0006110243055555832,0.0006137152777778075,0.0006094618055555823,0.0006122395833333619,0.0006020833333333622,0.0006034722222222501,0.000611805555555582,0.0006038194444444743,0.0006105902777778047,0.0006117187500000297,0.0006040798611111379,0.0006227430555555835,0.00061927083333336,0.0006084201388889161,0.0006153645833333628,0.0006105902777778064,0.0006010416666666941
