HitRate: 907642/3000000 0.302547
CumReqs: 46756,46984,46704,46778,46635,47020,46827,46969,46956,46491,46948,47044,46710,46568,46727,46803,47284,46594,46497,46784,47081,47070,46779,46837,46365,46717,46850,47169,47170,47027,46878,47017,46777,46793,47343,47352,47131,46530,46720,46678,47124,46848,46642,46704,46913,47403,47087,46820,46803,47107,46931,47047,46766,46889,47170,46952,46651,46911,46841,46734,46461,47046,46792,46995
CumProbs: 0.018190613541075328,0.01821029396251958,0.01808847215377874,0.018095557105498813,0.018257526973986176,0.018169358685915377,0.0181156311353721,0.018123700108164168,0.01815420476140313,0.01818628384835748,0.018192384779005238,0.01820635787823072,0.01819671447172304,0.018060919563756616,0.018121338457590883,0.01815951847519303,0.018231942426108552,0.01821009715830515,0.018085126482133236,0.018184709414641908,0.018269138422638387,0.018248867588550682,0.018210687570948597,0.018105003707792174,0.018117599177516583,0.01813432753574426,0.01818864549893072,0.01823371366403851,0.01825339408548282,0.018247883567478466,0.018176640441849808,0.018209309941447423,0.01822643190810398,0.018223283040672902,0.018113466289013072,0.018351008975847044,0.018293542145229453,0.018173097965989652,0.018116811960658757,0.01825516532341282,0.01822584149546078,0.018224070257530707,0.018161092908908695,0.0181148439185144,0.01821600128473852,0.018238043356756262,0.01820576746558746,0.01818451261042743,0.01820025694758306,0.018150071872899742,0.018124880933451083,0.018185299827285308,0.018190613541075266,0.018315584217247192,0.01818470941464199,0.018192778387434116,0.01818274137249742,0.018122912891306464,0.01827799461228826,0.01820596426980183,0.01814652939703981,0.018169949098558576,0.018185890239928507,0.018217182110025168
