HitRate: 1059768/3000000 0.353256
CumReqs: 93398,93814,93791,93402,94324,93707,93864,93856,93726,94079,93779,93861,93722,93855,93704,94205,93510,93519,94121,93435,93779,93578,93867,93564,93754,93738,93802,93753,93650,93183,93945,93715
CumProbs: 0.023079861111110992,0.02305555555555542,0.023076388888888764,0.022815972222222133,0.023052083333333213,0.02306944444444437,0.02286458333333328,0.023326388888888782,0.02333680555555544,0.022993055555555388,0.0233368055555555,0.023319444444444358,0.02313888888888878,0.023229166666666596,0.023368055555555406,0.023277777777777665,0.02292708333333324,0.0230694444444443,0.022975694444444358,0.02312152777777762,0.023184027777777644,0.023309027777777713,0.023527777777777596,0.022940972222222127,0.02308333333333329,0.022982638888888768,0.023208333333333175,0.023045138888888803,0.023493055555555392,0.023277777777777647,0.023190972222222123,0.02303124999999991
