HitRate: 2965748/3000000 0.988583
CumReqs: 3000000
CumProbs: 0.9923981780384181
