HitRate: 396748/3000000 0.132249
CumReqs: 3000000
CumProbs: 0.1321836041546202
