HitRate: 2903773/3000000 0.967924
CumReqs: 3000000
CumProbs: 0.9102460197092577
