HitRate: 2127333/3000000 0.709111
CumReqs: 393961,329153,262906,446214,415998,373777,416827,361164
CumProbs: 0.049057720638362334,0.041322948917052155,0.03579763690236681,0.05484042606257917,0.054915914827390125,0.05070450637996454,0.0507763370989036,0.04888945052825506
