HitRate: 303156/3000000 0.101052
CumReqs: 94683,93845,93839,93976,93927,93673,93693,93350,93344,94437,93723,94004,93459,94260,93557,93388,93782,93818,93802,93569,93180,93980,93932,93396,93988,93572,93340,94145,93495,93635,93834,93374
CumProbs: 0.0033425416199058403,0.0032455889872434265,0.0032259992429725937,0.0032259992429725945,0.0033096706930785123,0.0032276593907921585,0.0032372882481456165,0.0032525616080855842,0.0032186945925665204,0.0032741435297398884,0.003230979686431281,0.0032847684757850836,0.003210393853468717,0.003278791943634665,0.003255549874160797,0.003220354740386086,0.003228987509047805,0.0032246711247169465,0.0032834403575294343,0.003235296070762141,0.0032807841210181344,0.0032130500899800146,0.0032555498741607958,0.003213382119543927,0.003317307373048497,0.003292737185318982,0.0031991048482956936,0.0032472491350629875,0.0032807841210181357,0.003179847133588776,0.003286428623604644,0.003189475990942232
