HitRate: 29401354/30000000 0.980045
CumReqs: 3751157,3748733,3749795,3753496,3748957,3749259,3748940,3749663
CumProbs: 0.122469453398413,0.12255176080706737,0.12246721825274233,0.12255154098342702,0.1225240721948429,0.12247251273517124,0.12244152965023956,0.12248022857622345
