HitRate: 11354/3000000 0.003785
CumReqs: 46745,46577,46709,47027,46815,46827,46378,46805,46786,46714,47094,47072,47161,46657,46891,46747,46947,47273,47313,46503,46738,46854,46682,47024,46820,46857,46771,46872,46631,46683,46956,47019,46844,46791,46871,47007,46582,47244,46813,47009,47171,46971,46996,47192,47157,47094,46542,46855,47062,47283,46693,47250,46674,46587,46951,46944,46723,46969,46936,46760,46608,46956,46506,47011
CumProbs: 0.00013541666666666674,0.0001284722222222223,0.00014236111111111117,0.00013541666666666674,0.0001423611111111112,0.00014236111111111114,0.00012847222222222229,0.00014583333333333343,0.0001423611111111112,0.00015277777777777786,0.00014236111111111117,0.0001458333333333334,0.00013541666666666674,0.00012500000000000006,0.00014236111111111117,0.00012152777777777784,0.0001319444444444445,0.00015277777777777786,0.00013888888888888897,0.00013888888888888894,0.00014236111111111117,0.00014583333333333343,0.00015625000000000008,0.00014236111111111117,0.00014930555555555563,0.0001319444444444445,0.00013888888888888894,0.00015277777777777786,0.00015277777777777783,0.0001319444444444445,0.00015277777777777786,0.00013888888888888894,0.00013541666666666671,0.0001319444444444445,0.0001458333333333334,0.0001458333333333334,0.00014930555555555566,0.00015972222222222229,0.00014236111111111114,0.0001319444444444445,0.00013888888888888897,0.0001319444444444445,0.00012847222222222229,0.0001354166666666667,0.0001458333333333334,0.00014930555555555563,0.00014583333333333343,0.00012152777777777786,0.0001458333333333334,0.00014236111111111117,0.00015625000000000008,0.0001458333333333334,0.000138888888888889,0.00013888888888888897,0.00012500000000000006,0.00013194444444444454,0.00013888888888888894,0.00014236111111111117,0.00013888888888888894,0.00013541666666666671,0.00012847222222222229,0.00012152777777777786,0.0001493055555555556,0.00014930555555555563
