HitRate: 1623431/3000000 0.541144
CumReqs: 3000000
CumProbs: 0.5417369990751071
