HitRate: 30226/3000000 0.010075
CumReqs: 3000000
CumProbs: 0.01071212995398949
